9744, 3
9929, 1
5287, 1
6633, 5
5975, 1
9509, 3
5480, 5
6240, 1
9909, 1
5367, 1
7630, 1
5912, 1
8547, 1
8260, 1
8553, 14
10168, 2
10192, 2
8575, 2
8646, 1
8644, 2
8829, 1
8560, 3
8561, 1
8607, 1
8562, 1
8725, 2
5989, 4
5095, 1
6198, 2
9493, 2
5135, 1
6239, 2
6204, 2
6232, 1
6056, 1
7342, 1
6092, 1
9674, 2
5235, 1
5241, 51
5242, 8
5138, 1
9786, 1
6992, 1
9338, 1
6571, 5
5011, 1
9428, 1
5898, 1
5564, 2
5438, 1
9658, 2
6110, 1
4980, 2
5356, 2
5017, 1
9293, 1
6836, 1
4789, 5
5588, 1
5224, 1
5041, 1
9574, 2
4724, 4
7829, 1
5897, 2
5574, 1
9463, 1
5074, 2
6036, 1
5479, 3
6261, 3
7703, 2
5725, 4
5523, 4
5096, 2
8831, 1
9865, 6
4527, 1
5062, 4
5091, 4
7791, 1
9379, 4
6617, 1
4432, 5
9675, 2
5493, 3
6863, 1
9552, 1
6325, 1
6276, 1
4364, 2
4365, 1
4491, 20
9836, 1
6607, 2
9202, 4
8303, 1
6557, 4
8753, 1
4585, 2
7142, 1
6017, 1
6857, 3
5577, 1
4556, 1
4135, 1
4464, 1
5616, 1
7525, 1
4564, 1
6934, 1
4691, 1
4762, 2
4889, 7
9676, 2
4530, 6
5599, 1
7452, 2
4644, 49
5996, 2
5547, 1
5892, 3
5824, 1
4740, 1
6417, 1
4966, 1
4111, 1
6012, 2
5106, 3
5012, 2
4551, 1
8592, 2
4359, 1
6033, 2
9526, 1
6567, 1
6798, 1
6727, 4
6724, 6
6729, 7
6728, 2
6732, 2
6735, 12
6733, 15
6731, 6
6726, 1
6958, 3
6531, 1
6983, 1
6718, 63
9384, 1
5656, 1
5207, 1
5785, 1
8991, 1
4813, 1
6973, 1
6971, 2
9732, 1
6256, 2
9400, 1
6706, 8
6642, 1
5679, 1
6711, 11
6927, 2
5670, 8
5669, 2
5674, 16
5739, 18
8769, 1
5740, 10
6944, 3
8906, 1
5594, 3
6594, 3
5661, 1
5677, 6
5681, 2
5753, 3
5708, 6
5709, 4
5723, 4
5710, 6
5735, 2
5747, 1
5745, 1
5604, 3
6949, 7
5361, 1
8970, 6
5365, 2
6933, 1
5370, 2
5362, 2
5352, 2
5369, 3
5392, 1
5234, 1
5398, 1
5418, 13
8974, 15
5659, 1
6914, 1
5386, 1
5171, 2
5176, 3
5303, 3
5584, 2
5165, 8
5736, 48
5002, 2
5153, 1
7517, 1
7502, 1
7504, 5
6132, 2
7444, 3
7015, 2
5942, 2
6133, 1
6066, 3
8567, 1
9389, 2
9424, 1
7229, 1
7105, 4
7221, 1
6126, 1
5571, 1
9042, 1
5654, 2
4082, 4
6366, 1
8455, 1
8539, 1
8434, 2
8950, 2
5612, 2
7819, 1
6956, 2
6855, 2
8863, 1
5553, 1
9367, 1
8550, 2
9187, 1
4420, 1
5603, 1
9366, 1
3787, 2
6464, 1
5836, 4
9425, 1
6818, 3
9144, 1
9320, 2
9402, 1
7317, 2
6408, 1
5746, 1
6425, 1
5909, 3
4399, 1
6774, 1
5794, 1
6968, 2
6740, 2
5442, 1
5980, 1
6876, 1
5986, 2
5939, 3
5585, 3
9283, 2
9210, 3
7240, 1
5364, 3
5800, 2
5476, 1
9045, 1
5843, 1
8689, 1
7031, 1
5358, 4
8014, 1
8267, 1
5726, 3
5727, 11
4594, 2
5194, 12
8992, 1
5246, 1
5878, 1
5211, 4
5509, 2
9226, 1
8714, 2
8809, 2
5178, 1
5597, 2
6364, 2
5672, 1
6282, 3
6284, 10
9108, 1
8723, 1
5705, 1
6136, 1
5546, 2
5618, 1
9190, 1
5750, 2
8208, 1
9067, 1
5093, 2
8882, 1
5487, 3
8701, 1
6693, 11
4211, 3
8128, 1
5239, 4
9025, 1
9141, 6
9118, 7
8186, 2
6209, 1
6411, 2
8691, 1
6179, 4
8823, 1
5595, 2
5649, 2
5068, 2
5562, 2
8865, 1
6759, 1
6643, 1
3922, 2
4935, 2
6037, 1
5186, 4
8904, 1
9102, 1
3952, 2
8826, 3
5629, 1
5638, 1
9046, 2
5344, 1
9250, 1
7964, 2
5414, 2
9700, 3
7963, 1
6257, 1
7992, 1
6272, 1
6562, 1
6350, 8
5923, 1
8889, 1
5006, 1
6375, 1
9035, 2
5555, 1
5982, 3
5920, 1
8036, 3
6880, 2
8901, 2
6329, 5
6243, 2
8633, 2
8310, 2
5828, 2
6164, 4
8775, 1
4590, 15
4831, 1
6837, 1
4792, 1
6480, 1
6080, 2
6514, 9
6523, 1
6509, 8
6529, 26
6532, 7
6714, 1
8304, 2
6420, 2
8886, 1
5927, 1
5314, 1
7912, 1
8626, 1
4741, 1
5123, 6
6076, 4
5810, 1
4515, 2
5086, 4
4631, 2
4941, 3
5901, 2
6301, 6
9000, 3
7220, 1
8754, 1
5773, 1
8888, 2
8593, 1
4415, 7
7180, 1
4226, 2
7893, 1
8510, 1
4339, 1
6321, 1
5880, 1
6503, 1
8917, 1
4384, 1
6265, 3
5652, 1
5271, 1
6230, 3
6917, 4
4521, 6
4528, 1
4479, 1
6235, 1
4419, 3
4441, 26
6237, 2
6233, 2
5071, 2
4753, 1
4519, 4
4002, 1
3905, 13
5678, 1
7798, 1
4647, 1
6488, 1
4492, 1
5769, 2
6454, 3
8289, 4
5891, 1
4470, 2
5169, 5
6091, 2
4418, 5
5210, 1
4347, 1
4457, 19
3966, 3
5683, 2
8801, 4
6266, 1
8313, 1
4962, 6
7942, 1
6248, 1
4478, 1
5470, 2
5127, 2
7840, 1
5696, 7
5120, 1
4769, 1
5116, 2
5825, 9
5729, 1
5780, 15
5786, 2
7855, 4
7853, 4
5728, 1
5742, 8
5778, 9
5779, 53
5776, 3
8786, 12
5775, 23
5748, 51
7977, 5
5752, 2
5518, 2
5634, 3
4877, 1
7938, 2
8047, 2
5451, 2
5644, 1
5514, 2
5764, 49
5495, 3
7832, 2
7799, 3
4851, 5
5448, 5
8068, 4
5688, 2
5756, 10
5459, 5
4422, 3
5304, 1
5343, 1
5621, 2
5293, 1
5277, 6
5403, 1
5757, 39
5763, 4
6556, 2
8067, 3
5290, 1
5759, 6
5761, 3
5772, 4
8199, 1
4203, 1
5811, 1
7426, 1
8359, 1
8659, 2
8618, 12
6029, 3
7606, 2
5973, 3
5950, 2
5149, 1
8511, 3
4968, 1
5818, 1
5698, 1
5205, 1
6102, 1
7562, 2
6202, 13
5831, 4
8733, 2
4803, 1
6044, 2
5673, 9
6195, 2
8065, 2
8007, 2
8207, 2
6196, 1
6336, 3
7624, 2
7472, 1
8411, 2
5482, 3
4910, 2
8658, 1
4650, 2
7582, 1
8496, 1
8147, 1
7548, 1
8052, 3
8583, 2
7552, 5
8453, 2
5911, 4
5662, 5
5676, 4
4755, 3
4857, 1
4596, 4
8120, 5
7494, 1
4550, 4
5608, 1
4577, 5
5741, 16
5850, 1
7500, 2
5707, 1
4605, 6
4624, 1
4536, 11
8615, 1
4449, 4
5751, 107
7946, 1
7177, 1
7991, 1
5675, 3
8162, 2
5855, 6
4391, 1
6002, 2
6001, 3
7487, 3
7986, 1
4599, 3
8171, 2
7807, 2
5695, 1
4672, 8
8108, 2
7320, 1
5625, 1
5299, 1
4655, 5
7324, 2
5883, 2
3552, 6
4113, 8
5590, 8
7851, 2
4214, 1
4017, 1
5614, 1
5350, 2
7960, 8
5928, 3
7822, 2
5444, 3
8246, 1
4382, 1
7352, 2
4383, 1
4151, 2
7136, 2
5306, 1
7529, 1
8247, 1
8089, 1
7857, 2
4436, 55
5458, 2
7092, 2
7315, 2
5781, 10
5262, 6
8299, 2
5460, 12
7695, 1
5822, 1
5220, 5
4467, 9
7247, 1
6953, 1
7248, 1
7998, 2
4313, 1
3915, 3
7777, 1
7796, 2
5743, 2
7989, 1
7631, 3
5447, 1
5680, 2
5504, 1
7684, 4
7789, 1
4276, 2
6135, 2
4957, 1
6201, 1
5486, 1
7768, 3
4429, 2
5999, 2
8370, 2
5182, 3
4163, 6
7692, 6
7697, 5
7698, 28
4304, 5
5400, 1
4427, 13
7657, 1
7649, 2
7908, 2
7573, 4
7588, 1
7632, 3
6708, 1
4955, 5
8477, 5
8493, 2
8491, 2
4891, 3
5375, 32
5378, 3
4979, 6
8034, 3
6760, 1
5104, 1
8189, 1
5128, 1
4920, 1
7943, 1
7709, 1
7065, 1
6838, 1
4604, 4
6869, 1
8160, 1
8166, 1
7230, 1
5331, 2
5592, 1
7682, 1
6626, 2
8119, 2
6800, 2
7746, 1
7260, 3
7262, 9
7744, 2
7652, 1
4879, 1
4539, 13
7150, 1
4849, 2
7670, 2
7609, 1
6550, 1
5247, 1
4331, 1
4238, 1
4168, 3
4250, 3
4249, 6
7835, 3
4224, 1
4736, 4
4350, 4
5073, 3
5269, 2
5001, 3
4294, 6
4651, 1
4141, 7
4262, 2
5270, 1
4298, 2
7656, 68
4147, 3
6456, 2
7213, 3
4027, 23
7583, 4
4743, 3
3964, 1
4179, 6
6632, 1
4601, 4
4369, 5
4504, 1
7557, 1
4216, 5
4102, 6
6619, 1
6620, 2
6636, 2
4134, 23
5944, 1
5039, 2
7061, 1
4495, 2
3880, 8
5170, 3
7906, 3
3867, 6
6965, 6
5374, 6
6623, 2
7779, 1
6653, 1
6652, 1
4494, 4
7250, 1
6647, 2
4387, 25
6694, 2
6665, 77
6662, 3
6942, 8
6715, 10
6862, 6
4301, 2
6545, 3
6672, 11
6675, 4
7300, 3
7298, 2
6595, 6
7915, 6
6845, 4
6646, 1
6692, 6
6608, 7
6611, 18
7920, 3
6807, 25
6776, 10
6790, 5
6777, 6
6794, 6
6809, 14
6808, 1
6804, 1
6478, 3
6810, 38
7925, 3
6814, 10
6062, 2
4208, 6
6650, 3
6887, 23
7923, 1
6394, 2
6890, 2
6891, 14
7922, 2
6303, 3
6689, 16
6690, 8
6894, 24
6847, 3
6904, 7
6484, 12
6486, 10
6452, 3
6912, 8
6183, 2
6229, 3
6298, 1
6173, 2
6174, 3
6100, 2
6913, 2
6161, 1
4876, 1
5796, 2
6181, 5
6915, 4
6941, 1
6145, 2
6168, 9
6146, 1
4083, 8
7018, 2
4085, 10
7052, 1
5992, 1
7559, 1
7521, 1
3999, 9
4127, 4
7467, 1
5844, 6
7696, 6
5837, 24
5960, 1
7043, 4
3893, 11
5868, 1
5946, 1
7486, 1
7683, 1
7128, 3
7615, 2
3868, 12
7110, 1
5926, 1
5384, 2
7681, 2
7587, 5
7373, 3
3916, 2
5737, 12
7072, 2
7424, 1
3616, 22
6848, 5
6829, 4
6832, 11
5733, 50
3701, 7
7190, 7
5657, 5
4070, 10
8462, 2
5797, 36
4188, 3
5550, 1
4253, 6
5713, 1
7383, 1
4410, 6
3715, 6
6986, 6
5664, 1
6472, 1
6476, 7
6526, 21
5819, 1
5827, 16
5832, 4
5917, 4
5838, 3
6138, 3
8275, 6
6987, 1
4600, 6
6721, 2
5607, 4
5537, 1
7493, 4
7510, 1
5645, 2
6765, 1
5516, 1
7167, 2
5538, 2
5527, 5
7341, 1
6865, 2
4066, 7
5385, 2
5510, 2
7401, 1
7355, 1
4264, 3
7454, 2
5658, 2
7119, 3
5700, 39
6910, 41
5484, 11
5332, 2
5348, 2
5646, 1
5617, 2
7468, 3
6817, 1
5765, 77
7415, 1
5473, 2
7388, 2
5565, 3
5593, 1
7316, 1
6884, 2
7046, 6
7007, 8
7195, 9
3747, 4
7005, 19
3744, 24
7003, 2
7346, 2
3808, 15
5427, 4
5517, 1
3849, 14
5542, 2
7490, 3
6709, 3
3713, 6
7602, 1
7181, 1
5319, 4
7140, 3
7435, 1
7196, 1
7306, 2
7338, 2
5315, 3
6668, 7
3798, 11
3814, 12
5346, 6
5219, 5
6401, 1
4033, 9
6434, 2
5446, 5
3760, 76
3515, 11
7157, 2
6395, 1
7445, 1
5581, 5
5297, 2
6388, 1
6554, 1
5368, 6
6664, 1
6962, 2
7456, 2
7586, 6
4987, 2
6593, 6
6590, 1
7570, 6
7569, 1
7575, 24
7577, 7
6954, 1
7776, 1
4944, 4
5491, 5
3169, 23
5097, 2
5032, 1
7844, 1
4924, 1
5040, 4
8222, 1
6309, 4
5079, 4
7568, 2
4985, 3
6477, 1
5285, 6
6871, 2
5233, 15
7080, 3
7016, 3
4912, 1
5140, 2
7600, 1
6758, 1
5202, 2
7022, 3
6518, 1
7360, 2
3806, 9
4834, 1
4854, 25
6236, 4
3426, 18
6391, 1
6392, 5
5266, 6
5065, 4
5003, 3
5084, 1
5147, 4
5146, 1
6534, 2
7463, 3
6253, 3
6796, 1
7040, 1
5124, 6
5383, 8
8148, 1
6846, 3
5152, 4
4965, 6
4931, 2
4860, 14
4869, 2
6451, 4
5372, 2
7064, 3
7183, 2
4943, 26
8094, 1
5070, 10
6515, 2
5023, 4
7483, 1
6175, 1
6945, 3
4580, 11
5022, 1
4947, 1
4716, 6
5046, 1
4484, 16
4731, 4
4522, 3
4486, 8
4732, 11
4161, 11
4815, 2
5111, 1
4884, 2
4730, 2
6820, 1
6150, 1
6117, 2
4488, 3
4679, 1
4664, 10
4737, 3
6346, 5
6749, 29
6264, 2
4243, 8
4258, 7
4246, 1
4255, 6
7371, 3
4259, 5
4856, 7
5004, 3
4342, 2
4739, 2
4926, 4
4256, 2
4710, 5
4913, 3
4437, 5
4607, 4
8096, 1
4747, 5
6180, 2
6318, 8
6319, 7
6155, 5
3781, 7
5183, 7
6341, 7
4790, 1
7054, 10
4552, 1
4680, 3
4963, 9
4306, 5
4625, 1
7266, 2
3758, 10
4795, 5
4305, 1
4247, 9
6116, 2
6186, 4
6315, 5
6717, 3
6182, 4
5949, 3
8041, 1
8043, 4
5738, 79
7199, 2
6755, 1
6305, 2
6277, 2
4845, 7
6606, 12
4452, 4
6720, 2
4676, 3
6761, 2
5117, 1
4455, 1
4729, 3
3953, 18
3968, 5
4958, 4
5969, 1
3928, 10
3950, 3
4100, 78
4114, 4
6072, 2
4210, 5
6308, 2
6730, 49
7010, 3
4139, 16
6129, 5
6704, 2
5056, 1
7295, 5
7302, 2
4816, 1
6697, 15
6215, 2
6109, 3
4234, 4
6108, 4
6214, 4
6695, 1
3892, 13
4685, 2
4101, 6
3612, 19
3603, 10
4688, 1
5908, 1
6888, 4
5893, 5
4046, 3
3434, 6
4340, 8
4040, 3
3537, 8
4270, 3
6178, 2
4458, 10
4435, 4
6998, 5
4722, 1
4048, 4
4477, 6
4058, 4
7322, 2
4417, 7
6579, 3
6669, 2
6631, 4
6685, 49
6684, 76
6601, 4
6028, 2
6793, 4
5853, 1
5864, 3
6575, 22
6597, 9
6598, 7
6563, 1
6673, 39
6677, 3
6610, 8
6429, 16
6678, 2
6362, 2
6418, 1
6609, 37
6334, 3
6340, 9
6449, 30
6291, 3
6367, 1
6450, 29
6345, 5
6585, 1
6587, 39
5721, 1
6551, 1
6586, 1
6538, 1
6578, 6
6584, 3
6512, 1
6516, 2
6513, 1
6459, 6
6455, 3
6349, 1
6448, 1
6507, 4
6426, 5
6424, 2
6588, 1
6589, 224
6328, 1
6314, 1
6087, 3
6031, 1
7311, 2
7307, 4
7621, 1
7347, 3
6404, 5
6220, 4
7644, 7
5720, 1
7642, 11
5703, 14
7640, 20
5689, 6
7580, 3
5687, 3
5690, 2
5693, 3
7641, 11
6546, 1
7028, 5
3861, 4
4981, 6
5694, 2
3911, 16
4794, 4
5076, 4
3908, 2
5795, 11
6812, 1
3976, 5
3687, 24
5010, 2
6897, 1
5376, 2
3382, 46
7091, 2
6791, 2
6691, 1
6825, 3
7154, 4
7155, 2
7173, 4
5823, 15
6442, 9
6441, 10
5820, 3
7282, 7
5243, 4
7361, 1
6354, 2
6353, 5
4687, 4
6453, 1
7063, 7
6445, 2
6797, 2
6360, 12
6725, 2
4663, 3
6469, 1
4793, 2
5666, 2
3548, 51
6499, 1
6347, 3
6438, 2
5060, 6
6373, 3
5441, 5
6462, 2
5108, 6
5497, 1
6368, 4
5373, 9
4583, 8
5008, 2
6768, 2
6475, 2
4830, 13
4992, 6
4497, 4
6482, 1
4855, 3
5472, 3
7057, 2
4925, 4
4517, 2
6803, 1
4529, 20
4799, 2
3433, 14
5014, 4
6359, 4
5036, 6
6339, 1
5029, 1
6629, 2
3647, 6
5215, 3
6878, 1
4805, 4
6596, 5
4826, 4
4546, 5
6655, 7
4822, 1
4871, 1
3522, 13
5411, 2
5639, 1
7626, 1
4933, 10
6873, 2
1835, 10300
1970, 7798
2238, 3010
1840, 10279
1927, 11268
1430, 15815
1914, 9734
1901, 8213
1903, 8300
1898, 8652
1909, 9680
2340, 858
1041, 10666
1832, 11502
250, 3258
5337, 2
2155, 4984
2268, 2259
2154, 4095
2295, 1658
2126, 5399
2125, 5866
2296, 1863
2091, 5954
2119, 5865
2114, 6415
2285, 1546
1986, 8323
2120, 5430
2122, 5555
7209, 2
2117, 5902
1964, 9352
1954, 10027
2123, 5073
2088, 6662
1935, 9089
1991, 8594
2000, 6082
2028, 6452
2003, 6702
2037, 5856
1824, 10162
174, 745
5261, 1
2118, 5148
2354, 938
1816, 12117
2026, 6782
2345, 1178
2030, 6641
2244, 2198
2335, 1245
2086, 4893
4411, 4
2284, 1232
1945, 9941
180, 3127
5267, 2
2093, 5010
2076, 6356
2273, 1522
1805, 10005
1971, 7870
1932, 8390
1966, 9635
1930, 8530
1929, 8684
1943, 9956
1962, 8466
1993, 8776
1844, 10541
1837, 13266
1806, 9353
1849, 8929
162, 3043
5249, 2
1850, 10110
441, 8597
1812, 10745
2304, 1301
2245, 2465
1948, 8461
1931, 7365
2127, 4922
332, 3442
5419, 4
2194, 3589
2225, 3089
2252, 2163
2254, 2169
285, 1879
1911, 10577
2253, 2510
2342, 785
2260, 1978
1802, 11671
2291, 1598
1864, 9117
906, 9798
2166, 4060
164, 6390
5251, 1
1830, 12076
2287, 1800
1445, 11567
2332, 1158
1794, 10348
2323, 1246
1984, 7786
1838, 10686
2261, 2109
1839, 11925
510, 9331
527, 4101
2136, 5208
2140, 4821
2131, 5904
2139, 5052
2128, 5083
2232, 2700
2143, 4986
2313, 1433
2312, 1477
2115, 6744
1710, 18305
2310, 1185
2311, 1575
2067, 5950
2066, 6699
2198, 3425
2192, 3752
2163, 4367
2133, 5561
1739, 19020
2027, 6860
2036, 7394
2038, 5771
1989, 7280
2005, 7799
1975, 7805
1978, 8273
1720, 19693
2007, 6582
2015, 6740
2010, 8398
2001, 6489
2013, 7090
2014, 6764
1803, 11504
1799, 11147
597, 8537
5684, 3
1979, 8666
2151, 5030
2157, 3771
1974, 7299
2110, 5825
424, 6888
459, 4787
525, 6804
2214, 3050
2204, 2920
2072, 5951
1939, 10319
2228, 2691
2090, 5748
2227, 2869
2080, 5017
2223, 2294
2055, 5556
2077, 5265
2102, 5266
2070, 5642
2069, 6503
447, 8660
5534, 5
2073, 5624
2183, 3805
2023, 7347
2168, 3500
7255, 1
2299, 1569
434, 10587
2302, 1327
1900, 7665
1754, 24602
1356, 20531
2203, 3253
1906, 10437
1446, 12518
1079, 73462
6166, 4
1928, 10234
552, 25919
1924, 9745
1751, 21143
1814, 9709
1765, 21819
875, 9726
1907, 8933
923, 15923
2210, 3347
2187, 3783
7274, 1
1827, 10989
2051, 6332
2165, 3897
1819, 11937
179, 1393
1856, 8157
1822, 12862
1776, 15662
909, 12624
517, 3998
1829, 11118
1828, 10831
1753, 22555
2173, 3910
1804, 11533
1967, 9453
1775, 18930
1752, 20703
1600, 22416
538, 4338
2514, 367
2084, 5890
1767, 18044
1784, 13511
2082, 6413
2042, 5443
1650, 32263
1743, 19408
1399, 17299
2147, 4820
2891, 81
534, 2283
484, 1529
1801, 11998
310, 8746
5397, 39
548, 6198
1723, 36528
1733, 27369
1734, 17852
610, 2516
5697, 12
1773, 19502
1781, 12343
2064, 6092
2448, 681
2234, 2650
1997, 8580
1762, 16609
1998, 6274
2058, 6041
721, 119534
5808, 2
2513, 392
1104, 49518
2100, 6214
609, 4405
1683, 28493
1722, 35265
1448, 12847
815, 24153
1394, 11972
1115, 34177
1976, 8085
1980, 8926
915, 8172
1950, 10027
1972, 7632
1947, 9193
1981, 7114
1314, 31630
1848, 9411
1809, 10707
1442, 17872
1728, 26286
507, 3540
1706, 24250
254, 3237
5341, 2
233, 4025
5320, 7
230, 46979
2052, 5694
2063, 6170
2061, 7114
2071, 6568
2050, 6283
1831, 13116
2095, 6006
340, 38015
366, 8916
5453, 1
373, 10234
2720, 317
363, 8988
1915, 7892
1910, 9478
2109, 5911
2328, 1140
387, 8030
2269, 2080
1855, 11331
4212, 18
2272, 1504
2294, 1699
1821, 13979
1825, 10980
2466, 632
583, 23056
582, 34138
1917, 8412
1940, 10075
4202, 2
1736, 18812
4093, 2
154, 1506
172, 2398
5259, 2
1890, 8885
4193, 21
2108, 5079
1893, 8665
1717, 36784
1919, 8425
2201, 3191
1792, 10492
916, 30972
6003, 14
1614, 37772
1810, 11040
1714, 25621
492, 1394
370, 4694
5457, 4
905, 6214
1292, 53198
2562, 200
205, 3891
1833, 9608
1808, 9673
1842, 12420
1887, 7586
2132, 5854
2130, 4973
532, 3296
5619, 2
2669, 256
312, 25784
2515, 308
158, 2155
5245, 6
2195, 3767
2191, 3601
1938, 9073
2196, 3521
4191, 8
2199, 3307
1381, 25326
2205, 2753
2206, 3243
1451, 15894
2207, 2987
2211, 3273
2156, 3885
563, 20795
897, 16620
2255, 2642
2233, 2327
2222, 2789
1707, 23753
1457, 15307
2197, 3777
1671, 44652
1427, 15726
1678, 29901
1166, 42504
1438, 10139
1436, 17725
1692, 35594
2150, 4762
1693, 35516
6780, 3
2149, 4150
2097, 5720
2158, 4020
1147, 62237
589, 17081
2212, 3603
2250, 2743
2159, 4283
2138, 5748
2087, 5581
1959, 9522
1985, 8760
2175, 4507
1882, 9656
873, 22380
1996, 7142
1982, 6915
1999, 7332
1429, 16415
1796, 10944
2006, 7986
2017, 6738
2002, 6223
2019, 6673
2018, 6981
1742, 19429
2020, 7046
1741, 20572
2022, 6347
2025, 5822
7112, 2
2200, 2893
1126, 18315
6213, 1
2048, 6243
2209, 3144
4404, 19
2047, 5538
1729, 24594
913, 42477
882, 7137
889, 7035
2068, 6372
2045, 7390
529, 5027
427, 9064
411, 3902
460, 19918
457, 4885
456, 3653
577, 8061
943, 21561
114, 2016
221, 2183
237, 2624
5324, 38
143, 1390
2247, 1911
1365, 29519
330, 23671
5417, 21
227, 12150
2043, 6422
1718, 31444
590, 5739
445, 10383
2802, 405
1715, 25275
436, 2876
2793, 227
435, 2726
2792, 165
567, 31752
1708, 24205
4065, 12
2356, 1062
1879, 8107
799, 14767
3156, 43
2184, 3618
2215, 3105
76, 1116
5163, 6
2290, 1612
2281, 1326
2124, 5823
1459, 14866
2103, 5278
4038, 14
1681, 82349
1350, 15941
1352, 20361
1591, 23700
1771, 16012
1291, 111913
1644, 41947
522, 12322
1538, 23448
1431, 41493
1432, 67978
1631, 43288
1871, 8435
788, 41076
1748, 22058
2181, 3906
2318, 1200
1746, 16696
1745, 18476
1460, 13858
1731, 21965
1726, 23227
1711, 22363
1787, 14045
1679, 31224
2167, 3980
1865, 9612
1673, 29858
568, 113671
1421, 12886
1435, 52675
1353, 17138
1348, 22538
910, 8670
5997, 5
1764, 25171
1786, 12593
2525, 365
1359, 17272
1564, 23200
6651, 1
1603, 25102
1358, 19474
1317, 36589
1319, 35271
1553, 31078
596, 8110
513, 2287
1241, 40868
1609, 39266
6696, 2
3978, 6
1621, 27144
4021, 13
1664, 40133
818, 7808
1364, 24413
816, 12845
688, 22401
551, 21504
191, 5151
5278, 1
2858, 112
501, 6312
731, 32225
1653, 31468
1616, 45437
1415, 19880
1747, 18268
858, 19168
5945, 4
1815, 10087
900, 10398
1658, 33989
1290, 136085
1259, 26062
1651, 30811
1674, 32770
1676, 33828
6763, 1
1096, 133655
1795, 11253
1455, 22117
6542, 4
4023, 13
1666, 44396
6753, 2
1440, 11670
6527, 3
1422, 10255
1389, 22235
1670, 55815
4026, 27
1669, 46017
1709, 19137
1716, 27161
908, 9726
955, 12624
951, 12259
409, 1395
5496, 1
331, 21314
1667, 41755
421, 12815
1450, 16058
6537, 1
1508, 10137
1592, 20159
6679, 32
1507, 9989
1470, 13339
1322, 23421
6409, 48
751, 44721
1437, 21720
6524, 3
1626, 30907
605, 4396
1757, 19586
902, 8667
1785, 13546
1282, 62848
1761, 16534
1602, 32196
1066, 155621
1263, 275133
1755, 20160
1763, 20856
990, 28356
6077, 15
1384, 25760
1380, 21680
1447, 13136
860, 21281
5947, 5
817, 11480
1557, 63568
1458, 13965
1649, 45538
960, 46059
685, 8476
785, 73401
5872, 4
3455, 27
1098, 54220
1641, 39107
1654, 38868
1701, 24694
1705, 23933
1732, 27208
267, 18411
5354, 17
2751, 217
394, 2897
5481, 4
791, 20603
1165, 46597
1060, 16685
800, 12142
356, 11576
581, 29450
440, 245902
2582, 399
225, 5792
5312, 33
2598, 424
241, 4577
5328, 6
242, 6818
5329, 7
1323, 24875
6410, 2
1279, 152788
148, 4896
1168, 42518
6255, 4
1316, 44911
344, 13462
5431, 6
139, 3852
543, 8944
1456, 17628
6543, 74
1471, 10117
1607, 50811
1409, 14905
1605, 38219
1730, 17644
1770, 15794
1766, 20709
1725, 22323
888, 4547
903, 8316
578, 7362
1721, 19225
1254, 41628
1567, 21786
6654, 3
1382, 17084
1367, 28433
1274, 57075
1514, 13549
1659, 47239
6746, 20
1373, 20393
1151, 36557
853, 40018
787, 80211
5874, 2
988, 14826
6075, 1
1425, 10914
1652, 27782
1324, 24816
1645, 44483
1619, 35503
1643, 53097
1095, 46586
944, 10486
933, 7325
934, 9654
3996, 27
1639, 76383
648, 27909
3925, 9
1568, 20630
3946, 13
1589, 20905
1685, 30789
1040, 8309
417, 1430
1250, 122344
707, 54299
1419, 12171
727, 32567
724, 52687
1418, 11447
670, 3854
1760, 17146
1769, 17411
1328, 23207
890, 5459
1613, 23141
6700, 4
1443, 22347
1412, 33946
516, 3676
1625, 31925
601, 2710
1618, 51452
1113, 34245
679, 6049
1127, 11461
1677, 31596
1420, 10263
4155, 33
1798, 10927
1417, 15325
1413, 19546
6500, 2
1144, 49219
6231, 3
1225, 38830
6312, 9
907, 15166
1006, 17910
479, 2651
303, 10950
5390, 20
1004, 25377
1064, 513934
1061, 62484
813, 24148
5900, 2
1103, 22410
1131, 17673
930, 9390
539, 5898
1569, 25528
6656, 8
1528, 24461
1114, 20361
1105, 76129
659, 18174
520, 3619
511, 2160
5598, 3
1368, 105630
528, 3536
294, 4370
5381, 2
206, 11653
1576, 24503
6663, 2
1574, 23019
1791, 12146
1428, 19475
1793, 11735
1780, 13325
1543, 43649
1032, 22266
1633, 110740
1053, 11807
767, 25588
5854, 1
797, 67013
5884, 2
1562, 25721
1561, 21829
1744, 20701
697, 67001
820, 10372
1756, 19555
1759, 16873
1029, 25732
937, 8523
1735, 19929
1089, 47786
6176, 1
1349, 15073
1577, 24994
1307, 31946
1106, 99164
1510, 13220
1092, 73553
1518, 20731
1453, 23100
6540, 1
1491, 12176
1516, 16635
1585, 37232
1410, 14627
1454, 18051
1504, 12200
1058, 22787
1027, 17811
573, 10263
5660, 2
381, 6267
5468, 7
377, 7477
5464, 2
1496, 11504
1109, 40171
1169, 59635
4043, 26
1686, 27400
487, 4433
454, 7719
4013, 44
1656, 39541
1312, 43100
1310, 35454
1548, 23569
1411, 18928
1309, 33062
1120, 16010
1689, 32363
1068, 99480
1690, 44142
741, 9430
1699, 26648
1675, 30932
1737, 20812
1477, 12527
1476, 13131
1738, 23143
1472, 10244
757, 16211
1308, 28091
1740, 20446
1660, 47008
6747, 2
1260, 42250
1155, 46217
1100, 30442
1050, 8891
1045, 8921
1727, 24834
4106, 22
1749, 20470
1724, 22258
1758, 19068
1299, 92098
1330, 25724
1343, 15441
6430, 1
1320, 42817
6407, 5
1276, 46477
1159, 115801
1275, 109769
1262, 52159
1051, 10912
1560, 35354
1266, 40701
894, 9181
863, 8773
855, 14175
1575, 25552
490, 8583
474, 2947
5561, 1
611, 5530
1012, 16064
869, 47170
777, 27336
1026, 35280
1495, 14230
6582, 2
1094, 100699
553, 9158
1097, 30744
6184, 2
1112, 98201
1081, 46763
1007, 21422
952, 9114
1536, 23629
1563, 22911
1271, 62611
1545, 22434
1363, 26987
1361, 24630
1532, 17068
1554, 32251
1318, 47102
1391, 17954
1285, 248322
1376, 23035
1375, 24336
1284, 1283673
6371, 3
1278, 193449
3981, 29
1624, 39509
1001, 293578
1002, 59777
883, 8305
898, 7986
867, 19071
859, 11984
941, 35676
1544, 35390
282, 5793
1556, 49556
1294, 228609
886, 6252
1224, 32761
6311, 6
796, 38680
1750, 20651
1017, 29365
1057, 17056
6144, 2
464, 5801
5551, 2
975, 15937
1203, 88111
1604, 23495
710, 86628
814, 21411
1194, 40479
1134, 36623
1601, 35267
1526, 21005
1534, 20233
6621, 4
1468, 11693
1055, 16345
1511, 10488
1524, 29866
1506, 8879
1509, 10850
1530, 13137
995, 16734
1016, 90899
6103, 5
1009, 41673
678, 6463
3977, 21
1620, 31056
805, 17967
877, 10089
5964, 4
773, 11583
862, 9945
768, 36743
1615, 31198
647, 526942
5734, 30
569, 113418
570, 37261
1180, 58274
6267, 2
453, 13644
1480, 14371
1452, 16670
6539, 14
1502, 14244
1704, 21765
1044, 15701
6131, 3
1059, 22266
1028, 21910
1020, 18591
954, 9986
899, 7046
1493, 24555
2491, 409
134, 8223
129, 2373
5216, 1
1287, 57417
1497, 9364
1341, 16480
1498, 11434
3941, 15
1584, 27312
1565, 25196
1469, 14099
1580, 28014
6667, 6
3927, 22
1570, 28743
6657, 16
1698, 29164
1582, 22025
1366, 24643
1571, 24340
6658, 3
1426, 12630
1333, 25567
1424, 14342
1572, 20065
1434, 138410
1332, 20639
1583, 20874
1123, 28816
1042, 18205
1141, 36678
893, 9540
1325, 29570
4060, 13
1703, 26373
1036, 14566
680, 10206
656, 16475
574, 62924
1700, 25415
1712, 25346
1713, 24462
1889, 10184
676, 27182
1789, 13315
1779, 16062
1788, 11229
762, 34401
758, 20440
5845, 3
669, 8818
668, 14690
2627, 275
270, 14525
1778, 12885
1305, 104386
705, 117101
253, 3245
136, 52115
1298, 60236
737, 16236
1661, 35067
6748, 3
649, 16768
1369, 69060
746, 40305
5833, 2
1283, 238734
1196, 50037
1441, 12201
6528, 6
1414, 13634
1311, 51507
1397, 12882
1398, 14595
1646, 28980
1388, 19211
1383, 19644
1632, 73793
6719, 32
1377, 38127
1153, 58651
1386, 18623
1173, 30722
6260, 1
1039, 7636
1023, 48361
949, 8596
660, 12183
560, 10654
559, 53516
1172, 49300
1181, 74615
6268, 1
976, 15244
1018, 20946
924, 9879
922, 33158
3532, 17
1175, 104178
6262, 1
2056, 6666
681, 10410
5768, 14
1921, 8749
2032, 6521
2065, 6603
1091, 887319
333, 9146
5420, 165
526, 7186
1154, 44259
6241, 1
1185, 151925
466, 5984
1013, 13190
1490, 15371
683, 85930
5770, 10
1090, 157791
6177, 1
1588, 19991
1086, 146796
1093, 101455
1108, 83732
1077, 33100
948, 7664
1268, 178233
1533, 29337
1374, 43567
617, 10096
5704, 4
531, 5144
430, 22401
473, 2940
5560, 4
1371, 32491
832, 127239
1217, 39794
1253, 38318
1362, 34676
1344, 16270
6431, 19
504, 28869
1590, 23473
1354, 20421
1395, 14873
1313, 36932
6400, 2
1304, 42298
1302, 54373
6389, 3
1300, 69203
1541, 24869
6628, 9
1392, 18399
6479, 3
265, 323577
1403, 14687
1301, 49520
958, 16611
1552, 36113
684, 81381
5771, 2
431, 28177
1049, 8222
185, 38789
5272, 4
1117, 22989
917, 121412
1296, 75598
967, 35893
1665, 43436
6752, 2
986, 15768
989, 8207
987, 10086
1668, 43102
1672, 37991
1537, 26769
477, 7025
1008, 29632
614, 8759
824, 29632
1000, 203941
881, 10563
997, 80365
998, 192685
996, 32263
301, 22893
289, 47703
936, 8916
926, 22851
919, 43289
228, 77775
1587, 22021
281, 7409
1599, 19763
1338, 32905
1598, 80144
1957, 7540
3980, 28
1623, 38095
4012, 35
1655, 38689
770, 36560
5857, 4
632, 32197
5719, 4
819, 15690
827, 30094
730, 66757
1662, 33217
1663, 40948
828, 636694
806, 20630
728, 29886
743, 13392
5830, 3
850, 52787
2614, 254
257, 10001
1331, 22364
337, 32547
5424, 5
1252, 48088
3609, 31
336, 224975
1647, 39318
634, 46864
1199, 59613
6286, 3
808, 40329
1205, 64939
1118, 27506
1648, 53110
1142, 39459
607, 6036
1031, 11165
962, 17144
6049, 1
977, 16100
946, 10099
938, 7150
1242, 36067
872, 36002
1076, 93604
6163, 3
175, 24219
536, 3288
795, 44382
3152, 113
776, 23187
1885, 9640
940, 44722
811, 38627
192, 70073
5279, 2
1162, 140050
3519, 19
792, 107738
376, 49331
1485, 17671
6572, 2
1034, 20804
1038, 16896
766, 52054
1875, 8079
794, 69798
485, 2688
5572, 3
1594, 47804
6681, 17
713, 87967
1873, 9504
764, 152133
1501, 12133
392, 5785
1474, 12218
365, 122002
2423, 617
66, 7009
34, 30344
5121, 3
1143, 46340
401, 3329
2672, 407
315, 508888
5402, 3
509, 3045
5596, 4
945, 9707
1416, 32069
307, 32738
5394, 17
1277, 68958
3634, 25
1003, 26462
843, 362077
1782, 11397
673, 12009
380, 9194
5467, 3
1489, 12573
6576, 5
778, 30132
347, 103526
5434, 1
342, 26211
53, 12077
594, 13670
533, 2503
5620, 2
1642, 42215
361, 10937
70, 5581
5157, 25
359, 15971
2725, 367
368, 18728
354, 4239
1463, 15469
1777, 14623
695, 16424
5782, 10
1444, 15114
335, 317349
5422, 14
362, 13895
5449, 4
300, 18582
311, 7026
1281, 159627
3638, 54
295, 11807
1404, 17638
314, 21414
1423, 12678
6510, 16
343, 22432
448, 2262
309, 20071
5396, 4
2666, 249
2303, 1795
85, 47098
2662, 325
305, 143622
1054, 12617
861, 27254
5948, 6
177, 708363
5264, 10
1286, 69922
2576, 325
219, 10138
481, 4581
1022, 37942
2543, 349
186, 52064
5273, 3
1295, 80812
994, 22090
1015, 35828
999, 276071
458, 5010
5545, 2
1531, 18863
422, 6564
449, 21670
1558, 54864
961, 22200
6048, 2
874, 9949
291, 13426
1261, 44124
3618, 61
1400, 12009
472, 2849
1581, 26087
71, 10278
2414, 695
57, 4939
5144, 8
655, 9313
752, 16666
5839, 16
753, 15874
1862, 8571
33, 11580
1559, 43495
450, 3599
207, 78297
5294, 9
1080, 39724
1315, 42894
6402, 3
278, 103998
1387, 19508
2631, 344
274, 18426
1244, 33930
3601, 23
223, 1951
277, 15552
2558, 345
201, 10848
5288, 5
255, 28130
515, 3825
5602, 23
698, 601872
1807, 10094
2450, 475
93, 585
5180, 2
1202, 55576
6289, 4
736, 32364
2673, 282
316, 36300
482, 5894
61, 51846
5148, 9
1170, 38653
1593, 21056
6680, 14
1052, 10025
723, 63874
1264, 286218
155, 2140
1099, 27373
1640, 46211
17, 119966
1161, 82185
2409, 794
52, 1772
1243, 31571
74, 1696
5161, 5
1697, 26121
588, 15964
1156, 86044
2404, 858
47, 4893
5134, 1
1326, 20601
6413, 5
217, 2702
1515, 13467
406, 3946
2790, 289
433, 4875
1542, 28913
1046, 7666
2432, 603
75, 6062
5162, 4
1184, 79820
276, 16526
5363, 8
1385, 16935
2591, 399
234, 2565
5321, 1
957, 12255
966, 23467
1265, 71801
826, 10943
779, 36443
2595, 440
238, 3613
5325, 2
1347, 21058
1813, 10849
704, 636414
5791, 1
1272, 71084
163, 7413
1797, 10718
715, 86262
793, 58868
932, 4634
2041, 5488
2602, 477
245, 6968
1327, 19280
2575, 255
218, 7115
5305, 2
38, 18911
5125, 1
2280, 1996
2419, 829
62, 15097
1171, 78654
1198, 40362
89, 1009
2473, 550
116, 1634
2586, 382
229, 69807
5316, 2
1306, 50734
2554, 415
197, 35765
765, 45903
103, 38672
5190, 3
1212, 54486
644, 15826
1119, 37464
2367, 1089
10, 39130
37, 13052
1146, 105205
437, 17393
1546, 17635
984, 15344
443, 10343
5530, 8
210, 7735
985, 20254
444, 4266
5531, 1
3481, 28
1124, 31716
6211, 4
15, 14048
5102, 3
42, 683203
5129, 1
708, 124863
1817, 12766
167, 619
5254, 3
682, 11214
141, 97659
5228, 3
130, 122254
1239, 113329
6326, 11
128, 5512
1237, 33504
6324, 1
169, 713
5256, 2
1251, 77026
142, 1476
5229, 5
1010, 23607
971, 17340
1128, 14243
19, 6413
2403, 710
46, 50126
48, 5708
935, 11261
2044, 6409
1033, 52508
388, 12474
5475, 1
983, 13261
1578, 24750
469, 7907
5556, 4
1037, 19651
970, 18057
480, 3574
5567, 2
2081, 5428
1043, 13084
968, 17847
384, 13107
5471, 22
925, 24023
2034, 5256
2570, 415
213, 2994
1183, 42849
6270, 3
3540, 55
500, 14710
2492, 307
135, 15363
5222, 7
1783, 12704
674, 6648
160, 2264
1269, 167674
696, 77723
5783, 7
557, 6850
2914, 137
308, 7037
5395, 2
386, 12239
1339, 26855
798, 23928
5885, 1
115, 21295
372, 4645
1481, 15624
1138, 100591
29, 395258
56, 6957
5143, 3
28, 99151
1137, 23456
6224, 1
706, 45726
165, 51182
5252, 2
963, 17498
455, 15664
2555, 219
198, 91664
642, 44915
101, 11047
5188, 33
1210, 61204
358, 14421
5445, 2
1467, 13145
2416, 709
59, 98868
580, 13492
2396, 638
39, 143576
5126, 9
1148, 71819
837, 78521
296, 12456
3762, 7
1405, 27315
2421, 625
64, 1801
5151, 4
321, 13946
5408, 2
835, 406877
49, 1485
5136, 2
1158, 53292
847, 19334
306, 88208
5393, 14
1111, 58399
2, 14612
5089, 4
972, 17163
3329, 49
286, 3363
564, 14506
5651, 1
618, 12568
35, 22147
5122, 24
11, 95046
2171, 4128
1062, 63967
1630, 45017
521, 8825
7, 14675
5094, 10
1346, 18163
6433, 2
2621, 482
264, 32087
5351, 1
2360, 1066
3, 444807
5090, 3
478, 1908
2445, 470
88, 39438
345, 15546
5432, 9
1226, 33189
117, 4228
5204, 1
2501, 609
144, 5854
5231, 1
734, 29315
1843, 10044
193, 23369
5280, 7
2283, 1785
1174, 46072
65, 4111
119, 1127743
5206, 2
1228, 48285
2606, 436
249, 2958
367, 36779
2467, 586
110, 7721
5197, 5
1219, 83036
23, 16707
5110, 3
1132, 22002
2160, 4051
537, 2562
63, 9125
5150, 5
2674, 290
317, 6437
5404, 2
8, 188195
2169, 3992
5, 94286
5092, 12
262, 117333
2681, 353
324, 2104
1433, 68029
67, 2890
5154, 1
1176, 34900
738, 6553
4204, 17
1847, 10831
2366, 1257
9, 162112
807, 89206
2623, 397
266, 312029
5353, 1
2459, 588
102, 380
5189, 31
1211, 45729
2463, 736
106, 18242
5193, 3
1215, 35037
137, 12326
1246, 37523
147, 26030
1256, 25323
120, 11741
1229, 58350
6316, 1
661, 16299
638, 148542
2561, 306
204, 107276
810, 35389
1351, 13794
2626, 340
269, 29336
1378, 45803
1635, 67100
2369, 848
12, 83424
1121, 23923
2430, 614
73, 4985
5160, 6
1182, 48416
1823, 9588
714, 241151
200, 7484
586, 28745
1695, 26152
45, 23422
5132, 3
735, 101190
194, 18247
1303, 54152
2453, 477
96, 887
845, 394244
304, 11830
232, 4330
173, 26985
5260, 1
2503, 403
146, 6325
1116, 20072
3473, 15
1255, 30286
687, 16524
55, 4380
5142, 1
1164, 41294
2981, 100
624, 13607
83, 423
1192, 66628
2469, 442
112, 171
5199, 4
1221, 36480
369, 21825
5456, 9
1478, 17863
3137, 98
780, 75900
2596, 417
239, 1392
5326, 4
789, 16020
248, 5118
5335, 13
1357, 17845
662, 10627
121, 53311
1230, 79169
94, 739
635, 146700
5722, 35
378, 9526
5465, 3
1487, 15093
712, 73013
5799, 2
171, 2024
5258, 2
44, 48553
5131, 2
2262, 1922
298, 9681
1407, 13352
41, 159484
1150, 45585
2300, 1218
82, 1446
1191, 95666
677, 24593
36, 32029
1145, 89344
293, 10179
5380, 4
1402, 19742
6489, 2
222, 1698
352, 16176
1461, 15297
6548, 3
32, 94303
5119, 2
339, 18713
5426, 1
209, 5420
5296, 6
1179, 84077
3536, 43
759, 18767
4225, 18
1868, 8490
26, 219416
1135, 33599
6222, 2
283, 9165
1190, 58066
81, 13762
5168, 4
2465, 661
108, 492
5195, 5
40, 16359
1149, 69753
2456, 732
99, 317
1208, 42027
6295, 1
823, 14227
259, 18269
572, 7203
31, 339874
1140, 149894
2645, 346
288, 5843
1258, 26612
3615, 54
2565, 340
208, 10193
465, 5134
22, 3847
5109, 5
690, 12765
5777, 24
149, 44221
5236, 6
2286, 1504
1177, 35851
68, 39368
2479, 611
122, 522
5209, 8
1231, 128755
663, 9155
1772, 16675
471, 9704
2571, 424
214, 4478
5301, 4
2447, 715
90, 11494
5177, 2
1, 484054
2219, 2937
1110, 90353
30, 1413824
1139, 402551
2370, 895
13, 26608
1122, 16827
140, 2946
5227, 5
1249, 80776
911, 12318
72, 6913
5159, 3
740, 17967
199, 14787
5286, 3
27, 1067930
5114, 7
1136, 36110
6223, 2
2443, 674
86, 9352
5173, 3
1195, 37906
216, 3604
562, 137065
21, 36826
1130, 11362
275, 27570
1245, 28392
3602, 37
2375, 870
18, 84145
5105, 9
16, 1083462
5103, 4
1125, 35557
1355, 21925
2603, 510
246, 2563
1612, 36078
503, 16453
530, 3980
541, 18252
2357, 1083
0, 16765493
5087, 14
514, 2678
127, 13144
1236, 35831
2457, 604
100, 328
5187, 28
1209, 61555
641, 36650
50, 10958
5137, 9
848, 18830
1637, 42138
555, 4024
14, 19633
5101, 2
1107, 34297
6194, 2
2216, 2678
25, 7326
152, 1096
3023, 49
666, 11113
565, 130647
2381, 840
24, 111078
1133, 33095
1774, 16832
665, 10144
2508, 342
151, 5549
5238, 21
1206, 41752
6293, 3
97, 6179
5184, 18
2481, 474
124, 119546
1233, 72477
118, 55911
1227, 51125
2480, 480
123, 1155919
1232, 84249
3986, 14
1629, 55336
2363, 1199
6, 90266
1886, 9049
263, 102117
1372, 17569
904, 7387
390, 3590
5477, 1
1186, 75988
77, 96770
1047, 6197
3404, 13
104, 51806
5191, 30
1213, 47517
645, 27462
4, 1567127
802, 12385
261, 1933216
1370, 35266
184, 4553
1293, 93258
202, 54551
658, 42127
524, 8490
5611, 1
1494, 17068
3851, 9
346, 91064
170, 3095
781, 50299
2597, 382
240, 2609
5327, 234
1167, 52064
58, 2094
5145, 6
599, 2666
1160, 96323
2408, 1012
51, 1186
1021, 31107
3378, 18
78, 5911
1187, 189862
592, 5025
326, 27962
5413, 4
2426, 524
69, 4006
1178, 47135
80, 17578
1189, 53992
92, 11731
5179, 4
1201, 53769
349, 9706
189, 13285
5276, 31
840, 67622
299, 56952
1408, 19125
2583, 435
226, 6496
1335, 26665
20, 96517
5107, 2
1129, 11463
6216, 5
1102, 58706
1904, 9637
3179, 57
822, 65212
355, 15377
1464, 14800
896, 12500
2455, 616
98, 38581
5185, 4
1207, 34236
639, 18102
360, 9899
901, 6252
981, 18818
742, 16717
1851, 9964
2577, 385
220, 8670
5307, 15
1329, 51164
327, 17650
43, 29793
1152, 30745
584, 14952
319, 7977
603, 7172
2035, 6421
953, 11372
412, 5383
273, 18698
5360, 5
2630, 280
1521, 13594
1994, 7154
912, 40375
322, 3200
5409, 7
325, 13577
5412, 3
383, 8739
1492, 20214
350, 3612
5437, 3
892, 9850
351, 70173
341, 24453
423, 11751
328, 46570
5415, 29
323, 2762
491, 6782
5578, 2
959, 28369
418, 3121
1527, 15908
675, 15098
145, 7868
686, 11400
348, 10185
290, 6166
508, 9740
1617, 42771
357, 15552
1466, 13619
593, 5348
1702, 25043
87, 48106
5174, 1
628, 84523
5715, 10
389, 5704
646, 530026
131, 7511
5218, 5
1240, 34261
672, 5039
2297, 1655
79, 1634
3545, 34
1188, 62883
133, 39147
247, 5427
5334, 11
2789, 108
432, 4105
2452, 480
95, 11095
1204, 123199
636, 138979
150, 3334
691, 6746
630, 193482
5717, 1
719, 239802
178, 3949
5265, 1
499, 2169
1608, 82017
729, 59481
2545, 425
188, 20641
5275, 2
1297, 160706
1270, 116470
161, 97206
5248, 3
231, 46343
1340, 34568
6427, 49
595, 16973
415, 3257
5502, 10
956, 10566
6043, 3
196, 196056
5283, 1
111, 9106
1220, 100338
652, 51419
1011, 27478
470, 4565
5557, 2
3936, 15
1579, 27445
113, 7455
1222, 35039
726, 27482
176, 3405
5263, 18
667, 15144
138, 478217
5225, 1
3604, 15
1247, 42267
236, 1602
5323, 1
1345, 21067
6432, 73
716, 40017
747, 8889
732, 32187
1841, 11597
849, 33382
1958, 9521
851, 63553
1960, 9499
2464, 521
107, 11649
1216, 34146
284, 32703
1393, 15366
320, 22133
5407, 2
467, 7222
760, 76095
5847, 2
1869, 8510
1682, 38883
4037, 17
1680, 50161
571, 7500
1218, 36995
748, 16455
3105, 71
1657, 34180
3979, 4
1622, 30948
804, 29046
1465, 15197
825, 12243
914, 9486
918, 166018
6005, 2
870, 18382
5957, 2
784, 59540
772, 17611
5859, 5
1881, 9661
761, 58263
1870, 8300
769, 21428
1878, 8157
1937, 8703
1248, 56591
1719, 26333
1390, 17831
1406, 17399
2654, 232
297, 4346
493, 1315
1396, 13149
2644, 284
287, 4038
1550, 26973
891, 11855
3248, 54
1030, 19017
887, 9538
5974, 1
3244, 66
884, 16511
5971, 1
3241, 35
885, 6484
3242, 19
1024, 16443
878, 14496
3235, 41
879, 7238
868, 37637
5955, 1
3225, 40
3107, 96
750, 36941
1859, 7941
1067, 158855
857, 16368
3214, 56
865, 9429
5952, 3
3222, 93
2113, 6441
866, 10830
5953, 7
3223, 73
1005, 22166
1479, 16250
566, 258260
1280, 108307
3637, 42
243, 6864
2600, 489
382, 6998
5469, 2
1157, 57279
6244, 4
3514, 48
187, 16735
5274, 1
591, 4856
939, 17446
3296, 60
1078, 58756
2046, 7808
1610, 26252
302, 7793
256, 33003
1273, 48385
3630, 67
1628, 51638
519, 3714
5606, 1
2057, 5519
947, 5611
3304, 59
2053, 5917
1214, 32336
3571, 34
244, 39378
1019, 13701
2489, 464
132, 926
272, 27470
5359, 52
2629, 643
1520, 11160
602, 5420
268, 36252
5355, 5
2625, 278
407, 1838
964, 14214
3321, 33
965, 21411
3322, 82
1951, 10644
842, 159800
416, 2203
1525, 19760
6612, 6
4044, 12
1687, 25634
398, 4127
1694, 27274
585, 13800
420, 6680
5507, 2
1529, 34280
640, 29278
1691, 35995
1857, 9215
279, 103874
5366, 5
280, 7439
1696, 25139
587, 19082
1684, 24230
575, 7587
620, 23497
621, 9315
1858, 8508
749, 145289
1846, 10825
1854, 8327
745, 273348
1853, 9082
3101, 59
744, 15062
1860, 8662
1872, 7331
763, 17252
1867, 8886
671, 4237
535, 3391
928, 36919
6015, 1
846, 77845
5933, 1
1955, 7618
292, 20851
5379, 1
1401, 14830
413, 6230
1522, 10380
606, 4747
403, 3322
5490, 6
1512, 12157
2761, 416
404, 1894
1513, 11129
419, 5619
5506, 2
664, 11150
2686, 290
329, 57991
579, 11953
1688, 26378
2510, 364
153, 33998
5240, 6
126, 41172
5213, 3
1235, 60640
561, 21383
550, 6966
166, 27505
5253, 2
446, 3294
5533, 1
1555, 33600
549, 10710
190, 11881
545, 3425
542, 104073
125, 16987
1234, 44869
1852, 9093
725, 45956
518, 10576
1627, 49375
523, 15692
5610, 2
1503, 11540
408, 1083
1517, 13355
6604, 3
1085, 231321
929, 19447
6016, 4
212, 2676
1321, 25329
2568, 439
211, 8373
5298, 4
183, 114933
631, 136597
5718, 10
627, 56013
921, 28694
6008, 1
920, 19522
215, 24441
629, 94642
5716, 2
483, 15838
391, 7127
3857, 8
1500, 11882
393, 12610
402, 3804
498, 18834
486, 1712
5573, 1
1595, 34057
6682, 30
2782, 276
425, 3888
442, 19989
1551, 35878
830, 124204
643, 37802
475, 8463
476, 7868
1866, 7683
495, 19408
1519, 16528
271, 19589
2628, 459
931, 5861
1200, 63865
6287, 1
1462, 14959
1336, 26745
1197, 47390
3554, 14
1360, 17243
251, 83699
5338, 5
463, 9183
1826, 12906
717, 57942
1768, 14498
468, 10207
338, 50480
374, 14471
5461, 11
1483, 14956
1880, 8807
771, 42290
1863, 8123
754, 68746
5841, 2
1877, 8981
159, 9316
1811, 11743
702, 348527
1876, 9463
1379, 23217
2441, 771
84, 2441
1193, 41587
6280, 1
1449, 20255
809, 26023
2552, 313
195, 57982
1597, 362113
488, 4743
1596, 98873
6683, 42
1573, 23166
6660, 3
2462, 377
105, 18184
5192, 2
1566, 28758
775, 25031
1884, 9363
774, 12445
755, 25802
5842, 1
852, 28234
1961, 9255
2819, 311
462, 5069
5549, 1
836, 65705
2615, 308
258, 21417
5345, 10
1942, 8990
833, 702055
2691, 239
334, 103885
5421, 35
260, 1903727
5347, 6
2539, 457
182, 129010
181, 734646
5268, 4
203, 76808
821, 19903
839, 27991
396, 9215
1505, 9212
693, 41059
701, 356945
5788, 3
1636, 36248
626, 587031
426, 25358
1535, 17368
547, 145100
546, 153723
625, 585928
5712, 4
616, 9063
978, 17911
1082, 60875
982, 14485
1071, 125929
979, 16894
1072, 98490
3349, 33
992, 25873
1087, 468026
1074, 80702
1014, 15494
657, 34037
5744, 15
556, 22134
5643, 3
612, 8478
993, 33933
973, 13412
991, 82930
790, 15353
856, 14177
871, 44373
3221, 58
864, 8719
895, 9470
880, 8046
461, 30479
1070, 68679
6157, 6
395, 22833
600, 15851
1936, 8995
1926, 9702
801, 17251
633, 43645
844, 501789
829, 736107
2609, 444
252, 47799
812, 29799
711, 106095
720, 206206
2675, 519
318, 4272
623, 7285
622, 16069
692, 19309
506, 7937
969, 12488
1073, 55946
1063, 126048
974, 18825
1065, 327944
1025, 28258
496, 8958
637, 135933
2754, 132
397, 4655
371, 8976
1083, 108968
3233, 22
876, 13333
5963, 1
942, 38286
950, 8594
1035, 22637
6122, 1
2756, 285
399, 4008
1223, 30501
604, 3880
60, 6013
1101, 41001
558, 9492
1897, 8177
1896, 8466
722, 80849
1163, 41987
608, 7227
3995, 44
1638, 105336
1499, 11241
3856, 22
694, 47736
1488, 14640
379, 7508
1606, 97428
497, 10012
782, 206745
5869, 3
576, 21163
783, 175329
651, 59838
786, 290617
5873, 2
700, 892770
5787, 1
1894, 8907
831, 29307
1486, 19785
803, 34303
1084, 135488
1337, 47039
1475, 11372
1238, 37804
1342, 15232
1289, 70818
1288, 50890
1473, 11314
505, 3876
1611, 28202
502, 38842
5589, 1
739, 8414
1586, 31580
1484, 14533
375, 26209
385, 7182
405, 2786
5492, 3
489, 1044
2785, 282
428, 19601
429, 21686
650, 37449
1905, 8144
654, 25066
653, 30916
451, 3353
554, 5004
494, 16706
598, 9406
5685, 5
1523, 16546
927, 35777
6014, 1
1048, 6953
1056, 15040
1439, 13248
3991, 8
1634, 118557
1547, 18923
1540, 18383
1482, 14494
1549, 21590
1539, 17606
1334, 21011
6421, 1
756, 29122
854, 27910
838, 93114
709, 155408
733, 34858
718, 113694
5805, 1
841, 262242
834, 1579870
2670, 424
313, 13090
400, 23144
619, 122444
5706, 29
3046, 80
689, 23251
615, 111368
699, 1433750
703, 299968
5790, 2
3337, 35
980, 18562
1267, 64641
1257, 26825
1088, 104975
540, 6644
1075, 92508
6162, 2
613, 5520
1069, 107036
2344, 1068
2266, 2011
2559, 349
2550, 344
2410, 575
2567, 322
1995, 6511
7082, 1
2572, 228
2569, 266
2564, 234
2270, 1620
1968, 10407
1918, 9777
1800, 11631
1874, 7834
2587, 350
1820, 10675
2431, 717
1963, 10800
364, 39634
544, 8911
5631, 2
1891, 8079
1888, 8574
2636, 344
2588, 370
1861, 8524
2424, 895
2578, 467
2909, 106
2638, 304
2800, 153
512, 3015
2605, 328
1934, 7980
1818, 11792
1908, 11517
2292, 1681
2202, 3628
2249, 2445
2352, 1232
2444, 706
2436, 598
2437, 572
2618, 251
2537, 424
2807, 130
2333, 1233
410, 3527
353, 5317
452, 2239
2146, 4722
1941, 9258
2188, 4094
1944, 8625
2031, 7522
1790, 12087
1973, 9587
2486, 517
2190, 4201
2647, 326
4503, 3
109, 27767
5196, 2
2134, 5607
1965, 8841
1969, 10823
2411, 893
2532, 323
2651, 418
2534, 358
2413, 713
2217, 3045
2186, 3781
7273, 2
2637, 333
4514, 2
2475, 454
414, 2364
2622, 285
2566, 317
2446, 743
2584, 321
2590, 413
2581, 287
2593, 356
2092, 6040
2563, 440
2074, 5475
2242, 2386
2083, 5456
2617, 280
2399, 932
2012, 7336
2085, 6309
1895, 8235
2040, 6061
2837, 97
1902, 7319
1920, 9895
1845, 9204
2324, 1672
2029, 7014
2314, 1232
2096, 5653
2101, 5082
2301, 1696
2585, 403
2389, 811
2650, 391
2178, 4204
2220, 2627
2604, 374
2193, 3226
3353, 42
2607, 344
2856, 173
2579, 363
2137, 5793
2601, 357
2362, 1135
4433, 5
2778, 396
2775, 237
2772, 203
2770, 261
2744, 278
2641, 216
2771, 300
2639, 284
2640, 258
2433, 720
2298, 1616
3266, 56
2434, 657
2307, 1527
2758, 242
2422, 584
2699, 302
2440, 709
2439, 782
1899, 7758
2263, 2195
2177, 3413
2649, 411
1836, 10946
2279, 2089
2170, 4093
2305, 1234
1913, 9278
2648, 350
2405, 923
2708, 297
2574, 431
2706, 286
2752, 234
2393, 774
2319, 1217
2519, 282
2394, 924
2320, 1141
2142, 4925
2407, 703
2502, 511
2910, 93
2704, 528
2695, 301
2692, 318
2653, 389
1834, 12605
2693, 281
2315, 1463
2009, 6928
2485, 461
438, 2582
2743, 513
2049, 5941
2060, 6580
2487, 496
2153, 4685
2713, 216
2541, 305
1933, 9661
2542, 311
2496, 391
2711, 355
2738, 294
91, 1644
2522, 370
2718, 316
1922, 9605
2098, 5458
2054, 6878
2610, 426
2912, 212
2733, 626
2528, 313
2246, 2284
2748, 235
2235, 2582
2726, 336
2920, 150
2634, 267
2734, 286
2685, 422
1883, 8240
2256, 2385
2679, 445
2325, 1473
2646, 415
2732, 266
2696, 292
2306, 878
1916, 8689
2308, 1168
2677, 325
2774, 200
1892, 8555
2329, 1019
2322, 1381
1912, 10122
2930, 182
2745, 243
2008, 6541
2616, 297
2707, 184
2011, 8342
2331, 1179
2659, 306
2330, 1266
2757, 226
2755, 317
1956, 7832
235, 20115
5322, 1
2021, 5790
2678, 337
2928, 213
2760, 610
156, 2989
2189, 3781
2293, 1415
2327, 1155
2326, 905
2390, 1073
2334, 867
2523, 438
2338, 1080
439, 23890
5526, 5
2317, 1334
2243, 2114
2024, 5691
2258, 2076
168, 1963
5255, 4
2257, 2450
2657, 297
2248, 2061
2229, 2675
2075, 6210
2226, 2476
2289, 1717
1990, 7110
3332, 13
2388, 1082
3874, 9
2660, 478
2767, 326
2947, 91
2768, 220
2471, 573
2337, 1146
2624, 250
2765, 246
2881, 177
2853, 124
3859, 9
3742, 46
2619, 194
4656, 9
4660, 8
4622, 5
4617, 7
3011, 94
2267, 2142
2589, 297
4693, 5
1949, 8803
2105, 5584
2062, 6388
2886, 250
2862, 152
2164, 3779
2867, 196
2642, 303
2714, 260
2461, 316
2859, 260
2094, 6016
2850, 178
2719, 279
2712, 429
2592, 553
2265, 1853
2274, 1447
2264, 1901
2428, 521
2906, 214
2731, 203
2861, 148
2460, 533
2316, 1494
2613, 345
2877, 131
2966, 105
2560, 383
2213, 3477
4804, 6
2729, 175
2530, 333
2976, 125
2516, 255
2527, 333
2518, 257
2524, 360
3229, 121
2529, 367
2898, 75
2174, 3216
2737, 277
1992, 7838
2106, 5573
2762, 377
2917, 112
2129, 5726
2218, 2761
2742, 326
2241, 2853
2723, 228
2259, 1967
1977, 8247
2974, 98
2918, 84
2916, 83
1988, 6725
2967, 59
2282, 1515
2715, 182
2104, 5802
1923, 10134
2208, 3369
1953, 9606
2224, 3111
1983, 8186
1946, 7910
2107, 4881
2926, 130
2915, 110
2099, 5026
2935, 117
2251, 2386
2780, 231
2722, 306
2309, 1725
2724, 229
2236, 2660
224, 4602
5311, 5
2237, 2751
2908, 182
3026, 72
2185, 3642
2942, 153
2984, 106
3028, 48
3024, 52
3029, 64
3503, 24
2690, 291
3027, 73
2526, 396
3354, 59
2557, 395
2540, 381
157, 2089
2766, 213
2355, 1054
3001, 167
2951, 130
2364, 1311
3154, 31
2938, 120
2668, 332
4835, 9
2664, 515
2663, 235
4832, 7
2667, 348
2665, 390
1952, 9672
2353, 1076
2865, 202
2484, 506
2420, 809
2507, 385
2973, 62
2806, 111
2840, 162
2804, 164
2805, 172
2801, 169
3172, 35
2608, 321
2721, 395
2797, 200
2348, 1119
2795, 217
2546, 398
1925, 9669
2148, 5092
2488, 460
2823, 129
3043, 90
2553, 449
2182, 3552
2392, 1167
2517, 253
4077, 5
4829, 2
2111, 5161
2402, 1073
4800, 13
3013, 176
2892, 90
2796, 146
2427, 511
2172, 3460
2415, 673
2876, 125
2483, 451
2429, 538
2449, 576
2694, 458
2162, 3927
2971, 74
2161, 4655
2004, 7067
2059, 6577
2112, 7090
2987, 62
3003, 60
2676, 242
2888, 98
2547, 447
2863, 186
2116, 5414
2351, 1037
2350, 1068
3039, 63
2847, 149
2851, 144
2893, 135
2343, 997
2688, 486
2821, 146
3051, 36
3065, 85
2903, 58
2180, 3882
2848, 193
2321, 1493
2141, 5933
2594, 438
2698, 464
2144, 5177
2230, 3072
2870, 207
3049, 74
2899, 98
2231, 2758
2869, 246
2697, 331
2346, 796
3016, 145
2277, 1967
3073, 90
2347, 1348
1987, 9125
3014, 113
2652, 277
2380, 1013
2349, 894
2341, 997
2684, 287
2872, 267
2689, 265
3299, 28
3292, 18
3295, 63
3294, 40
2705, 334
54, 5454
5141, 1
2418, 864
2925, 160
2476, 352
4683, 5
2145, 5323
2391, 918
2701, 497
2152, 4675
2944, 203
2735, 311
2361, 969
3012, 124
2702, 317
4768, 20
3270, 29
3278, 20
3211, 115
3277, 84
4767, 6
3234, 39
3274, 103
3279, 94
4674, 28
3947, 4
3282, 86
3281, 46
4766, 8
4764, 11
3301, 10
2240, 2555
3002, 104
4145, 21
4870, 12
3617, 38
2820, 187
4772, 5
2359, 1182
4872, 18
4162, 2
4156, 39
4152, 9
4153, 23
4778, 18
3502, 45
4215, 17
3507, 59
4466, 12
4700, 189
4699, 7
3673, 25
3665, 67
4120, 29
3768, 53
3674, 56
3772, 13
3678, 93
4619, 3
3773, 18
3792, 8
4565, 10
3705, 7
3720, 72
4659, 40
4628, 22
4620, 8
4695, 11
4689, 5
4646, 6
3898, 20
4053, 11
3912, 32
4697, 66
3956, 5
3845, 19
3190, 53
3869, 20
3863, 46
4446, 12
4779, 80
4558, 24
3492, 23
4559, 4
3847, 21
4555, 8
4554, 38
4290, 14
4487, 2
4481, 2
4775, 8
4721, 13
4719, 14
2921, 113
4566, 17
4513, 10
3959, 12
4511, 1
4510, 5
3932, 15
3931, 11
4471, 8
4453, 1
4468, 12
3945, 21
4186, 18
4774, 31
2397, 879
4717, 7
4678, 7
4190, 2
4287, 11
4414, 5
2964, 110
4708, 5
4341, 5
4349, 5
4705, 27
4684, 35
3513, 38
3457, 48
3348, 36
4782, 33
4696, 29
4591, 7
4727, 15
2658, 279
3307, 22
3379, 27
4645, 3
3380, 25
4091, 7
4094, 17
4786, 6
4780, 53
4451, 29
3543, 32
4502, 4
4777, 8
3817, 6
4126, 27
4763, 8
4770, 15
3676, 44
4180, 42
2803, 176
3489, 83
3021, 92
3178, 114
3015, 102
3010, 64
3305, 39
3017, 66
3683, 15
2983, 113
2016, 7982
2905, 131
2339, 1153
2786, 263
3247, 64
2788, 224
3780, 21
2799, 164
2468, 441
3008, 93
2931, 145
3006, 160
2929, 184
2943, 158
2493, 501
3253, 31
3574, 82
3626, 13
3411, 59
3000, 81
2999, 123
3447, 26
2548, 421
2535, 360
2538, 264
2358, 928
2975, 92
2039, 6549
3005, 84
3141, 89
3650, 14
3231, 62
3280, 44
3832, 17
3578, 28
3580, 12
3582, 106
3486, 6
3672, 52
2982, 88
3264, 30
3263, 40
2700, 256
3239, 64
2855, 217
3215, 99
2902, 136
3096, 102
3608, 20
3212, 103
3202, 32
3201, 63
3210, 74
3203, 33
3376, 20
3213, 72
2980, 128
3342, 36
3114, 57
2978, 93
3675, 13
2839, 193
3614, 30
3831, 62
3148, 97
3828, 19
3188, 60
3680, 108
3312, 22
3500, 14
3702, 30
3605, 47
3336, 77
3573, 35
3593, 15
3501, 12
3490, 42
3511, 39
3668, 46
3289, 28
3372, 43
3596, 52
3472, 52
3470, 47
3469, 28
3796, 9
3290, 25
3417, 13
3816, 13
3443, 76
3421, 56
3510, 22
3699, 61
3693, 25
3422, 15
3438, 31
3840, 19
2904, 196
3396, 47
3166, 42
3099, 80
3395, 64
3335, 44
3167, 72
3340, 17
3180, 25
2885, 190
3392, 73
3358, 23
3359, 25
3360, 31
3365, 27
3394, 41
2176, 3603
3393, 57
3723, 24
3636, 24
3407, 59
3955, 8
2079, 4786
3441, 12
3412, 20
3934, 10
3809, 10
2089, 5424
3474, 41
3729, 8
2121, 5533
3864, 24
3645, 50
3558, 43
3643, 36
4004, 8
3627, 44
3958, 5
3819, 11
3562, 60
3639, 68
3556, 27
3468, 27
3598, 41
3843, 6
3862, 8
3722, 46
3509, 9
3714, 8
4934, 8
3551, 70
3416, 16
3357, 22
4133, 8
3825, 16
3398, 56
3405, 55
3406, 33
3834, 29
4938, 12
3391, 56
4143, 9
4075, 16
4076, 9
4882, 1
3711, 41
4144, 18
4366, 11
4893, 26
4098, 37
4900, 8
4105, 22
3870, 12
3429, 49
3427, 38
3754, 11
2798, 261
3989, 11
3822, 15
3987, 31
4092, 4
3903, 3
3902, 3
3984, 28
3660, 20
3662, 31
3444, 30
2384, 899
2611, 301
2398, 896
3823, 10
4866, 5
4282, 18
2495, 583
4309, 5
4283, 2
4231, 4
4115, 8
4308, 29
4867, 5
4878, 25
3493, 53
4131, 5
2520, 257
2730, 344
2656, 361
2655, 346
3635, 19
3944, 25
2661, 333
3873, 15
2417, 805
2470, 609
4271, 48
3549, 15
3550, 18
2374, 971
2499, 380
2599, 458
2494, 357
2498, 446
2482, 472
3827, 18
4176, 3
2401, 880
3962, 16
2490, 328
2509, 468
4067, 13
3930, 12
3886, 8
3854, 26
4049, 4
4185, 12
2709, 279
2710, 207
2773, 198
3940, 34
2620, 417
3855, 12
2749, 361
4064, 14
2716, 316
3939, 7
3850, 6
4073, 17
3865, 18
3853, 29
2740, 348
2817, 181
3826, 10
3961, 14
4056, 5
4166, 9
3894, 10
4078, 5
2727, 288
3494, 31
2728, 360
2531, 321
2783, 267
2784, 331
3895, 11
2787, 192
2826, 202
3885, 19
2764, 445
2135, 5222
3566, 11
2816, 169
4195, 30
3899, 27
4054, 4
3900, 15
2033, 5813
3830, 73
3918, 7
2835, 204
2860, 120
2406, 982
3733, 23
3841, 8
2871, 369
2883, 128
3992, 8
3988, 10
3933, 9
3970, 5
2874, 182
3949, 5
4192, 17
3887, 8
2372, 890
2887, 134
2221, 2836
2365, 1188
4097, 15
2882, 132
3897, 15
4164, 22
2373, 812
2894, 169
2875, 251
2884, 106
4119, 7
2866, 183
2386, 607
4104, 3
2890, 125
3929, 4
3783, 24
4154, 8
2825, 125
3785, 26
2854, 198
2336, 1054
2435, 720
2814, 120
4090, 11
4197, 14
4086, 8
2815, 262
4157, 7
4089, 3
2779, 217
4198, 3
2478, 442
3901, 5
4041, 11
4136, 7
4132, 9
3937, 9
2937, 196
4028, 36
4220, 9
3717, 17
2497, 629
2379, 766
2511, 528
2612, 410
4223, 2
4159, 4
4011, 23
4146, 15
2458, 588
4412, 5
2078, 5008
3037, 49
4167, 8
3007, 93
2683, 225
4045, 6
2544, 461
2632, 409
2580, 349
3025, 104
4030, 10
4024, 22
4261, 4
4068, 5
3047, 60
4099, 20
3054, 119
2239, 2630
3058, 88
4071, 22
2371, 1010
2412, 868
2368, 940
3055, 85
3059, 81
2288, 1383
2521, 401
2438, 550
3053, 93
3064, 101
3040, 106
3061, 82
4428, 15
4423, 1
4425, 11
3967, 11
5078, 5
3963, 3
3739, 16
5080, 4
3926, 23
3954, 12
3971, 4
3960, 6
4426, 12
3082, 78
4279, 19
3078, 148
3075, 53
4343, 8
3077, 68
5075, 9
4424, 12
2500, 480
2889, 96
2425, 593
2512, 301
2864, 123
2506, 445
3198, 38
2536, 392
3088, 29
2955, 111
4160, 6
2919, 144
2878, 103
2643, 214
3205, 27
4289, 3
2680, 323
2736, 234
4217, 117
2897, 100
2896, 114
2873, 137
2635, 456
3228, 76
2901, 152
4221, 11
4222, 27
4219, 6
4332, 4
3238, 61
2900, 116
2275, 1889
2278, 1926
2271, 1545
2769, 292
4377, 8
4507, 1
3252, 53
2824, 113
2383, 790
2922, 92
4476, 7
3256, 57
2852, 191
3165, 61
3258, 108
4327, 8
3254, 89
4485, 6
3251, 44
3217, 25
3259, 9
3219, 51
2927, 118
4338, 36
3204, 65
4335, 22
3346, 146
4337, 25
2979, 91
4230, 25
4314, 11
4397, 3
4326, 8
4321, 3
3355, 15
2472, 498
2996, 107
2556, 352
3100, 59
4363, 5
2997, 115
4400, 5
3063, 117
3089, 60
2940, 106
2941, 118
2945, 85
4325, 1
2990, 132
4323, 4
3700, 10
4375, 36
2968, 182
2988, 162
4405, 5
2989, 88
2994, 92
3160, 39
3159, 38
4318, 12
4322, 7
3103, 28
2995, 114
4356, 7
2829, 154
3330, 58
2830, 159
4461, 11
2833, 110
2834, 94
2832, 124
3345, 39
3389, 47
3445, 26
3224, 18
3339, 42
3338, 42
3237, 60
4284, 24
3318, 31
3309, 42
4474, 9
3752, 35
3753, 30
2957, 243
3284, 24
2827, 250
2551, 297
2474, 579
2400, 645
2836, 169
3315, 88
3731, 11
3275, 59
2986, 126
2953, 125
3276, 57
2954, 77
3692, 34
2959, 212
3297, 54
2965, 70
2956, 60
3293, 24
2923, 72
3327, 32
2992, 126
2573, 459
2924, 205
2879, 168
2913, 106
3590, 18
3298, 35
2969, 101
3706, 15
2841, 211
2933, 149
2952, 61
3561, 67
4915, 8
3272, 24
3230, 24
3560, 16
3265, 28
3555, 20
3267, 80
4784, 2
3255, 39
3776, 4
3250, 66
5066, 3
3125, 91
3495, 25
2970, 84
3285, 46
4929, 7
3872, 6
5033, 3
3613, 45
4810, 7
3597, 8
4808, 10
3369, 45
3575, 7
4783, 16
3319, 52
3142, 95
3755, 14
4814, 5
4890, 15
4956, 5
4864, 5
4914, 7
4892, 17
4961, 18
3766, 18
3173, 144
4905, 12
4898, 2
4964, 3
2451, 598
4997, 1
3414, 44
4969, 23
3362, 32
4948, 2
2385, 853
3351, 73
3799, 27
3324, 28
3323, 34
3381, 24
3839, 13
3367, 18
3641, 50
4971, 2
4942, 6
3384, 48
3734, 10
4927, 1
2454, 507
3591, 31
3383, 65
3670, 32
3402, 52
3669, 11
4954, 3
5034, 1
3419, 23
2687, 322
3440, 10
3439, 14
2763, 282
4996, 1
3935, 11
4970, 10
3401, 24
4950, 3
4945, 6
3803, 74
3403, 27
5043, 4
3882, 14
3424, 25
3164, 55
3387, 37
3386, 107
2868, 124
3385, 59
2977, 86
3240, 48
3291, 37
2950, 121
2962, 70
4051, 8
2961, 122
3458, 56
4995, 8
2936, 116
3483, 20
3538, 54
3746, 19
2948, 139
3523, 57
3769, 7
3541, 15
3487, 32
3917, 7
4993, 13
3689, 21
3997, 21
3890, 7
4189, 13
3993, 19
3691, 40
3688, 38
2794, 135
2939, 129
3690, 14
2682, 240
4205, 7
3620, 11
3812, 22
4047, 4
5007, 3
3588, 23
4035, 22
3818, 9
2179, 3989
3031, 95
3795, 12
3788, 97
5059, 2
3985, 16
5057, 6
3653, 60
3804, 27
3632, 29
3975, 7
5050, 1
2810, 170
3801, 8
3080, 45
2831, 146
3090, 80
3829, 6
3106, 109
2387, 873
3807, 20
3659, 30
2377, 905
4233, 16
2811, 169
4235, 5
2843, 128
5047, 10
3998, 13
5051, 3
5083, 3
3835, 13
3115, 50
2382, 792
3112, 64
3131, 63
5055, 6
4117, 9
2857, 86
5052, 8
3844, 17
3679, 28
5053, 1
2907, 110
5061, 5
3170, 61
3153, 49
3719, 9
4112, 13
4019, 18
2703, 430
5064, 6
4031, 10
3716, 28
4032, 7
3907, 10
2505, 439
2781, 139
4148, 61
3750, 16
3904, 21
2717, 225
2739, 261
3220, 69
3738, 19
3764, 19
5016, 5
2818, 206
4302, 2
3232, 53
3924, 17
3779, 20
2750, 239
2998, 121
3942, 12
3948, 13
3032, 93
3176, 60
3128, 54
2395, 588
2504, 379
4297, 1
4299, 16
3317, 26
4005, 5
2477, 454
4006, 2
2549, 451
4137, 10
4022, 89
4003, 6
3095, 82
4015, 31
3842, 9
3889, 10
2376, 895
2845, 179
3350, 39
2846, 235
4385, 1
4201, 5
2812, 133
3347, 36
2844, 226
4373, 8
3300, 23
3143, 54
4107, 28
3146, 48
4103, 15
2442, 567
3878, 21
3344, 52
4295, 17
3085, 93
3136, 76
4293, 4
3134, 50
4351, 5
2378, 769
2895, 306
4408, 22
2276, 2143
3076, 113
3135, 108
4252, 6
3018, 144
2946, 93
2993, 115
4413, 3
3033, 76
3019, 74
2753, 173
3448, 33
2849, 105
3036, 55
4088, 2
3126, 44
3117, 92
3157, 58
3983, 2
3052, 105
4281, 7
2963, 95
3102, 41
3030, 58
3313, 48
3044, 149
3071, 74
3150, 78
3151, 112
3209, 50
2533, 234
3185, 55
3181, 43
3120, 91
3074, 72
3199, 33
3108, 31
3109, 79
4010, 19
3079, 46
4312, 3
4245, 7
3196, 37
2633, 417
3206, 33
3341, 55
3200, 25
4257, 7
3361, 51
3062, 120
3162, 31
4123, 20
3060, 81
3498, 47
3496, 26
3057, 92
4118, 3
3461, 55
3462, 77
3454, 173
3460, 34
3283, 46
4334, 5
2791, 242
4311, 2
4265, 27
3446, 12
3547, 45
3236, 54
4050, 3
4183, 7
4315, 1
4482, 4
4475, 6
3197, 53
2808, 193
2809, 180
4228, 23
3308, 27
3218, 28
3216, 48
2759, 333
3306, 25
4469, 5
3183, 50
3177, 63
3175, 52
3191, 40
4320, 6
3624, 8
2776, 393
3535, 11
2671, 386
3539, 12
3113, 62
4368, 7
4388, 2
3119, 58
3009, 52
3544, 57
2813, 168
3124, 61
3155, 38
3122, 48
3123, 79
3104, 35
2960, 125
2911, 106
2934, 83
2932, 94
2949, 128
3431, 48
3132, 94
4362, 23
3352, 23
3118, 118
4394, 11
3068, 79
2972, 64
3041, 49
3453, 35
3425, 7
3187, 39
3066, 93
3478, 29
3067, 81
3094, 89
3471, 51
4291, 3
3048, 51
3686, 13
3388, 25
3050, 59
4286, 21
4524, 8
3671, 56
3409, 38
3656, 19
3400, 56
3286, 34
3607, 20
3070, 77
3586, 19
3303, 74
3456, 37
3091, 64
4505, 2
4796, 4
4798, 15
4639, 18
4760, 8
5082, 11
4610, 1
5031, 3
5028, 4
5072, 1
4797, 1
4874, 3
3302, 55
4108, 18
3521, 22
3584, 18
3652, 53
3871, 8
3866, 10
3595, 19
3600, 21
4251, 5
3748, 6
3709, 27
3708, 15
3707, 21
3081, 41
3227, 89
3749, 34
3087, 128
2958, 112
4001, 21
3260, 63
4079, 11
3730, 12
3174, 56
4121, 8
3599, 7
3611, 6
3703, 12
3710, 9
3619, 13
3745, 31
4525, 10
3249, 48
3663, 31
3661, 15
3909, 29
3666, 19
3288, 47
3786, 6
4402, 1
4072, 13
3727, 32
3782, 3
4346, 16
4296, 7
3390, 17
3736, 29
3794, 15
4124, 7
3740, 10
3698, 29
4407, 2
3452, 47
3919, 28
3334, 66
3442, 17
4598, 14
3876, 5
3741, 6
4602, 10
3737, 22
4352, 2
3884, 3
3677, 66
4616, 8
3625, 39
3883, 7
3589, 20
3860, 8
4371, 4
3888, 9
3577, 11
4648, 3
3910, 30
3846, 8
3592, 11
4018, 8
4310, 1
4109, 4
4353, 4
4354, 2
4447, 25
3879, 16
3685, 18
4460, 4
4140, 8
4172, 8
3923, 24
3906, 43
4170, 30
4670, 31
4357, 7
4358, 6
4355, 5
4080, 2
4241, 3
3943, 35
4016, 23
4344, 53
3368, 12
3464, 38
3585, 27
4526, 4
4668, 7
4169, 26
4465, 7
4274, 15
4084, 14
4206, 6
4606, 3
4122, 2
4582, 6
4129, 12
2777, 281
4512, 11
4209, 3
2838, 182
2842, 86
4199, 4
4578, 2
4300, 5
4227, 5
4501, 59
4575, 3
4316, 12
4409, 16
4489, 20
4827, 2
3038, 56
3034, 68
4828, 13
4823, 10
4401, 13
4824, 10
3257, 20
4150, 4
4175, 20
4239, 6
4125, 3
3171, 51
4348, 5
3271, 36
3273, 39
3189, 44
4456, 18
4612, 10
2822, 291
4445, 18
3208, 42
4370, 4
4367, 7
4533, 25
4588, 5
3311, 21
4450, 14
3020, 73
4662, 3
2746, 299
3316, 9
3069, 66
4454, 27
4615, 3
4406, 2
3022, 81
4448, 16
4589, 39
3182, 99
3314, 45
2991, 38
4632, 5
3192, 55
4440, 25
4709, 13
4557, 5
3399, 22
3035, 54
4613, 8
3328, 49
3245, 29
4636, 12
3450, 9
4657, 17
2741, 216
4694, 2
2747, 177
3437, 20
4801, 2
3466, 24
3243, 95
3129, 48
3261, 38
3149, 29
4682, 4
3415, 23
3482, 73
4692, 9
4649, 4
3480, 16
4374, 25
4681, 3
4544, 2
3366, 16
3516, 79
4654, 4
4572, 5
4756, 25
3193, 24
4398, 2
4703, 8
3463, 17
3467, 31
3479, 49
4754, 5
4761, 1
4608, 6
4603, 11
4718, 30
4288, 8
3606, 16
4403, 8
4706, 6
3576, 26
3485, 23
3042, 101
4618, 3
4838, 3
3092, 81
4635, 21
3098, 63
3508, 38
3371, 21
4641, 4
4725, 37
4726, 11
4686, 17
4744, 2
4840, 14
3418, 12
4728, 6
3110, 66
3140, 67
3654, 9
3186, 38
4812, 1
4811, 4
4833, 2
3664, 33
4711, 13
4421, 5
4569, 13
4707, 20
3770, 10
3704, 46
3477, 7
3194, 20
3086, 62
3084, 102
4593, 12
3111, 54
2985, 78
4698, 64
3377, 12
3476, 32
3004, 73
3459, 38
3121, 57
3139, 118
3320, 30
3184, 85
3133, 63
3072, 183
3420, 75
4791, 3
3325, 47
4911, 5
4745, 4
4825, 4
3310, 22
3363, 16
3144, 48
3147, 40
3056, 43
3168, 33
3542, 12
4839, 4
2828, 148
3546, 46
3475, 53
3287, 33
3520, 52
3524, 24
3518, 37
3533, 35
3326, 63
3517, 29
4820, 4
3718, 8
3356, 45
3436, 47
4951, 4
4998, 8
4846, 82
3811, 9
3083, 67
3570, 38
3410, 45
3529, 78
3331, 45
4873, 5
3564, 28
3093, 84
4888, 4
3163, 29
3465, 11
3563, 18
3640, 20
3045, 61
3195, 34
4899, 245
4919, 11
5025, 2
2880, 259
3207, 67
4057, 3
4936, 5
3721, 6
3725, 6
4990, 24
4560, 4
4750, 4
4907, 9
3572, 25
3581, 39
3587, 14
3161, 34
5048, 20
3694, 7
3610, 12
3682, 17
3763, 10
4923, 22
4059, 9
3622, 13
4988, 14
3623, 17
3621, 38
3583, 8
3408, 29
3413, 58
3629, 19
3631, 61
3628, 18
3751, 35
3138, 26
3116, 54
3728, 5
3262, 36
4586, 3
3594, 66
3343, 38
3732, 21
4110, 3
3158, 65
3268, 88
3569, 28
3553, 16
3435, 21
5030, 1
3430, 35
3451, 7
3525, 62
3484, 38
3488, 12
4007, 6
3778, 19
3530, 13
3432, 21
3364, 13
3527, 58
3526, 12
3797, 10
3695, 48
4949, 1
3506, 7
4360, 7
4372, 14
4989, 42
4333, 2
4390, 2
4621, 2
4733, 2
4735, 9
4751, 3
4817, 15
4757, 2
4852, 8
4858, 2
4821, 9
4894, 4
4847, 27
4715, 2
4896, 8
4861, 2
4897, 1
4773, 4
4895, 47
4653, 2
4759, 29
4673, 10
4758, 39
4642, 4
4918, 5
4916, 9
4765, 11
4752, 26
4738, 11
4749, 20
4984, 3
4983, 38
4906, 10
4883, 24
4553, 4
4498, 8
4977, 6
4991, 160
4881, 5
4909, 5
4937, 5
4975, 9
3973, 27
3559, 17
5000, 3
4187, 6
4518, 2
3449, 16
3568, 18
3497, 15
3130, 58
3534, 17
3696, 21
4273, 2
3789, 58
4303, 2
3775, 26
3771, 14
3655, 12
3735, 12
3833, 4
3791, 52
3726, 11
4292, 4
3697, 6
4165, 3
4973, 2
3528, 23
4978, 7
4868, 13
3504, 20
4788, 3
3531, 31
4496, 32
4194, 8
4272, 11
4149, 13
4138, 8
3579, 18
4785, 6
4976, 24
4863, 2
4242, 22
4865, 2
3644, 35
3759, 32
3793, 6
4702, 2
3805, 9
3972, 4
3891, 9
4563, 3
4087, 5
3649, 12
3648, 33
3651, 15
3658, 71
3657, 73
3802, 28
4520, 8
4389, 3
3938, 8
4841, 5
4843, 4
4844, 9
4545, 1
4473, 1
4116, 9
3777, 28
4042, 5
4472, 21
4178, 13
4623, 16
4462, 7
4463, 4
3965, 5
4704, 1
4034, 10
3821, 11
4438, 14
4029, 8
3820, 21
4490, 5
4081, 18
4627, 10
4630, 20
4416, 4
4637, 19
4836, 1
4207, 5
4806, 13
4181, 3
4062, 6
4014, 41
4200, 9
4614, 13
4009, 4
4999, 4
4020, 10
4008, 10
4902, 39
4901, 2
4063, 4
4025, 72
4039, 20
4268, 5
4701, 2
4543, 4
3757, 12
4128, 5
4921, 3
4381, 9
4549, 7
4548, 7
4196, 7
5069, 3
3127, 54
4171, 6
5067, 2
4748, 5
4567, 3
4324, 4
4232, 8
4669, 7
4396, 2
5021, 1
4573, 13
4667, 3
4328, 2
4640, 7
4267, 44
4658, 10
4266, 26
4431, 3
4652, 1
4439, 1
4547, 2
4509, 4
4746, 3
4638, 94
4633, 6
4595, 2
3512, 30
4538, 3
5005, 2
3374, 17
4974, 5
3743, 31
4720, 1
3145, 33
3765, 14
4574, 19
4818, 1
4611, 4
3226, 36
4930, 19
3097, 77
3375, 30
3852, 2
4807, 1
4742, 3
5081, 3
4967, 8
3858, 16
4939, 12
3848, 7
4903, 4
5015, 1
4819, 2
3397, 31
5038, 3
4713, 2
3836, 9
4859, 4
4776, 3
4928, 13
3800, 18
3837, 15
4875, 3
3951, 11
3815, 14
4922, 1
5035, 1
4932, 2
4885, 7
3712, 3
3920, 11
4886, 2
4904, 23
4940, 7
4862, 1
4061, 5
3767, 31
3957, 6
5026, 2
3875, 20
3667, 73
3982, 7
3761, 72
3269, 30
4096, 9
3838, 9
5020, 2
4130, 2
4953, 2
4095, 9
5045, 2
5044, 3
3913, 6
5037, 4
3246, 22
3428, 55
3921, 2
3499, 14
3557, 25
3974, 4
3877, 8
4229, 4
3633, 17
3491, 52
3642, 14
3681, 13
3784, 5
3790, 13
4240, 5
3684, 26
3896, 6
3810, 20
3370, 22
3333, 31
3813, 16
4568, 2
3373, 23
4395, 2
3423, 12
4386, 4
3990, 7
3724, 8
4254, 9
3567, 11
4277, 10
4248, 5
4158, 6
4260, 15
4213, 3
4500, 12
4499, 16
4666, 3
3756, 31
3774, 32
3505, 21
4626, 9
4430, 3
4329, 5
3565, 9
5085, 9
3824, 8
4597, 8
3994, 7
4443, 28
4285, 12
3914, 7
3646, 9
3881, 5
3969, 5
4244, 16
4177, 27
4275, 3
4531, 3
4052, 7
4055, 3
4036, 12
4579, 15
4634, 10
4671, 5
4576, 7
4184, 14
4307, 6
4592, 2
4336, 5
4236, 30
4587, 24
4516, 4
4182, 12
4000, 3
4173, 12
4074, 8
4880, 2
4174, 27
4643, 3
4917, 2
4361, 2
4690, 24
4218, 10
4581, 7
4609, 5
4853, 4
4712, 1
4330, 8
4629, 9
4677, 2
4661, 3
4562, 4
4269, 8
4237, 4
4781, 34
4537, 6
4540, 2
4542, 2
4319, 7
4571, 52
4444, 6
4534, 2
4345, 1
4972, 5
4459, 3
