7590, 5
9776, 3
9873, 1
7444, 2
9376, 1
7755, 1
9248, 1
8770, 3
8048, 1
8362, 2
8276, 5
8451, 2
9528, 1
7485, 1
5729, 8
8683, 1
8772, 2
9232, 1
8760, 1
8540, 1
8406, 1
7455, 25
7831, 4
7445, 1
7438, 1
6045, 4
8755, 4
8291, 1
7033, 1
8222, 1
8333, 5
7909, 1
7592, 3
10271, 1
7406, 1
7997, 2
7896, 1
7858, 4
7429, 3
8116, 1
6890, 1
9731, 1
7922, 1
8077, 13
7484, 1
6640, 1
6615, 1
7927, 1
9027, 1
7017, 1
6688, 65
6463, 2
9304, 6
6609, 1
7273, 10
9296, 2
8488, 3
6400, 2
8833, 1
8861, 2
6596, 2
8817, 2
6441, 1
9597, 3
6416, 5
8548, 2
7318, 2
6528, 4
8844, 1
6878, 2
6217, 1
7961, 1
6576, 1
7436, 8
8483, 3
9610, 3
8507, 8
9594, 1
8739, 1
6455, 3
6460, 1
6438, 1
9150, 1
6446, 1
6636, 1
9379, 1
8122, 1
7606, 1
8425, 1
6527, 1
6492, 1
8064, 1
8053, 3
6504, 1
6462, 9
7068, 2
5679, 1
8454, 2
8698, 1
9717, 3
8286, 1
10229, 1
7223, 6
7114, 1
7428, 8
6383, 1
8499, 4
6245, 6
9055, 1
6646, 3
6390, 2
6427, 5
9494, 3
6637, 4
6931, 1
8527, 2
9385, 1
9393, 14
9381, 12
9409, 2
6165, 1
9141, 2
9418, 1
9423, 10
9432, 12
9433, 3
9435, 70
9315, 2
9440, 1
9437, 4
9438, 1
9442, 15
9439, 24
9430, 2
8251, 29
9756, 3
8254, 10
9156, 1
8463, 1
7990, 7
8415, 3
9061, 1
7262, 1
8185, 3
6715, 2
9774, 1
9772, 5
9049, 2
9044, 1
9106, 4
9417, 8
8212, 1
8034, 14
8038, 27
9732, 7
7938, 2
8130, 11
7895, 2
8069, 1
8145, 11
8146, 7
8008, 1
8147, 1
7983, 4
8161, 62
9739, 10
7914, 1
8062, 1
8163, 63
8162, 2
7979, 5
7622, 1
9725, 2
8149, 14
7670, 4
7462, 6
7704, 1
7732, 14
8043, 6
9698, 3
7395, 2
8052, 1
7996, 1
7392, 2
7364, 3
7385, 4
7935, 5
7368, 13
8154, 26
7376, 5
7351, 2
6167, 1
7358, 3
7021, 10
6277, 2
6112, 8
6468, 1
7290, 2
9172, 1
9664, 2
9827, 4
9638, 1
8638, 3
8556, 3
6579, 2
5570, 2
9411, 9
9543, 4
9663, 1
9862, 3
8653, 2
9886, 1
8041, 3
10129, 1
8763, 1
6923, 1
5633, 9
9215, 1
7125, 8
6335, 1
6470, 9
10095, 1
9429, 1
8108, 15
9280, 3
8088, 3
9350, 1
6564, 2
9660, 1
8137, 10
8458, 2
9814, 2
6123, 2
9799, 1
7015, 1
8612, 1
10196, 12
5767, 6
9602, 1
7869, 1
8522, 1
9018, 2
9626, 1
5964, 6
7771, 1
8033, 1
8220, 1
5861, 2
6317, 1
9462, 2
7980, 2
8370, 2
8409, 1
6403, 4
9222, 1
5825, 3
6181, 1
9138, 1
7953, 30
8926, 6
5817, 1
7635, 2
7638, 76
7639, 5
6405, 2
6594, 1
7415, 18
7630, 3
9380, 8
7584, 2
9368, 1
9321, 1
7910, 1
8654, 2
9891, 4
8937, 1
7632, 1
9491, 6
5954, 1
8987, 2
7665, 1
9333, 3
8701, 1
7520, 1
9504, 3
7488, 1
8994, 1
8819, 11
8642, 12
7920, 2
9804, 7
8965, 1
10106, 1
8003, 1
7879, 1
7065, 1
5313, 15
7106, 1
8919, 1
8722, 1
8045, 1
8795, 3
8652, 1
7342, 1
7504, 8
6957, 1
6956, 3
7899, 1
9940, 1
8501, 1
6907, 1
6994, 3
8929, 1
7687, 2
7696, 1
7371, 1
7847, 1
9111, 2
8566, 1
7349, 1
7710, 1
8922, 13
8259, 1
10022, 3
6884, 1
8347, 3
8469, 1
7082, 2
8337, 2
6686, 7
8316, 1
8904, 8
8790, 2
7522, 10
8449, 1
5718, 2
6898, 1
9122, 1
5514, 9
6942, 1
5756, 5
8261, 2
8565, 1
9120, 2
8921, 1
9158, 17
9179, 2
9177, 1
9163, 11
9185, 30
9035, 3
8445, 5
6819, 2
7550, 2
7287, 9
7192, 2
6370, 2
8573, 5
7002, 3
8210, 2
8164, 1
6658, 3
6270, 2
7595, 1
8871, 3
7497, 1
6617, 1
6300, 1
10125, 1
7187, 1
8247, 1
7064, 1
6059, 6
8340, 2
8169, 2
8834, 4
8826, 2
7413, 1
8793, 4
8470, 3
9396, 3
7466, 1
6293, 2
5698, 1
9483, 1
8270, 1
5965, 2
8812, 1
9092, 1
8815, 1
5622, 13
6541, 3
6498, 3
6778, 1
8160, 42
7091, 2
6610, 1
7945, 1
6977, 2
5815, 1
9176, 2
9178, 1
5863, 3
6756, 3
8184, 3
8106, 16
8892, 4
7352, 2
5523, 18
8619, 2
6618, 1
6281, 1
5335, 4
5476, 4
6587, 1
6569, 2
6436, 3
6886, 11
7760, 1
8233, 38
8232, 19
8230, 6
8076, 2
7078, 10
6580, 3
6718, 2
8095, 7
6810, 4
8484, 4
7271, 1
8268, 6
8215, 3
7253, 6
8207, 7
8197, 12
8196, 3
8199, 3
7450, 22
8127, 2
8159, 3
8190, 1
8192, 34
8188, 28
8173, 1
8168, 2
8175, 15
8132, 7
8134, 13
8165, 5
8172, 55
6823, 3
8170, 1
7903, 1
8098, 2
8171, 90
7791, 1
7786, 13
7807, 14
7759, 12
8063, 2
8083, 9
8152, 18
7775, 3
7748, 5
8059, 9
8028, 3
7609, 9
7845, 2
8073, 1
7536, 5
7557, 4
7457, 4
7549, 15
7456, 3
8157, 4
8158, 20
8153, 28
5892, 1
8150, 60
6387, 2
9094, 1
8506, 1
5164, 89
8431, 5
8505, 2
7246, 6
8140, 1
8402, 1
8058, 1
8209, 2
8060, 1
7421, 1
8050, 1
8091, 1
5610, 10
8253, 14
8751, 2
6787, 51
8752, 15
8515, 1
8244, 9
8049, 8
8289, 1
7026, 1
6240, 2
6843, 13
6775, 3
8523, 2
8029, 6
8293, 5
8728, 4
7149, 2
8473, 1
8167, 8
8012, 6
8036, 6
8037, 36
7897, 1
7860, 3
6628, 1
5928, 1
5461, 10
8272, 6
6725, 1
5719, 1
8040, 3
8273, 2
7730, 2
5229, 8
7731, 4
5284, 18
6536, 10
8955, 3
10195, 2
6401, 1
5559, 7
8518, 2
6532, 3
8315, 3
8583, 5
8203, 1
8239, 1
5494, 106
8099, 1
7901, 2
8186, 1
7919, 1
8371, 1
7971, 7
8213, 33
8364, 1
8397, 1
8005, 4
9546, 1
8423, 6
7477, 1
7973, 1
8342, 1
7582, 1
7482, 1
7543, 1
8712, 1
6641, 2
7565, 2
4933, 14
8072, 2
8281, 1
7451, 60
10237, 1
8249, 2
6227, 1
7800, 15
8296, 1
5834, 7
7397, 3
7709, 7
7841, 2
6116, 2
5838, 2
8608, 1
5425, 11
6443, 9
5751, 5
6357, 11
8450, 4
5709, 5
8606, 4
7644, 2
10206, 1
6174, 4
5606, 2
7319, 1
5565, 30
5981, 3
10223, 1
5889, 2
7339, 1
5566, 32
5534, 5
6035, 9
7330, 3
7341, 2
5617, 1
8842, 3
6501, 4
6222, 4
8741, 3
8835, 2
7340, 10
8242, 1
6381, 3
8575, 3
7697, 1
7489, 12
9925, 1
9903, 2
7338, 1
7188, 3
7851, 3
6235, 1
7780, 2
7781, 3
5784, 4
9186, 1
7712, 12
7715, 4
7399, 1
5843, 18
9881, 1
6972, 6
6911, 5
7380, 4
7334, 2
7361, 2
6547, 3
9778, 2
6873, 1
6486, 6
6347, 1
7912, 1
9744, 2
6537, 3
9715, 5
5196, 13
6406, 5
6841, 2
6515, 3
9560, 1
6414, 9
6364, 23
6549, 2
7203, 1
6868, 2
5245, 1
6149, 1
6669, 1
6662, 38
6671, 36
6675, 38
6154, 10
6111, 6
6844, 3
7171, 1
6644, 8
6248, 8
6694, 28
4715, 14
7180, 1
7090, 7
7614, 1
7294, 14
6586, 9
7299, 1
5516, 9
7325, 6
6142, 10
6759, 9
6249, 5
9434, 11
5920, 3
7579, 4
6148, 1
8017, 1
6131, 2
6876, 2
6276, 3
6133, 6
6267, 2
6082, 16
5822, 1
6591, 1
6273, 3
5766, 15
6548, 5
10094, 8
5533, 4
9450, 1
9499, 2
5893, 1
5931, 3
5929, 12
5831, 2
6461, 2
6261, 10
6266, 5
5741, 3
5926, 2
5761, 8
5527, 11
5956, 9
6696, 13
6139, 6
6210, 2
6645, 2
10146, 3
6365, 2
5506, 8
5549, 19
5886, 7
6708, 3
5290, 6
9519, 2
9520, 49
9993, 4
7276, 14
5512, 13
5541, 3
6117, 2
9523, 3
5211, 19
9509, 1
5623, 1
9441, 19
6893, 9
6692, 2
9592, 3
9613, 1
9549, 2
9956, 3
9526, 3
9948, 5
9833, 7
9547, 21
9550, 7
9539, 1
9548, 20
9413, 3
9428, 9
9943, 1
9810, 5
9521, 1
9286, 2
9386, 2
9761, 30
9724, 21
9741, 7
9297, 1
9763, 1
9757, 3
9750, 3
9764, 59
9771, 9
8746, 2
6105, 1
9263, 1
9699, 1
9877, 36
9182, 2
9880, 14
9036, 2
9882, 26
9831, 2
9529, 61
9892, 7
9323, 14
9325, 11
9282, 8
9391, 1
6411, 24
9180, 1
8886, 3
5521, 48
8894, 2
9285, 2
9202, 1
8891, 1
8883, 2
8944, 1
9816, 1
8857, 5
8878, 4
9916, 53
8866, 1
9923, 4
8858, 5
6502, 2
8890, 3
9926, 5
9998, 1
9974, 1
8840, 1
6476, 2
7025, 1
10072, 2
5945, 9
5946, 15
8827, 2
8870, 15
5823, 1
10108, 1
6471, 3
8651, 4
8578, 1
5700, 5
6481, 1
6491, 2
6322, 3
8471, 6
6061, 1
5959, 9
10145, 1
6399, 1
8602, 1
10084, 5
5415, 4
5620, 5
5693, 20
5841, 11
8407, 2
6960, 1
8555, 2
5629, 5
5418, 6
8381, 2
5798, 16
5925, 1
8511, 2
9933, 1
5226, 11
5714, 11
10128, 2
8279, 4
8280, 38
8476, 18
5505, 8
9825, 2
9812, 2
9844, 3
9805, 5
9808, 18
8288, 1
5268, 63
5466, 10
8208, 6
5906, 1
8366, 2
5468, 3
6601, 2
5478, 15
9879, 9
6164, 2
10241, 4
9643, 1
5538, 10
9819, 1
6389, 2
6089, 4
9618, 3
10002, 3
10016, 5
7989, 1
6490, 1
8917, 1
9283, 2
9289, 11
9367, 31
8358, 2
8377, 6
8503, 5
8385, 1
5358, 13
8113, 9
8121, 3
8216, 1
8125, 18
5408, 4
5475, 6
8109, 4
8015, 2
9963, 1
5883, 2
8144, 3
9710, 2
10255, 2
7309, 1
9883, 1
8014, 3
7960, 1
5787, 22
7806, 2
10268, 9
8151, 8
8204, 6
5137, 98
5836, 9
8119, 2
8056, 1
7723, 2
9476, 3
7751, 3
5025, 28
9651, 1
8101, 4
7874, 8
7873, 2
8303, 3
9747, 5
7785, 1
6114, 10
5413, 6
9869, 5
9624, 3
5352, 57
10091, 4
10039, 38
7521, 3
10036, 1
10031, 1
10112, 10
8200, 5
5121, 26
8148, 1
9484, 1
7827, 9
9736, 1
5068, 9
5548, 26
5432, 5
10096, 5
7918, 1
9522, 3
7594, 11
5851, 1
5856, 4
9298, 7
10175, 1
5428, 17
5431, 37
7907, 1
7887, 10
5687, 11
7722, 2
9212, 3
9254, 2
7854, 6
8066, 6
10257, 4
9918, 8
5116, 21
8057, 5
7683, 1
10226, 1
8020, 2
9416, 1
7762, 8
9431, 3
5304, 14
9983, 4
10162, 1
7249, 1
9478, 8
9474, 2
7336, 6
5075, 24
5079, 15
10017, 1
7634, 1
9227, 1
7304, 9
7618, 1
7384, 3
5859, 22
7145, 1
7567, 9
9953, 2
9969, 1
10074, 3
7410, 1
7440, 2
7453, 4
10133, 7
7427, 2
4946, 40
10082, 2
4505, 113
9382, 16
7468, 3
5530, 13
6867, 2
7041, 4
6514, 2
7051, 117
4895, 44
7032, 8
6838, 3
7063, 5
8981, 6
5111, 13
7066, 19
9205, 3
9206, 3
9046, 1
7418, 2
8414, 1
7356, 4
7252, 4
7269, 5
7561, 2
7327, 1
7441, 2
9845, 1
9398, 3
9149, 1
9949, 1
9314, 1
7403, 2
7398, 6
7458, 2
9133, 6
7769, 9
7766, 1
7158, 2
9129, 10
9843, 1
8906, 1
9244, 7
7527, 2
9403, 4
7241, 2
7135, 1
7245, 1
7167, 7
7298, 6
6745, 16
7300, 23
7217, 1
7155, 4
7774, 3
4912, 17
10147, 6
7159, 2
7164, 3
9287, 1
7744, 1
6992, 1
10238, 1
7156, 20
9707, 1
6761, 2
9365, 3
6896, 3
7433, 6
6668, 1
6573, 7
6602, 1
7124, 1
6905, 8
4952, 15
6924, 6
9214, 4
9979, 1
8832, 1
7285, 1
6837, 4
6854, 9
6824, 3
6850, 12
6589, 6
9678, 1
9675, 31
9128, 5
9680, 47
9008, 2
6452, 6
6216, 6
6575, 4
6212, 2
9919, 5
8992, 4
4637, 26
6930, 1
6927, 3
6974, 3
7240, 7
7129, 2
9218, 1
9243, 1
8732, 4
9068, 7
10231, 2
9076, 11
9077, 9
5553, 3
8856, 5
6485, 17
5522, 17
6265, 3
8932, 3
9119, 2
6263, 17
6343, 5
6320, 3
10111, 7
7279, 35
6766, 6
10174, 1
5988, 9
6874, 3
7178, 3
6938, 2
6289, 1
9697, 7
6947, 3
6280, 1
6246, 3
7228, 6
8797, 2
9074, 1
8876, 6
9075, 7
9072, 3
8872, 2
6741, 6
9706, 2
6109, 21
9062, 3
9011, 5
6388, 9
10245, 1
6881, 1
6553, 3
6980, 9
6568, 3
6180, 4
6822, 1
5789, 5
6475, 20
6161, 1
7011, 5
6959, 1
7402, 2
6848, 2
9860, 1
6489, 2
5739, 4
6451, 1
6629, 2
6100, 10
6078, 8
5627, 9
5997, 5
5846, 11
5998, 110
9571, 4
8742, 4
9070, 1
6011, 10
9669, 5
7387, 11
6037, 8
5484, 5
8805, 9
9627, 3
8933, 4
5281, 26
8227, 1
9561, 3
8773, 3
8782, 7
8936, 25
8783, 1
6651, 3
5414, 11
5257, 18
5240, 14
5949, 37
5322, 15
9852, 1
6346, 7
5703, 2
5262, 29
5978, 4
8493, 1
5979, 9
6323, 42
6332, 14
7013, 1
5306, 4
5216, 21
8896, 4
6733, 4
5125, 35
6681, 4
6562, 3
5247, 8
4964, 19
10040, 2
5937, 3
5880, 8
5975, 11
4805, 50
5333, 27
4908, 57
5953, 1
5026, 23
5126, 15
5014, 11
6516, 5
6480, 18
5854, 24
9606, 1
9536, 5
6556, 45
9609, 2
8603, 3
9622, 193
9623, 4
9489, 5
8666, 4
5601, 7
9620, 28
9532, 4
9599, 11
8405, 2
9108, 3
9452, 32
9481, 17
9463, 56
5612, 6
9477, 5
9614, 8
9272, 8
9498, 15
9621, 39
9225, 29
9616, 23
9115, 2
9228, 48
9495, 10
9080, 2
9134, 2
9260, 78
6146, 3
9105, 8
9456, 6
9459, 53
8214, 12
9389, 1
9449, 1
9353, 2
9351, 4
9335, 1
9397, 1
9309, 6
9313, 2
9419, 1
9270, 1
9265, 2
9366, 1
9370, 2
9258, 1
9252, 4
9427, 3
9253, 3
9230, 5
9320, 2
9332, 1
9226, 1
9460, 8
9461, 325
9081, 3
8749, 1
8661, 1
9619, 53
5743, 7
8187, 28
9087, 1
8156, 27
8139, 75
8136, 3
8129, 1
8138, 20
8142, 12
9121, 2
10048, 5
4713, 12
6307, 3
9604, 1
8141, 92
5821, 3
7357, 3
8838, 11
5241, 39
5065, 52
8283, 1
9786, 2
7227, 1
7699, 16
9795, 1
4696, 23
7189, 6
7757, 3
5310, 11
7736, 3
9779, 2
10055, 1
9769, 2
7705, 1
7127, 1
7698, 2
9640, 2
9800, 2
10239, 4
10244, 6
8226, 2
5020, 35
8393, 24
8410, 2
9302, 11
9300, 18
8391, 7
5394, 4
7892, 6
5460, 31
9175, 6
6816, 2
9316, 1
9306, 3
9751, 4
9188, 1
5213, 12
7756, 7
9648, 1
7430, 4
5270, 14
9493, 1
9361, 7
7267, 19
6557, 8
6720, 1
4846, 52
9503, 1
9310, 9
7324, 23
6657, 4
7891, 4
9191, 9
9372, 1
5459, 10
9154, 1
9421, 81
7967, 1
6614, 6
5019, 33
9701, 3
9328, 3
5056, 9
7190, 2
6592, 23
4899, 17
6990, 2
10110, 8
8194, 1
5202, 22
6560, 3
7214, 1
9360, 1
9703, 1
9275, 3
6593, 34
6673, 3
6727, 7
7507, 2
7150, 5
6531, 3
7243, 6
5192, 41
6523, 5
6391, 2
6888, 8
4918, 17
6524, 1
9110, 1
6581, 10
7058, 2
6448, 14
5135, 74
7810, 4
8355, 1
7006, 8
6410, 43
7139, 16
5108, 10
6652, 2
7103, 5
9033, 1
6526, 3
6459, 1
6423, 6
6420, 8
6408, 15
6633, 11
6627, 2
6632, 6
6487, 3
9221, 1
6643, 66
10193, 2
6251, 13
6499, 1
7544, 3
9569, 2
9583, 5
7541, 6
6926, 6
6132, 19
6619, 5
6750, 2
7542, 3
6203, 15
6631, 12
6649, 47
7787, 1
6770, 14
6016, 11
9053, 2
6205, 6
9625, 20
6053, 4
6052, 13
7163, 1
9308, 5
7777, 2
6509, 3
9118, 1
6859, 6
6046, 8
8461, 7
9479, 5
6653, 5
6751, 1
9410, 2
5489, 8
6946, 1
6762, 4
7118, 3
9607, 51
6359, 2
6179, 6
6065, 8
6743, 10
6702, 2
6700, 5
5896, 6
9123, 2
7004, 1
6050, 5
7534, 16
6964, 9
7479, 4
6752, 4
7494, 1
6664, 2
6539, 2
6647, 6
9103, 3
6290, 54
6296, 1
5779, 6
5791, 7
6068, 7
7093, 6
7069, 2
6656, 11
5682, 8
5872, 4
6228, 9
6769, 1
5922, 18
7551, 1
5637, 5
6719, 1
6630, 2
6220, 9
5684, 3
5878, 9
5969, 7
9250, 1
6003, 4
5582, 3
6022, 7
5839, 3
5618, 11
6238, 7
6479, 4
5435, 23
6178, 14
5613, 23
6151, 6
9671, 37
4917, 28
9672, 8
9009, 1
5317, 35
6327, 6
9667, 3
6326, 2
5305, 7
5677, 11
6096, 5
9114, 2
6094, 8
8956, 6
6243, 5
6252, 29
5510, 30
5993, 8
8954, 3
5186, 8
5581, 4
6665, 8
9223, 1
7661, 5
5157, 28
9727, 6
5575, 2
5071, 8
7016, 2
5713, 5
5621, 16
6310, 11
6456, 2
5704, 5
6366, 27
5638, 18
5754, 17
9056, 1
6511, 7
8847, 1
5471, 15
5624, 4
9131, 7
5701, 3
5597, 12
6612, 2
4830, 60
5518, 6
5011, 17
4810, 59
4970, 26
6996, 14
5683, 16
6995, 2
5680, 14
6993, 2
9566, 14
9628, 3
9564, 13
9578, 6
9585, 8
9541, 2
9587, 17
9586, 5
9589, 24
9590, 30
5253, 13
9573, 37
9553, 3
7883, 5
9464, 9
5833, 5
9276, 1
9343, 5
9337, 3
9319, 20
9336, 2
9358, 5
9352, 1
9345, 1
9192, 3
9359, 86
9354, 12
6497, 4
9099, 12
9083, 10
9052, 9
9277, 5
9247, 1
9204, 1
5388, 2
8846, 1
8960, 1
9096, 1
9200, 64
9198, 1
8889, 3
9199, 18
9088, 1
9010, 6
8802, 1
9137, 2
8910, 1
9195, 47
8726, 4
4926, 12
8681, 6
8723, 1
8761, 16
9162, 10
9058, 1
9082, 1
8720, 3
8623, 2
9047, 2
9016, 4
8624, 7
8905, 1
8626, 1
8618, 3
8655, 1
8792, 1
9064, 1
8592, 5
8938, 1
8613, 6
8939, 2
9164, 69
8464, 2
8596, 23
8462, 10
6194, 4
5261, 17
7972, 1
5457, 88
8587, 5
8581, 2
6380, 7
4982, 7
8918, 4
4981, 14
8590, 3
9161, 4
6445, 50
5578, 11
8055, 3
5177, 25
7880, 8
7681, 11
4534, 31
4997, 6
5628, 31
4517, 42
8336, 4
8334, 2
7928, 1
4496, 62
7611, 2
5558, 11
8541, 1
5495, 77
5085, 89
5171, 36
4371, 83
4757, 45
5082, 24
4980, 18
4772, 48
4916, 25
5867, 9
7932, 2
7454, 6
5141, 28
7460, 23
7533, 36
8351, 2
5520, 3
5406, 7
7846, 1
8229, 1
5436, 50
5507, 14
5167, 36
6145, 5
8335, 1
6584, 4
8071, 2
7642, 12
7476, 1
7631, 4
5910, 5
5427, 2
5035, 11
5223, 14
6713, 1
8456, 6
10219, 2
5802, 6
7575, 2
8035, 5
8777, 5
7571, 2
7569, 8
5765, 15
5044, 5
7752, 15
7970, 3
8079, 12
5070, 33
4707, 33
9364, 1
4989, 20
7487, 3
7486, 4
4979, 19
7391, 3
8180, 1
7749, 1
4743, 80
7563, 2
7545, 7
4959, 44
4972, 45
5691, 6
7328, 2
7564, 4
4919, 12
7475, 1
6031, 8
6567, 14
4524, 112
4775, 56
7248, 8
5812, 8
5921, 4
7379, 9
7966, 2
5797, 90
5422, 29
7350, 6
5423, 31
5796, 16
7797, 15
7186, 4
7251, 5
7552, 1
4812, 22
7519, 5
7669, 9
5674, 3
7823, 5
5666, 6
5590, 28
7789, 3
7199, 8
8859, 4
5347, 11
5327, 10
7386, 4
7401, 1
7198, 1
4157, 189
5451, 11
6544, 2
7902, 1
5588, 26
7515, 1
5385, 28
5670, 10
7110, 2
7036, 6
7366, 9
7323, 2
7133, 3
5312, 45
7123, 1
8810, 6
7601, 2
7097, 34
7092, 10
6984, 15
5139, 15
5228, 9
7877, 1
5647, 5
7548, 7
5114, 36
5579, 18
5209, 83
9405, 1
7414, 4
7281, 3
7496, 2
8980, 1
5569, 8
5103, 30
5416, 21
7191, 9
6611, 4
7724, 4
5542, 5
7193, 19
6983, 2
5452, 13
5084, 13
7509, 5
8950, 6
6987, 8
5093, 25
4528, 43
5002, 16
5016, 14
7492, 1
7035, 1
7291, 9
7975, 1
7196, 6
7229, 1
7109, 4
7207, 8
7101, 7
5584, 47
5605, 25
7024, 4
8780, 1
5474, 34
4782, 34
7289, 1
7431, 37
7864, 3
4788, 29
5493, 4
7311, 6
5445, 17
5132, 21
7654, 4
5129, 23
6954, 4
5269, 16
5499, 21
4486, 69
5032, 14
6765, 18
7396, 2
6768, 20
7943, 3
8131, 36
5197, 9
6922, 1
5465, 27
7822, 4
4355, 77
5448, 11
6757, 3
8716, 4
7268, 20
7842, 1
7510, 4
8598, 1
7160, 4
4744, 45
6738, 6
7260, 1
9213, 4
6786, 15
6783, 3
6776, 3
6785, 5
6789, 42
6937, 3
6705, 2
6690, 2
6597, 1
6834, 19
7930, 5
5830, 7
6500, 3
9720, 1
7929, 3
6802, 5
6254, 7
7168, 12
6253, 42
7677, 7
9718, 3
6831, 5
6833, 11
6299, 4
7926, 13
7540, 8
7210, 1
4814, 17
6546, 7
7906, 6
6384, 1
6968, 2
7933, 2
7925, 3
7934, 39
6398, 75
8416, 9
6706, 12
8475, 1
7292, 2
6433, 34
6835, 20
6202, 6
7625, 9
6869, 7
6910, 1
7633, 3
6707, 6
6193, 6
6951, 2
7359, 2
6099, 7
6368, 7
7363, 3
7830, 2
6092, 1
7225, 5
6969, 2
6136, 28
8460, 4
6716, 5
6418, 3
7627, 5
6674, 2
6782, 4
7169, 4
6162, 5
6129, 1
6071, 1
6058, 15
7412, 5
6262, 3
7057, 24
7559, 2
7556, 4
5857, 2
5888, 27
5908, 17
6825, 14
7138, 32
5852, 8
5855, 26
5868, 10
5871, 2
5874, 26
7255, 3
7140, 4
6736, 42
5866, 47
5940, 11
5692, 11
6127, 7
4110, 85
5913, 23
6062, 6
7480, 6
5984, 10
5882, 11
6291, 6
6571, 4
5916, 4
7142, 30
7146, 2
6097, 7
6495, 6
5568, 10
6434, 2
6014, 5
5809, 9
6535, 6
6555, 1
5770, 13
6889, 3
6545, 5
5899, 6
6019, 6
6543, 3
5563, 17
5519, 16
7108, 3
7049, 9
7213, 26
6604, 1
6070, 8
6660, 11
5795, 5
7365, 1
6444, 1
5990, 3
6430, 4
5781, 15
5614, 7
5587, 60
5615, 19
5782, 14
5354, 15
5775, 11
5891, 4
6330, 5
8363, 1
5328, 76
5731, 8
5309, 23
5837, 2
5319, 25
5321, 40
5529, 6
5685, 6
5728, 13
6303, 13
6915, 7
7204, 5
7054, 14
6442, 2
7053, 36
6234, 9
8390, 7
6233, 10
7201, 20
6086, 19
6214, 2
6083, 19
4560, 40
6084, 4
5169, 28
6260, 19
5170, 55
4552, 35
6185, 25
4532, 55
5136, 35
6134, 12
6561, 8
5180, 39
6552, 1
7194, 2
6120, 9
9608, 4
6159, 17
5248, 20
5308, 13
5263, 26
7695, 4
6274, 2
5287, 13
5490, 17
5274, 21
5634, 5
4832, 50
5383, 9
6344, 5
4643, 30
5419, 17
5184, 34
6369, 1
6305, 13
5557, 4
6138, 10
5173, 35
4811, 21
5407, 9
4623, 117
4626, 136
4607, 17
5144, 13
5539, 21
5607, 8
5095, 44
5504, 32
4544, 107
4589, 149
5236, 19
6943, 4
5827, 11
5826, 27
7206, 2
8521, 1
6190, 6
7137, 5
7088, 7
6363, 5
9577, 10
5995, 5
9598, 1
7222, 259
5113, 34
7200, 11
6060, 5
6507, 29
7048, 33
7075, 5
7073, 2
7208, 60
7211, 8
7218, 17
6734, 3
6845, 40
5046, 32
7094, 14
7095, 7
6678, 8
6677, 4
6606, 3
6728, 2
6856, 80
6529, 2
7056, 2
6341, 11
5153, 21
6989, 1
6953, 9
6934, 2
6998, 1
5503, 5
6711, 4
6870, 2
6724, 4
6865, 6
6967, 8
6971, 4
6858, 1
6853, 5
6830, 11
7061, 45
7062, 309
6676, 7
6250, 6
7220, 57
7221, 26
5072, 32
8562, 3
7161, 1
5088, 15
5146, 25
5022, 32
8545, 1
8496, 1
5179, 22
5403, 6
4975, 106
7277, 3
4910, 43
5004, 15
4936, 22
5792, 3
4823, 38
5064, 35
4778, 64
4837, 25
4786, 41
4965, 102
4995, 24
4797, 75
5193, 7
5411, 8
5006, 6
4911, 43
5390, 6
7264, 3
8440, 3
4656, 20
8317, 1
4885, 26
4799, 26
7152, 1
4673, 51
5078, 16
4676, 76
4364, 242
5420, 51
5063, 41
4902, 73
4905, 58
4741, 46
5163, 27
4659, 84
5508, 14
4621, 59
5296, 66
5293, 16
5286, 19
5182, 14
8361, 3
4595, 55
5258, 40
8375, 5
7120, 5
7202, 9
5283, 28
8250, 3
5849, 17
5346, 30
4579, 67
7080, 3
5242, 11
5222, 5
4947, 22
5275, 43
4550, 17
4777, 24
6598, 12
5401, 6
8314, 1
4780, 63
9446, 4
7117, 3
7237, 4
5260, 18
4240, 93
4695, 37
7219, 3
6101, 4
5175, 22
4766, 61
4304, 58
5218, 22
4662, 57
4422, 45
7136, 2
7151, 2
7216, 9
4667, 34
4740, 44
5251, 9
4313, 145
7045, 4
5829, 2
7113, 11
5278, 33
5159, 9
4584, 62
5302, 40
7111, 1
5174, 7
4533, 47
4522, 71
5100, 13
5080, 41
4485, 47
4785, 149
8181, 4
4784, 73
7050, 20
4432, 100
4334, 231
7009, 19
6991, 11
8324, 1
7060, 5
8379, 1
8341, 1
5511, 8
7005, 14
4450, 50
4515, 97
4988, 21
5120, 12
5183, 10
5176, 40
5635, 1
5652, 22
6982, 9
4881, 23
5097, 11
4459, 77
8155, 58
8304, 1
5130, 91
5450, 8
5232, 38
4996, 33
5214, 14
5454, 28
5096, 33
4859, 31
7076, 1
5604, 7
5567, 4
5058, 36
5639, 5
5128, 25
5057, 101
6978, 9
5051, 16
5391, 24
4692, 29
6955, 5
5191, 23
4808, 88
7046, 6
4886, 21
8309, 10
4720, 29
8054, 3
4708, 40
4508, 96
8081, 1
4841, 5
4940, 16
5083, 13
4682, 21
4678, 35
6916, 17
4689, 41
4592, 50
4593, 78
4706, 50
4591, 38
6965, 1
6945, 1
4985, 16
7007, 1
4609, 17
6904, 6
4393, 160
4712, 34
5077, 23
4726, 18
4465, 98
4999, 5
7116, 9
5101, 23
8275, 2
4887, 17
5045, 18
6925, 2
4898, 39
4883, 34
4492, 61
4826, 20
4944, 10
6855, 2
4347, 60
4955, 92
5003, 20
4847, 34
4159, 207
4128, 162
5117, 23
8046, 6
6976, 1
5303, 60
4289, 95
4563, 51
5013, 13
4966, 42
6798, 27
6795, 1
6788, 11
6797, 2
4372, 68
4320, 75
4296, 253
6717, 7
6650, 14
4516, 64
6791, 7
5442, 19
9032, 2
9219, 6
5050, 16
5060, 38
5059, 55
5018, 7
5052, 40
5424, 26
6777, 14
6201, 10
6807, 1
6806, 12
6803, 29
6773, 6
6809, 32
5350, 33
6605, 21
6781, 3
6814, 14
6373, 5
5099, 13
4335, 97
4935, 49
6813, 5
4333, 109
5259, 12
4555, 30
6948, 1
6950, 7
7027, 5
5166, 50
5134, 24
7981, 1
4951, 55
4561, 32
6920, 4
7937, 3
8235, 3
4454, 108
5314, 4
7084, 8
6790, 9
6832, 23
6755, 2
6839, 41
6921, 20
5143, 39
6918, 8
4327, 101
6723, 21
4854, 22
5161, 31
4806, 28
6704, 6
7059, 60
6906, 20
4060, 155
4089, 230
4062, 310
6811, 8
6392, 30
5204, 27
4795, 61
4796, 20
6396, 13
6829, 19
6163, 1
6689, 5
8117, 1
4716, 84
6863, 1
4251, 101
6962, 16
5112, 13
5028, 24
6638, 2
6763, 10
6395, 15
4642, 92
4373, 83
8191, 48
6654, 6
5001, 17
4879, 41
4620, 33
6746, 2
4651, 29
5092, 27
5074, 47
6805, 2
3956, 440
6804, 13
6792, 11
6794, 6
4668, 98
5076, 54
4770, 28
3982, 308
4274, 170
6600, 11
6928, 11
6739, 1
5038, 48
4606, 41
6929, 4
4135, 173
5037, 26
4937, 13
8115, 2
7853, 2
6801, 82
4590, 39
7936, 7
4732, 27
4177, 206
6607, 7
4733, 75
4192, 131
6779, 1
4998, 20
6936, 3
5029, 37
6973, 7
4488, 48
6550, 1
4447, 81
4446, 91
6764, 15
4675, 73
6655, 12
4525, 61
6737, 9
4510, 70
6572, 8
6735, 9
8084, 1
6648, 1
6800, 9
4943, 23
6703, 6
7143, 84
6860, 1
4779, 24
4941, 19
6488, 1
6939, 8
4658, 51
4576, 7
4582, 52
4409, 220
6613, 14
6213, 11
6215, 5
6721, 5
4351, 65
4813, 35
4666, 80
6666, 5
6699, 21
6474, 13
6412, 9
5585, 25
6940, 6
6482, 42
6697, 16
8090, 3
4764, 83
4664, 46
4614, 60
6670, 6
4417, 30
6496, 5
7779, 1
6667, 5
4339, 63
6582, 4
6355, 1
6483, 37
4066, 227
6866, 7
4617, 50
8025, 8
4653, 48
6493, 22
6494, 23
4622, 42
6331, 5
6054, 16
6064, 18
6001, 4
6170, 10
6038, 7
6056, 26
5464, 7
6032, 7
6508, 18
6287, 8
7767, 32
7772, 55
7018, 11
7814, 11
7008, 11
6407, 21
7012, 5
7768, 4
7010, 3
6510, 2
6278, 5
6342, 7
6538, 3
7783, 5
6574, 4
3801, 207
6413, 19
5875, 27
3902, 318
6439, 35
4477, 41
6141, 23
6143, 5
5864, 15
6693, 8
6585, 12
4396, 94
6503, 3
6157, 7
6144, 2
6672, 9
7650, 2
6695, 3
6415, 2
6563, 32
4377, 42
5799, 20
6000, 5
6521, 1
7763, 15
7764, 5
6024, 11
6608, 4
7770, 21
8024, 9
7798, 1
4185, 144
8022, 4
7795, 4
6020, 6
6424, 1
6195, 1
7900, 1
8011, 6
7637, 9
7636, 5
7939, 2
6378, 16
5626, 8
6466, 5
4938, 45
6634, 11
6106, 5
6140, 1
4212, 136
6454, 5
6256, 1
6333, 1
5596, 23
5583, 18
5648, 6
6087, 19
6337, 6
5992, 11
6118, 7
7719, 2
5958, 5
7572, 2
7667, 4
7720, 19
6324, 5
6295, 3
6334, 80
5853, 4
5746, 3
7684, 1
5769, 12
7682, 1
5790, 3
6350, 6
6354, 11
4942, 32
6404, 5
6422, 1
7717, 31
6812, 13
6312, 7
6076, 31
6158, 6
5757, 38
5735, 11
5734, 7
6318, 2
6540, 3
5041, 15
3637, 272
7721, 4
6309, 11
6009, 13
5292, 56
5349, 96
7570, 3
3639, 489
5885, 8
5653, 7
5649, 3
6002, 5
5881, 1
7716, 37
5233, 44
5630, 14
5654, 19
6730, 3
5619, 7
5405, 6
5299, 114
5294, 23
5862, 16
6740, 4
7439, 11
7585, 5
7506, 3
7589, 4
6397, 5
6744, 6
5491, 14
7808, 22
7610, 2
7495, 7
5378, 19
6026, 6
7826, 2
5681, 18
5487, 23
6712, 5
7617, 2
7499, 9
5496, 27
7839, 2
5482, 43
5481, 10
5483, 3
6709, 14
5498, 46
8985, 6
5500, 12
5586, 99
5556, 7
5577, 22
5010, 20
5376, 38
5576, 19
5573, 3
6358, 6
6066, 13
4969, 45
5536, 24
6437, 1
5738, 31
5740, 14
5963, 1
6282, 3
6040, 10
6057, 4
6225, 4
6376, 29
6039, 32
5562, 24
5509, 16
5469, 51
4852, 20
6027, 1
6182, 2
5544, 14
6244, 3
5470, 61
6048, 3
6271, 8
5877, 4
5426, 44
5412, 3
4598, 89
5501, 13
6432, 14
7886, 4
4894, 90
5429, 18
5062, 60
5458, 26
5696, 11
5456, 15
5712, 16
5446, 7
4789, 12
4599, 58
5369, 14
5873, 17
6325, 1
5485, 17
5492, 30
5991, 8
4742, 37
5430, 37
4735, 63
5311, 14
5869, 7
5300, 14
6025, 22
6264, 1
4773, 42
5400, 22
4636, 47
4645, 36
4635, 33
5999, 5
5355, 11
4752, 76
4418, 140
5694, 3
4360, 83
4403, 54
4711, 24
4717, 31
5488, 12
4546, 135
4724, 40
4729, 49
4527, 38
5440, 29
4722, 44
5968, 16
4281, 175
5441, 76
5250, 32
4318, 135
4210, 272
5254, 23
4326, 83
4392, 151
6339, 1
5472, 92
5295, 115
5297, 15
5977, 6
5224, 24
4139, 189
4332, 137
3798, 426
7467, 8
6010, 21
3862, 299
8102, 24
6007, 17
4307, 80
4719, 53
4816, 60
4376, 72
4375, 93
4400, 103
7666, 4
7803, 1
5366, 14
7734, 7
8105, 3
7811, 3
7174, 15
7805, 1
7662, 1
5043, 110
5404, 24
7648, 4
5015, 7
7816, 7
7725, 4
7801, 13
7014, 4
7674, 14
7672, 4
6919, 1
7653, 1
5730, 11
7671, 2
7809, 58
8839, 8
7820, 26
7465, 5
7333, 2
4473, 127
7449, 45
7461, 10
7690, 16
7691, 5
7275, 3
4114, 201
7205, 20
7332, 3
7651, 1
6566, 1
7605, 1
7607, 3
7389, 2
7583, 1
7645, 31
7547, 4
7546, 10
7530, 1
7593, 2
7503, 3
7505, 2
5069, 19
7615, 2
7464, 5
7314, 2
7459, 5
7562, 5
7566, 11
7452, 90
7446, 38
7623, 7
7447, 4
7424, 5
7516, 8
7528, 2
7420, 1
7656, 61
7657, 330
7288, 6
7266, 1
6852, 6
6840, 13
7818, 201
6661, 23
6917, 21
7817, 12
4787, 26
7819, 93
6900, 33
4112, 170
6473, 3
4625, 111
5142, 64
4627, 45
4237, 163
4618, 70
4628, 57
5036, 20
4472, 31
4660, 19
5231, 23
4956, 177
4050, 211
4497, 83
4657, 38
4462, 55
4203, 211
4821, 25
4504, 53
8267, 6
8269, 59
8263, 1
8256, 1
8262, 4
8266, 22
5996, 7
4231, 174
4616, 87
6879, 2
7315, 1
4809, 57
8368, 30
4974, 44
4990, 65
4934, 39
5359, 13
4967, 20
5360, 23
4971, 44
4513, 76
5282, 34
6506, 11
4800, 41
5344, 40
5363, 48
5356, 14
4962, 57
4453, 37
4958, 20
5379, 13
6183, 8
5389, 8
6211, 11
6184, 4
4443, 80
6041, 53
4478, 119
5067, 26
7706, 9
6218, 5
4165, 229
4669, 36
4629, 59
4437, 86
4445, 85
4414, 111
4460, 91
4119, 160
4479, 51
4693, 32
4615, 84
4691, 29
3622, 387
5362, 106
5267, 31
5361, 133
6034, 18
4276, 236
4672, 77
4476, 83
6147, 4
4286, 152
4900, 41
6284, 6
4551, 109
3651, 341
7708, 4
4994, 90
4928, 19
4567, 86
4291, 183
4206, 371
4630, 65
6328, 4
6176, 12
7761, 1
6173, 10
4271, 199
4608, 40
4264, 177
4597, 55
4538, 91
4610, 70
4558, 114
4566, 99
4565, 92
4547, 146
7685, 7
4002, 430
4562, 59
4388, 108
4906, 27
7686, 10
4545, 74
7713, 2
4531, 38
4529, 49
6298, 4
4514, 66
3741, 345
4801, 44
4394, 46
4490, 99
4803, 40
4346, 27
4844, 24
4399, 130
5145, 16
4044, 172
4071, 166
7663, 1
5923, 3
4549, 20
4583, 87
7969, 12
8775, 2
7950, 6
8694, 8
4644, 54
4518, 71
4261, 176
8715, 1
8702, 2
5152, 11
6239, 9
8740, 3
4650, 28
7404, 2
4037, 117
7799, 1
4306, 100
6247, 9
4117, 146
4379, 54
4838, 45
4670, 74
6242, 1
6440, 3
4299, 159
3999, 346
4807, 67
4022, 420
4275, 148
4631, 64
3743, 446
3943, 247
5031, 66
7581, 3
3977, 274
4209, 104
4297, 171
7626, 12
5832, 3
5049, 90
5048, 75
7568, 18
4389, 108
5930, 17
4471, 106
4474, 136
4480, 38
5939, 22
4634, 63
4489, 57
7640, 7
4511, 79
5957, 2
4501, 77
4639, 103
3763, 327
4686, 70
4451, 49
7580, 5
4671, 26
7558, 1
6192, 8
5941, 4
4444, 55
4433, 83
4502, 16
4573, 51
4557, 56
3733, 213
4405, 135
4434, 95
4641, 59
4435, 38
3517, 513
4646, 45
3424, 991
5087, 44
4484, 54
4604, 94
4466, 100
5721, 12
4543, 43
4358, 42
4831, 65
4267, 107
3567, 341
5061, 18
4436, 85
7746, 3
4535, 17
4449, 86
3497, 632
3453, 1098
6153, 5
6362, 19
4340, 71
4506, 99
5911, 19
4345, 66
6077, 29
4594, 58
4202, 216
4201, 83
4553, 102
4554, 29
4087, 317
4611, 44
4632, 42
4352, 53
4440, 33
5053, 27
5023, 65
5024, 15
4040, 292
5690, 14
4408, 97
4359, 81
4173, 136
4564, 65
4353, 81
4151, 272
4521, 134
4499, 84
4537, 54
5924, 6
6036, 32
4992, 10
4753, 23
3838, 491
4254, 93
4357, 83
4410, 28
4094, 67
4244, 65
4140, 150
3620, 420
4387, 105
6258, 10
6171, 9
3770, 387
4581, 37
4586, 105
4730, 101
4500, 100
6177, 5
6200, 9
6198, 5
8690, 1
4624, 76
6231, 22
4613, 90
4619, 57
4452, 38
4868, 30
4600, 101
5912, 19
4871, 26
4601, 209
6285, 7
4822, 114
4818, 65
4158, 189
4161, 211
4884, 32
6304, 10
4315, 112
4162, 258
7490, 5
3491, 796
4572, 35
5820, 71
3512, 575
7539, 14
4133, 154
5574, 16
5982, 5
3810, 406
4284, 80
3776, 255
3646, 306
7517, 1
4126, 302
3501, 529
3626, 470
6187, 7
6186, 9
5560, 16
3533, 603
3493, 949
4144, 155
5550, 6
6049, 25
4145, 170
4181, 116
5753, 22
5808, 9
7957, 7
5865, 11
4652, 201
4654, 43
4674, 30
5850, 5
4180, 158
3304, 1854
5894, 11
7382, 3
4438, 26
3338, 1437
5971, 6
8328, 3
3310, 1334
7405, 3
5339, 24
7442, 2
5667, 26
6196, 9
4411, 87
3915, 292
5439, 13
4380, 59
4008, 217
6197, 3
4016, 277
3901, 206
8372, 11
7422, 7
4042, 145
4069, 296
5600, 1
5602, 4
5980, 7
3983, 360
7411, 3
3596, 578
4349, 66
4354, 45
5818, 10
5375, 85
7624, 6
5371, 17
5814, 8
7322, 10
4277, 120
4324, 95
5917, 19
4001, 383
4273, 148
4638, 53
5367, 24
5870, 17
7308, 5
4649, 54
4663, 69
7306, 3
7435, 2
3486, 1065
5895, 22
7296, 7
5318, 147
13727, 1
3454, 1157
7310, 9
8494, 3
4612, 18
7307, 10
13715, 1
3442, 1173
4588, 93
7302, 1
4197, 266
5320, 101
5513, 7
5515, 11
5598, 10
5774, 48
4148, 363
7347, 1
4187, 283
5708, 8
4605, 52
4167, 166
5298, 92
5546, 23
5266, 25
7282, 5
5524, 13
4160, 319
4574, 62
4556, 29
3457, 1001
7345, 1
4539, 63
5497, 10
4540, 123
6091, 34
7523, 4
5742, 7
7316, 11
4065, 250
7360, 7
5480, 14
5545, 38
7355, 3
5477, 31
7303, 1
7313, 1
7283, 3
5750, 8
4097, 160
5722, 11
5695, 9
3598, 360
5200, 31
4015, 257
3972, 260
3709, 397
7042, 5
5535, 17
5540, 9
5819, 1
5393, 12
3962, 426
4074, 211
4063, 215
4076, 216
5239, 45
3949, 528
4067, 337
5156, 22
7320, 3
5212, 50
5467, 14
5205, 137
4154, 144
1379, 41272
1349, 6412
1450, 10111
1322, 8263
6409, 25
841, 4756
2581, 20052
614, 33494
2149, 12863
3566, 583
2302, 22713
1311, 11393
2297, 26042
1876, 465816
1999, 32682
7086, 12
1877, 1386524
2213, 12317
1711, 63291
715, 2392
717, 4211
5804, 31
2031, 33154
2030, 34221
2106, 15301
1993, 18209
1981, 12532
1691, 57925
11409, 2
1136, 12759
359, 3470
1964, 19411
11284, 5
1011, 8507
1009, 13792
987, 9665
6074, 14
1010, 9802
871, 4318
1483, 22488
6570, 6
1180, 40585
2064, 25956
1088, 22010
6175, 8
500, 30085
2007, 14165
2323, 20783
1898, 52941
1718, 41910
1871, 76523
1842, 51485
1854, 59904
6941, 27
1862, 177210
2345, 30710
1156, 16952
1288, 28336
849, 71881
5936, 3
988, 8356
6075, 13
1860, 106231
1838, 54250
2073, 11677
2038, 22826
11890, 2
1617, 70219
12320, 1
2047, 19080
7134, 2
1086, 37313
11614, 8
1341, 6939
6428, 9
11593, 1
1320, 10578
507, 7095
5594, 15
10832, 3
559, 8696
5646, 54
358, 4387
2048, 16525
2500, 19670
10792, 6
519, 27546
324, 14403
1033, 14909
1062, 50596
2332, 57428
2298, 24776
2156, 12062
2139, 16555
1949, 31573
1665, 64624
1620, 67998
2109, 17621
2111, 17773
752, 4288
1027, 76571
2077, 15907
2079, 35822
2072, 11027
11577, 2
1304, 8959
2634, 11863
1436, 24434
1821, 61972
6908, 13
1416, 36857
1415, 16922
727, 12540
463, 5157
1848, 162591
1845, 49686
6932, 16
1843, 41789
1484, 19583
2605, 21014
553, 5994
5640, 9
2034, 34019
7121, 2
2135, 14933
1268, 12494
1133, 28206
11403, 4
1130, 16405
2289, 27723
1847, 82701
12566, 1
2293, 22111
2314, 23363
2195, 10065
2151, 13185
1602, 58244
2134, 12968
2004, 17436
2133, 13396
2184, 11319
877, 7800
1286, 48278
12696, 2
2423, 53092
1865, 94197
6952, 2
1687, 41420
1675, 47581
11989, 1
1716, 101056
1451, 13761
1333, 9355
1644, 32206
6731, 6
624, 25577
5711, 7
962, 7817
102, 1303
5189, 67
2473, 22778
116, 2330
5203, 28
1893, 83506
1971, 22535
2561, 20108
10477, 2
204, 314
5291, 51
1906, 40475
1724, 98668
1749, 77038
10801, 1
528, 4783
534, 84025
520, 33097
1184, 95676
316, 3195
321, 6409
10596, 3
323, 11254
5410, 64
2496, 18191
2211, 13609
2178, 10543
2200, 11897
2155, 12183
2183, 13248
2144, 15740
7231, 23
1925, 32490
1258, 22302
6345, 12
1683, 26840
1032, 9494
6119, 20
244, 1776
5331, 59
2601, 18478
7688, 2
2335, 260792
1021, 12222
6108, 12
1689, 30426
2040, 22122
1650, 35646
2035, 39458
12107, 3
1834, 156542
1487, 32174
1587, 50561
1414, 16853
1083, 16415
759, 5994
2015, 26019
2026, 43084
2281, 22525
1920, 30713
1857, 46085
6944, 10
1841, 56924
2150, 12155
2240, 23745
2260, 45807
896, 11673
5983, 8
883, 4964
5970, 11
664, 7153
2235, 26187
2218, 13055
1882, 92536
1878, 161885
1548, 29155
154, 1536
2511, 22733
1278, 14455
1387, 69395
1169, 19098
1430, 17296
6517, 3
1265, 16610
6352, 4
1202, 12028
1641, 43421
1975, 19940
12760, 7
2487, 22161
1563, 85429
2078, 17514
1481, 49746
1376, 60534
1403, 14392
1396, 23331
791, 19410
11203, 5
930, 8791
6017, 8
960, 7963
6047, 10
3313, 1976
956, 8531
6043, 5
711, 11962
2221, 11705
2318, 33999
2353, 36901
11952, 1
1679, 60337
1669, 75290
1538, 17451
1817, 43012
2341, 31440
1939, 25603
1600, 633235
6687, 17
3957, 376
1908, 30687
2336, 80607
350, 40107
5437, 9
1063, 61560
6150, 30
2340, 29079
661, 1736
1869, 57375
12148, 3
1875, 375719
2311, 16551
847, 4808
5934, 10
718, 3482
5805, 9
2585, 17759
2148, 14413
7235, 9
1885, 178385
12154, 1
1881, 77698
1927, 34320
1952, 22899
7039, 56
1674, 65019
11896, 1
1623, 56789
6710, 4
2110, 21958
1710, 61123
2060, 16336
969, 378630
961, 7953
11104, 1
831, 4665
5918, 24
748, 4931
5835, 1
670, 1886
1023, 44443
6110, 13
1853, 55870
1973, 20161
892, 10159
1645, 60890
2435, 34913
1676, 57436
2074, 16427
2076, 14119
2436, 34932
1660, 329842
2069, 12628
11580, 1
1307, 6699
6394, 5
1296, 17676
11717, 10
1444, 9463
700, 13439
819, 72345
1773, 35185
1771, 31181
1477, 90005
1439, 20894
1449, 8338
260, 10488
11697, 7
1424, 20718
11218, 1
945, 29873
1636, 13904
1393, 20237
1041, 114358
6128, 24
1564, 105914
760, 9766
5847, 16
2065, 18853
2334, 296957
1896, 59281
12152, 3
1879, 227157
1830, 40315
2342, 29349
2295, 23181
2223, 20092
2179, 11065
11908, 17
1635, 22390
1624, 70655
1633, 19198
1493, 18212
1410, 14226
1804, 26364
6891, 4
1868, 80669
891, 16003
909, 20665
2033, 23715
2309, 14533
1797, 42479
730, 4057
1832, 227344
2018, 19290
7105, 1
11006, 2
733, 1461
729, 7159
5816, 9
11008, 8
735, 3354
737, 2579
5824, 16
716, 2977
5803, 23
1998, 21996
7085, 7
2216, 20643
2288, 30777
2023, 15720
2024, 21038
12293, 1
2020, 14996
7107, 7
1983, 22808
2059, 13229
2084, 65201
12213, 1
1940, 28747
2608, 15112
12163, 2
1890, 63565
12547, 19
2274, 23449
1361, 16297
1486, 24433
1519, 20332
1518, 19288
1404, 20706
1554, 31758
1087, 18443
11373, 1
1100, 16943
11554, 1
1281, 18352
1280, 11005
6367, 7
1241, 234849
2276, 33071
1835, 70867
12548, 1
2275, 24115
7362, 8
2278, 50156
2583, 19578
1762, 120470
6849, 2
11902, 1
1629, 49361
11648, 4
1375, 49459
12092, 6
1819, 62846
1257, 32890
1568, 87043
1540, 9204
1528, 22981
1499, 28292
1599, 409639
1456, 7386
758, 4818
5845, 9
1043, 36044
6130, 5
1056, 125597
522, 9877
5609, 3
1208, 17030
1863, 189359
1913, 49704
1670, 67992
2224, 43424
1619, 73790
2107, 13372
12449, 1
2176, 12514
2169, 10511
2205, 11400
2153, 14140
1695, 132297
1521, 26066
1693, 144664
6780, 1
1380, 57755
11570, 2
1297, 17568
1694, 124824
1759, 31844
2181, 9920
2196, 8946
621, 36529
588, 5695
5675, 41
561, 3324
10950, 17
677, 7382
5764, 34
473, 5989
10673, 7
400, 28044
10624, 3
351, 64376
5438, 57
2191, 9848
2175, 20784
2157, 11597
2450, 24560
7537, 1
2256, 69711
2446, 21960
1994, 14773
7081, 1
1991, 20255
1922, 29370
12207, 2
1934, 21715
1646, 35289
2273, 27855
1661, 361508
11958, 1
1685, 23551
6772, 21
12168, 1
1895, 116534
1524, 21284
1523, 35513
950, 19238
964, 13969
6051, 33
834, 22015
751, 3786
1144, 52701
673, 5070
5760, 9
895, 8176
12147, 3
1874, 129898
2518, 22761
12470, 4
2197, 11217
7284, 13
1079, 33881
6166, 14
300, 3707
5387, 13
12177, 2
1904, 110866
2466, 29159
7553, 1
1888, 77222
11996, 3
1723, 65250
1574, 59544
1589, 55240
1611, 30901
6698, 36
1930, 22510
1918, 36794
1916, 38688
1980, 14571
1621, 65788
1577, 63472
1576, 87914
6663, 31
1569, 93695
530, 49767
180, 43022
2537, 17291
2574, 20690
2254, 32593
2802, 10000
445, 12364
5532, 40
788, 47121
10566, 1
293, 12608
5380, 36
815, 84028
5902, 42
1974, 16307
1972, 17737
1978, 16965
1900, 35882
1872, 76591
12143, 19
1870, 69768
2301, 23454
1844, 42618
11912, 5
1639, 26585
1508, 38871
1232, 123627
6319, 9
1229, 195698
6316, 3
1200, 12880
1275, 9002
1162, 9149
1172, 10301
1287, 38552
11784, 1
1511, 29097
990, 26519
2185, 13274
7272, 7
2321, 20244
893, 6106
12515, 1
2242, 22121
2170, 12044
7257, 4
1592, 209674
1606, 45209
1605, 37733
11877, 1
1604, 52097
6691, 28
1381, 48492
1740, 38193
1861, 152957
2255, 57784
1859, 58610
2011, 20515
188, 5765
10467, 3
194, 2561
593, 4627
5307, 15
10493, 2
220, 1653
2283, 26775
2282, 22412
1985, 17549
1965, 17790
7052, 11
2245, 14047
2233, 25882
2279, 35064
1966, 19317
1936, 21632
7023, 7
2227, 11797
2012, 23790
1899, 36923
2037, 43218
1897, 58736
1894, 159588
1864, 106287
1891, 74346
2248, 20907
1459, 15825
2317, 31300
1352, 7145
2315, 26764
1310, 12747
1340, 7123
980, 61203
6067, 16
1235, 974999
2056, 15042
1219, 30109
939, 55675
1279, 8289
1473, 170725
11096, 3
823, 27909
1365, 9222
1388, 33228
1394, 32449
1240, 69268
1799, 48953
10571, 3
298, 84443
2269, 21619
1887, 78104
2267, 37741
2270, 24249
2299, 22696
1758, 23761
2348, 40361
1748, 76027
1659, 128490
11992, 2
1719, 38987
1666, 84914
1583, 60384
1289, 25524
1432, 21829
6519, 4
2575, 24107
10961, 1
688, 3190
693, 3732
5780, 16
811, 2936
5898, 35
1824, 35203
1500, 23905
1433, 24137
6520, 9
1428, 14752
1443, 8959
6530, 1
1558, 202939
655, 3689
12055, 7
1782, 57788
2343, 69854
947, 32446
586, 9475
5673, 28
1203, 10375
1191, 16151
1755, 42304
6842, 30
1739, 57805
6826, 51
1909, 32051
1963, 23582
2338, 24249
2257, 57034
2258, 58725
12612, 1
2339, 27639
2230, 14036
7317, 4
2244, 14466
1552, 17544
1545, 53435
2238, 27358
1777, 42609
6864, 6
1496, 17625
6583, 2
2337, 52000
1461, 9714
1502, 37514
1491, 18969
6578, 27
1489, 37633
1504, 31900
1485, 16680
692, 8940
1295, 16115
6382, 5
11763, 1
1490, 24745
6577, 3
1282, 25064
1142, 27957
6229, 6
1506, 21294
2356, 29164
11243, 1
970, 762349
821, 55976
984, 33863
11272, 3
999, 409755
11128, 1
855, 31838
5942, 3
852, 57571
1532, 19896
11121, 6
848, 72324
5935, 20
853, 54536
2067, 13677
1601, 125653
888, 10718
12324, 4
2051, 16136
2172, 21506
1503, 65391
1517, 16876
1516, 14204
11575, 2
1302, 7215
1703, 35362
12459, 4
2186, 11205
2542, 13737
185, 27721
5272, 25
12466, 1
2193, 9859
1944, 23150
7031, 26
2177, 10307
2187, 9191
7274, 4
11185, 6
912, 217698
2189, 11139
2306, 22858
1609, 94036
1721, 36199
1727, 131093
2161, 18454
1772, 28742
2303, 22081
2292, 22286
2290, 27083
2506, 20798
2028, 88238
7115, 2
2029, 23718
2025, 22721
7112, 17
2305, 24049
1996, 17193
1995, 14631
2286, 33869
1958, 22555
2096, 14368
7183, 4
12226, 1
1953, 16742
7040, 56
1923, 29854
1950, 29447
7037, 25
1648, 36931
2307, 19429
1654, 48893
1651, 35132
1634, 17949
1153, 22038
11961, 1
1688, 56810
1699, 55324
1090, 52995
1931, 24958
1526, 20073
1584, 48247
833, 22521
750, 3880
1140, 18526
1025, 34970
11510, 3
1237, 752191
894, 5885
2086, 47259
7173, 5
1170, 12979
1910, 33663
1031, 11736
1004, 65783
1001, 95134
6088, 184
1264, 24649
6351, 16
2209, 17500
1165, 37740
998, 377785
6085, 19
11355, 1
1082, 19847
1081, 20692
6168, 8
1072, 68186
1071, 134093
1080, 27241
1217, 20950
1230, 132143
1246, 173704
740, 11283
1249, 255908
11323, 5
1050, 27715
6137, 21
1054, 102554
936, 463471
6023, 25
1216, 12193
1248, 231191
366, 705
5453, 35
2460, 27441
1108, 79882
2639, 12964
10555, 3
282, 73733
2462, 35930
1122, 64601
6209, 44
1114, 15398
968, 3626
6055, 5
1076, 61456
1053, 63592
11488, 1
1215, 16368
6302, 2
1247, 196227
1924, 27830
342, 5053
489, 154073
2043, 25061
7130, 3
12397, 4
2124, 13911
1736, 61107
11401, 5
1128, 39112
1889, 68454
1803, 28933
1176, 24586
1903, 65412
2052, 16152
2098, 24424
7185, 12
2099, 25193
1962, 37233
1938, 20706
2071, 10996
2068, 14185
1790, 140774
1784, 29662
6871, 10
1713, 51308
1867, 60601
2062, 23380
1534, 15620
6621, 14
1533, 13133
1542, 14313
1253, 130684
6340, 16
1712, 60097
6799, 5
1052, 25257
824, 32590
1729, 59453
1467, 39819
6554, 11
1468, 51997
1464, 102548
1725, 77662
1510, 35255
1397, 27949
6484, 51
1535, 12833
6622, 15
1395, 23064
1390, 25431
6477, 6
1389, 40229
1522, 26604
1382, 38817
942, 63307
6029, 26
529, 13266
5616, 11
1141, 23630
2112, 27306
2320, 24988
1070, 216871
954, 18065
951, 22087
973, 18113
1682, 37213
10910, 6
637, 16495
5724, 6
12095, 4
1822, 112502
6909, 7
1482, 28527
11280, 1
1007, 29070
2322, 23089
2232, 19126
2241, 20408
1582, 55723
2261, 32687
1596, 111670
1595, 371229
6682, 6
1586, 43709
1594, 411153
12040, 1
1767, 41252
1905, 64007
1829, 33881
2249, 23277
898, 8069
5985, 19
885, 8337
5972, 12
623, 25002
5710, 15
619, 7764
5706, 8
900, 54201
5987, 14
2946, 6598
589, 12825
5676, 5
881, 8607
10835, 6
562, 3150
2002, 17694
1189, 28097
2277, 36828
2272, 20722
1227, 70548
6314, 8
1446, 7109
1987, 19803
7074, 6
1967, 17438
2265, 26903
12526, 3
2253, 30899
2251, 30277
1989, 25259
1990, 26329
7077, 35
1986, 15371
2266, 33942
1957, 21811
7044, 59
1956, 23758
12305, 1
2032, 31877
1919, 27007
2057, 14710
1917, 39037
1929, 38073
1912, 39729
2252, 23455
1911, 37674
1907, 35370
1228, 131834
6315, 6
1472, 143124
2268, 26841
1478, 108317
1475, 224922
1160, 16531
1198, 61808
1205, 27781
6292, 5
1351, 9162
1362, 23404
6449, 2
1892, 67712
1579, 47276
11549, 3
1276, 13049
1421, 23096
1454, 12146
1457, 9259
1339, 5352
6426, 23
1488, 36775
2082, 37386
485, 127903
5572, 5
1218, 20909
1474, 252516
2329, 24586
1301, 8402
1300, 10420
1277, 16822
1291, 19793
1290, 23269
6377, 10
1299, 12785
6386, 5
822, 25779
5909, 5
1466, 50645
1384, 95521
11636, 1
1363, 26387
6450, 2
1386, 86369
1168, 22593
6255, 1
411, 8959
536, 54829
1826, 32998
6913, 17
299, 97682
5386, 29
2327, 21119
12220, 1
1947, 42399
2325, 23947
10695, 2
422, 18929
2328, 26230
2861, 9918
1233, 280494
1104, 127131
1109, 64315
1106, 21626
1222, 464040
1102, 151060
6189, 3
1226, 142313
6313, 9
1103, 177108
11385, 2
1112, 14323
6199, 2
965, 21531
1065, 54607
6152, 43
1064, 70639
1213, 17348
1245, 250157
1223, 918606
1251, 178115
6338, 9
368, 29043
5455, 29
364, 1611
2382, 39948
1231, 74499
1747, 74004
1196, 29197
6283, 42
1084, 28833
1743, 49883
1117, 16215
6204, 28
1113, 11964
1135, 14861
1744, 43726
1761, 82139
1643, 30281
11864, 7
1591, 108028
1664, 48963
1766, 45995
1656, 34695
538, 25293
5625, 17
11778, 2
1505, 23352
10787, 2
514, 27758
1378, 33892
1392, 24191
1400, 22252
1260, 33353
1536, 13902
6623, 2
1539, 11090
6626, 7
1571, 59538
1543, 31053
1566, 144891
880, 9930
5967, 2
12083, 5
1810, 82416
6897, 4
1836, 46692
1855, 69673
761, 5288
5848, 18
379, 9382
1840, 55870
887, 13246
5974, 8
914, 221647
668, 10733
5755, 14
603, 39676
3292, 1993
935, 844849
1933, 20144
7020, 12
2008, 18365
2016, 33123
2344, 52187
2355, 31638
2524, 16741
167, 8965
11528, 6
1255, 85340
1800, 53045
12075, 4
1802, 31648
11014, 1
741, 12852
5828, 9
1242, 264680
6329, 15
1207, 10222
6294, 14
1785, 28095
1839, 77941
1786, 38244
206, 35718
1901, 41515
6988, 2
1954, 18582
1955, 20655
12625, 1
2352, 30697
1700, 47776
1814, 65027
6901, 11
1825, 39597
6912, 20
2263, 17182
2264, 21327
11954, 3
1681, 42173
11931, 2
1658, 57164
2236, 19382
12510, 1
2237, 17833
2250, 35922
2239, 21605
2210, 13239
7297, 2
2246, 21267
2215, 21680
12520, 1
2247, 24163
1764, 70652
6851, 8
12467, 1
2194, 10425
2081, 30270
2203, 12454
1731, 56454
6818, 2
1734, 45931
1561, 264824
1537, 15043
6624, 12
1550, 34040
2284, 22443
1419, 13934
12006, 5
1733, 75894
6820, 1
11971, 1
1698, 43984
1272, 7050
1705, 46159
1818, 63668
1798, 41283
2222, 16195
10995, 1
722, 2655
10994, 4
721, 2933
10992, 3
719, 2377
5806, 40
10997, 44
724, 3944
5811, 14
726, 3934
5813, 3
549, 16969
5636, 9
450, 6392
5537, 22
843, 2690
918, 66111
6005, 4
802, 23598
10482, 3
209, 1563
462, 3860
2229, 12232
647, 4905
932, 6557
5707, 12
620, 13695
610, 11247
5697, 10
687, 13201
10985, 10
712, 3650
618, 26855
5705, 7
5332, 16
245, 1925
544, 9445
5631, 5
352, 6436
12471, 1
2198, 11431
1945, 27220
2188, 14597
905, 10153
1937, 21579
12463, 2
2190, 11158
11389, 1
1116, 10226
2313, 23882
7400, 2
2312, 17678
1608, 74816
2164, 16900
2354, 34719
702, 12819
698, 21691
5785, 9
10977, 1
704, 3058
685, 5751
5772, 11
2158, 15434
10940, 81
667, 2728
2147, 13753
2145, 14812
652, 4893
2308, 17941
12156, 1
1883, 164873
1884, 122237
12153, 2
1880, 110664
2160, 18050
1851, 85884
1850, 140369
1926, 34163
1813, 65571
1951, 22841
7038, 39
1811, 55921
1808, 53285
6895, 12
1823, 64064
1778, 41995
1035, 742203
6122, 6
1673, 44559
6760, 10
1101, 17609
6188, 3
1622, 69335
2162, 19657
2159, 13820
11364, 1
1091, 46483
1147, 168508
1149, 271009
1155, 23269
2208, 16771
2231, 12571
10669, 1
396, 18707
2753, 7685
76, 9820
1092, 46108
1709, 53681
6796, 4
2045, 20293
2042, 28615
2041, 31195
7128, 4
1151, 149944
976, 144708
974, 21803
11239, 3
966, 16857
1148, 203549
2053, 16784
11109, 2
836, 6829
753, 4337
5840, 4
1150, 307197
11419, 3
1146, 105222
428, 27621
2785, 10889
1143, 38633
1028, 107819
6115, 11
11324, 1
1051, 22910
11369, 3
1096, 14019
1914, 35515
2066, 15781
7153, 7
897, 13032
2782, 8689
1684, 20294
2300, 24419
10816, 9
543, 21882
1061, 64623
2784, 9763
2049, 15509
2050, 17184
1638, 16528
1005, 33900
11930, 1
1657, 28219
1002, 115455
1024, 61651
11913, 2
1640, 25911
1746, 68751
1615, 33135
1816, 34702
6903, 219
12088, 6
1815, 44639
6902, 7
552, 13323
2909, 6768
1717, 92285
2128, 11155
1801, 33730
11953, 1
1680, 49969
1678, 53549
1672, 61741
1514, 19336
1409, 13261
1408, 13744
1385, 87633
6472, 4
1399, 22660
11671, 2
1398, 24890
1812, 57718
6899, 115
1578, 48766
12069, 1
1796, 55407
6883, 24
1791, 127882
3039, 5982
682, 4646
683, 1525
1792, 128165
2425, 51058
68, 11090
5155, 9
1038, 100419
6125, 5
13668, 1
3395, 1068
1177, 25819
2461, 32077
104, 11763
686, 16030
5773, 42
1795, 58457
6882, 10
521, 8941
5608, 2
1185, 88831
6272, 4
3542, 448
215, 2510
1324, 11682
1139, 30313
6226, 2
433, 20867
10749, 1
476, 3997
1585, 41753
2406, 44939
49, 6655
1158, 14505
997, 1382883
3354, 1259
10300, 1
27, 125911
421, 23179
1530, 29239
795, 95695
1364, 29135
2612, 14832
255, 43589
5342, 8
1728, 138549
1187, 77657
1259, 29987
1492, 17201
383, 1417999
2214, 10472
4571, 83
1244, 202494
290, 1062
5377, 11
2648, 11943
291, 10375
1463, 57761
1495, 15538
386, 130166
5473, 34
1448, 7598
446, 15723
2803, 9094
10858, 1
585, 8941
5672, 15
644, 10180
1753, 48411
1982, 19304
1612, 26020
503, 5681
2623, 11278
266, 335784
5353, 18
2940, 6209
1831, 162055
1413, 14639
304, 4155
1285, 39810
2533, 19012
10449, 3
176, 28965
424, 48425
1330, 14043
6417, 3
221, 3862
5417, 7
330, 28451
703, 8264
1199, 48207
2447, 24882
90, 617
1343, 8682
2591, 19925
10507, 4
234, 11720
2463, 32836
106, 11520
2324, 20264
1069, 126314
6156, 71
2576, 21196
219, 2721
2437, 30733
916, 39342
2422, 43225
10338, 1
65, 5965
1174, 73761
465, 21110
5552, 6
11279, 1
1006, 34555
6093, 13
2115, 19779
322, 22524
5409, 10
1431, 24796
6518, 13
2402, 34941
45, 23090
1154, 28930
6241, 3
10413, 1
140, 27507
5227, 29
2403, 35828
46, 92243
5133, 28
1161, 17140
10633, 1
360, 1590
5447, 7
1469, 103553
10709, 1
436, 473557
977, 75958
1590, 93574
2131, 13499
1631, 67885
2365, 56365
10281, 2
8, 208815
2226, 21212
2163, 19987
505, 17343
5592, 23
1045, 112215
681, 4072
3386, 916
2105, 13595
1809, 90540
2543, 15333
186, 11242
5273, 12
2610, 16715
253, 12120
5340, 8
2613, 18697
256, 5794
5343, 61
10390, 1
117, 15613
2474, 18651
1849, 190005
1702, 49822
2430, 48776
73, 2573
5160, 9
1182, 70711
6269, 1
1696, 114767
1183, 68898
1697, 49752
6784, 1
1902, 51099
11066, 3
793, 214015
10688, 2
415, 7665
2772, 10811
1690, 36512
2520, 27982
163, 1080
303, 3025
1412, 12057
1132, 25097
6219, 5
23, 5190
5110, 58
1529, 22990
6616, 2
420, 10688
1525, 17588
416, 10781
314, 7382
510, 45082
11303, 11
1030, 22556
3387, 1101
2498, 18199
10414, 1
141, 280
2220, 11605
4577, 44
1250, 223063
1406, 27597
297, 2884
5384, 23
1447, 7017
6534, 15
1988, 22330
879, 7139
5966, 16
11944, 1
1671, 61923
6758, 8
1157, 16716
348, 5311
10640, 3
367, 3502
1476, 96026
985, 22340
6072, 8
2094, 16086
7181, 17
1261, 43358
6348, 34
625, 10952
2441, 33585
84, 6169
11466, 4
1193, 18965
1377, 43685
423, 41302
11299, 4
1026, 82367
6113, 13
11950, 3
1677, 56292
568, 4922
5655, 30
54, 46158
1163, 11863
2553, 20377
196, 39209
1305, 7718
2429, 52750
72, 2249
1181, 54925
6268, 7
1042, 57804
3399, 1187
207, 40469
11001, 2
728, 12886
3085, 5335
11140, 2
867, 7717
1462, 31855
2003, 25413
903, 102650
1426, 14699
6513, 1
317, 2244
328, 9300
1437, 24786
12544, 6
2271, 22673
1527, 26723
2550, 25856
193, 7080
5280, 39
182, 13099
12866, 1
2593, 17227
236, 23147
5323, 17
190, 4149
5277, 97
10513, 1
240, 467
2596, 16609
239, 799
5326, 17
1471, 156344
6558, 17
1420, 17290
275, 13049
1411, 15887
302, 6330
479, 20730
1588, 46558
1350, 6795
1422, 28679
340, 18154
2552, 22545
195, 1661
2549, 34848
192, 10688
5279, 14
2558, 21632
10474, 1
201, 22957
5288, 19
772, 81476
2588, 18690
231, 5244
232, 21930
12658, 2
2385, 35015
28, 12249
5115, 9
1137, 20681
6224, 15
1520, 13914
10711, 3
438, 17786
5525, 41
626, 5422
1708, 52962
599, 16426
5686, 2
1167, 18919
404, 19275
972, 26999
1077, 34140
957, 15616
1292, 11841
6379, 2
4897, 24
2540, 17684
183, 83963
10904, 3
631, 2690
334, 18838
5421, 31
949, 45603
946, 33630
6033, 20
2055, 20296
2529, 22469
172, 213193
963, 8110
1067, 33453
11228, 1
955, 18847
6042, 9
967, 6240
3185, 4354
2783, 12464
426, 12369
1197, 31428
2333, 108326
1224, 557113
940, 92444
928, 6284
6015, 27
488, 203271
1597, 146579
284, 266122
272, 63456
492, 22531
1465, 90647
356, 3518
5443, 8
924, 11831
466, 25884
11848, 3
1575, 70464
2434, 40454
77, 540
1186, 77317
1118, 21335
2366, 44939
9, 171702
2393, 29961
4750, 36
10309, 1
36, 420672
5123, 32
1145, 69344
6232, 5
545, 12624
5632, 5
3872, 250
2361, 73883
7448, 10
4, 1282050
5091, 20
996, 799376
3353, 1541
1730, 81941
6817, 3
2464, 32321
107, 794
5194, 22
2586, 18622
229, 679
5316, 18
10759, 2
486, 159564
743, 11055
1852, 73301
10562, 1
289, 78164
2507, 20470
11103, 1
830, 7146
2489, 24544
132, 31426
5219, 94
2350, 34936
18, 5509
5105, 11
1127, 128770
2419, 29937
4776, 42
62, 730
5149, 16
1401, 16618
292, 9940
860, 11622
5947, 5
1969, 21404
2676, 12943
319, 7048
582, 2608
5669, 13
2398, 111569
4755, 58
41, 493523
812, 8401
1326, 8224
21, 1314157
556, 3788
5643, 6
1097, 26536
12479, 2
2206, 12179
2372, 101503
15, 12938
5102, 39
1124, 88098
2367, 57993
10, 29255
11392, 9
1119, 38133
6206, 7
2228, 12713
2493, 18240
10409, 3
136, 8679
1732, 68915
650, 5193
5737, 22
542, 25610
2358, 31616
1, 17382
2219, 15330
1110, 23505
10649, 2
376, 19244
5463, 10
2733, 10286
3, 3077677
5090, 25
211, 163693
982, 34884
6069, 19
2477, 20368
120, 1341
5207, 32
374, 14351
235, 4894
2592, 17242
1655, 45827
6742, 7
546, 11537
2389, 30992
32, 27589
5119, 30
4749, 105
35, 40575
5122, 4
1915, 41358
806, 4280
1560, 694779
3376, 1086
1019, 9766
478, 12309
1303, 7385
11265, 2
992, 50296
6079, 4
1632, 23732
5237, 54
10423, 2
150, 1605
10796, 1
523, 9695
550, 19343
471, 4302
11853, 1
1580, 43066
2571, 17627
214, 5581
5301, 23
373, 5173
2603, 21384
246, 1741
10760, 3
487, 166533
2517, 22514
7604, 1
10433, 3
160, 1549
1269, 7798
10947, 7
674, 7257
535, 94503
2892, 8479
1783, 36430
931, 11345
6018, 6
2562, 21010
205, 3557
11587, 3
1314, 8764
198, 79658
5285, 60
59, 8643
2416, 41465
225, 679
1334, 7604
1256, 31747
2467, 28335
10383, 2
110, 8458
2404, 27682
47, 5132
1928, 32744
10578, 1
305, 5706
5392, 2
197, 2827
1306, 6475
58, 852386
2415, 42699
454, 6874
2381, 35021
4738, 76
24, 190014
994, 86464
6081, 9
3351, 1538
29, 24536
283, 15205
5370, 7
10355, 1
82, 4361
1418, 14694
309, 2483
5396, 2
336, 798
11718, 2
1445, 7228
10442, 1
169, 82970
5256, 12
10303, 1
30, 101368
2387, 30548
10983, 1
710, 11471
453, 3790
1423, 22669
3780, 429
75, 439
5162, 33
332, 6725
1441, 15384
134, 823
5221, 16
1243, 396497
506, 13866
5593, 42
1331, 11650
2609, 16679
252, 820
509, 45828
10936, 5
663, 3116
2479, 23919
122, 346
547, 9353
2363, 44504
6, 409738
19, 7456
5106, 37
989, 15310
3346, 1380
2633, 14083
276, 21018
11347, 3
1074, 88982
533, 32242
11915, 1
1642, 24387
2751, 8638
2600, 17442
243, 19115
5330, 48
1325, 9157
216, 1351
2401, 47793
44, 46682
5131, 25
2548, 33840
191, 8213
52, 2951
2409, 37999
318, 5048
2397, 61182
40, 24222
5127, 39
4754, 21
1427, 14398
2418, 32259
61, 101765
5148, 16
10848, 1
575, 1857
5662, 15
2374, 53476
17, 3028
5104, 30
1126, 142108
2631, 13175
274, 10727
135, 11329
2492, 21095
238, 644
5325, 25
11052, 1
779, 3291
495, 19906
1036, 439217
2501, 24521
7588, 4
10417, 7
144, 352
2672, 12152
315, 4029
5402, 46
1935, 23515
11099, 1
826, 16735
10585, 1
312, 11475
5399, 11
439, 39639
5526, 17
2541, 17796
10457, 3
184, 114907
5271, 37
1293, 11529
2532, 18112
175, 140519
1284, 36197
6371, 2
1662, 131906
6749, 3
10687, 8
414, 7297
2771, 10174
2396, 45067
7483, 5
39, 1879128
10561, 2
288, 64693
2359, 39200
10275, 1
2, 166592
5089, 33
1111, 26137
516, 30452
5603, 9
1625, 99447
2426, 43713
69, 8241
11113, 1
840, 4751
5927, 3
1093, 36526
2202, 10028
2368, 77991
11, 55215
5098, 15
11393, 1
1120, 48505
12722, 8
2449, 26303
92, 1527
2310, 17252
1201, 14111
6288, 6
346, 1685
5433, 18
1455, 10300
6542, 2
437, 78821
11819, 1
1546, 30874
1806, 30376
697, 18232
56, 7372
286, 58534
5373, 37
147, 362
5234, 33
2504, 18730
827, 13150
5914, 15
12804, 2
2531, 17696
174, 498549
1283, 30413
2395, 33826
10311, 15
38, 1439742
3365, 1401
1252, 133848
170, 91582
31, 17537
5118, 53
2388, 37878
941, 121367
6028, 15
1125, 62055
2373, 83523
10289, 16
16, 210611
2234, 27331
2400, 56024
43, 263667
1152, 21283
845, 1984
5932, 7
337, 1452
851, 19337
5938, 15
1960, 23988
7047, 54
2764, 8829
407, 151013
268, 62045
2625, 11435
1776, 39056
1262, 24225
2556, 21028
199, 38867
1308, 10152
60, 6675
5147, 33
2417, 37696
456, 4710
5543, 21
2535, 17426
178, 836068
5265, 66
4892, 33
1565, 151253
563, 1949
5650, 15
2379, 47273
22, 97296
5109, 47
11404, 1
1131, 13747
2677, 13968
10593, 2
320, 7872
863, 5945
5950, 22
1607, 54984
12205, 1
1932, 28225
7019, 2
1391, 18816
6478, 29
1263, 28679
10454, 4
181, 31733
308, 8469
5395, 5
1417, 12196
2370, 109813
10286, 4
13, 6701
270, 210586
5357, 15
1298, 15846
6385, 11
189, 28818
5276, 28
2377, 41555
20, 27571
5107, 43
1129, 22405
756, 1629
1726, 123822
4083, 158
10745, 1
472, 5699
11854, 2
1581, 45685
2443, 28210
86, 1889
2304, 19185
1195, 25808
2700, 11895
10616, 6
343, 1922
1452, 18004
12843, 4
2570, 15780
213, 4859
74, 1977
2431, 50725
470, 4832
307, 8338
975, 87143
434, 23817
2480, 33555
123, 3797
5210, 34
1098, 71152
2207, 12503
557, 10349
5644, 12
418, 12868
2775, 10382
11211, 2
938, 59422
397, 16602
11367, 1
1094, 7237
2369, 87164
12, 308916
11394, 2
1121, 65434
6208, 4
242, 164020
5329, 59
783, 6490
2482, 31132
125, 42259
3591, 501
1234, 545667
6321, 1
2587, 18324
230, 5514
771, 85741
5858, 23
1312, 6708
2560, 19527
203, 13928
2357, 30340
10273, 2
0, 11610607
541, 26619
402, 20649
2759, 7532
653, 8196
910, 82907
1787, 34946
2494, 21524
137, 267
151, 557
5238, 35
2997, 6592
10913, 1
640, 16785
5727, 5
5215, 25
128, 8933
2858, 9903
99, 986
4862, 38
148, 10958
5235, 46
121, 17870
5208, 59
662, 2345
5749, 16
100, 352
5187, 11
2458, 27153
101, 256
5188, 29
1210, 8264
6297, 80
1742, 30554
633, 4711
5720, 13
119, 5046
5206, 44
890, 10039
2371, 106906
14, 24638
1123, 90813
4747, 126
2390, 27200
10306, 1
33, 49784
1003, 147173
6090, 18
3360, 1098
1873, 89242
2607, 17735
250, 8997
5337, 32
1359, 7527
2488, 23104
131, 2598
1470, 155343
361, 1599
929, 8175
388, 11473
249, 5813
5336, 50
2606, 19780
1497, 22411
2485, 33144
12619, 3
2346, 26332
926, 7127
6013, 9
1494, 18748
2470, 23490
10386, 2
113, 347
1000, 109809
2362, 104814
5, 2033912
460, 5195
5547, 7
10387, 2
114, 18339
5201, 18
628, 8206
5715, 12
1737, 82981
502, 18928
5589, 8
355, 11789
927, 7771
81, 799
5168, 31
1190, 17150
459, 3888
2816, 8357
1856, 50789
2590, 19963
10506, 1
233, 11663
1342, 8576
11588, 1
1315, 7593
6402, 109
2364, 51522
7, 587
5094, 40
2225, 16953
7312, 3
778, 8983
839, 2803
835, 28678
2786, 8554
429, 20796
440, 28140
11822, 6
1549, 27398
981, 35226
2090, 30175
7177, 13
477, 9277
5564, 24
991, 33159
2499, 18476
2414, 36959
10330, 4
57, 22221
4771, 95
2408, 51679
51, 27635
5138, 70
592, 4856
1562, 74193
3919, 370
2394, 26206
7481, 10
37, 58960
5124, 34
605, 7406
590, 12500
2427, 47754
70, 2586
10884, 1
611, 7909
1720, 34954
96, 53152
326, 65160
2405, 33974
48, 127995
4762, 69
4901, 75
187, 5152
12817, 2
2544, 14797
1435, 25157
6522, 8
1593, 258615
511, 15462
10645, 1
372, 5865
2729, 9584
768, 3358
493, 16332
5580, 13
496, 35236
357, 3093
5444, 10
2714, 11012
494, 33235
1603, 65315
12257, 1
1984, 28381
10657, 2
384, 2847640
1294, 15032
212, 2360
2291, 23243
4648, 30
983, 34858
480, 36473
474, 25642
5561, 27
335, 793
2692, 11502
10452, 2
179, 34384
10993, 6
720, 2333
5807, 34
959, 6659
419, 11236
933, 7952
854, 34552
842, 2068
2760, 10491
403, 67268
264, 775626
5351, 40
2621, 14220
1512, 35859
944, 31514
765, 2841
886, 11615
5973, 13
10979, 4
706, 4975
5793, 10
601, 3409
5688, 28
866, 7963
97, 10393
1206, 17559
2995, 6031
638, 3789
971, 415795
904, 46013
659, 8487
1768, 42642
617, 6489
1188, 63015
1039, 95434
6126, 9
10909, 1
636, 3777
5723, 14
1745, 46397
34, 149230
4748, 133
2391, 27678
2530, 19697
173, 371155
1961, 36412
2658, 13791
301, 4219
1763, 96487
515, 16641
2872, 9616
2075, 12915
4983, 19
269, 152903
2626, 13132
705, 3776
1353, 6395
10514, 2
241, 12049
12871, 1
2598, 18380
1628, 43046
1371, 30355
2619, 18253
262, 22955
684, 2017
5771, 17
4150, 160
1793, 64794
6880, 8
1336, 7340
145, 38597
1115, 14729
3472, 943
1254, 90106
2519, 25669
162, 114617
5249, 8
1271, 8975
2565, 21726
10481, 4
208, 573169
513, 41313
2557, 23120
200, 39147
1309, 11262
475, 104197
10805, 5
532, 115328
393, 22521
2750, 9016
10877, 2
604, 7813
1095, 7529
1649, 36516
540, 23174
1616, 47436
12119, 3
1846, 58996
6933, 5
1692, 74682
2420, 31517
63, 257436
5150, 22
2428, 48481
71, 2958
5158, 75
2421, 36654
7508, 3
64, 2385
5151, 21
1173, 66117
1507, 31217
2451, 29410
94, 367
5181, 28
1760, 47260
12721, 3
2448, 24414
91, 9747
5178, 15
1722, 46979
613, 5929
1637, 14550
694, 2012
587, 7582
2944, 7577
1047, 319876
3165, 4190
2104, 23131
10315, 2
42, 86911
2481, 23938
124, 89980
2442, 26399
85, 50029
5172, 59
1194, 13038
850, 11615
1959, 24233
13040, 1
2767, 11606
410, 6870
1555, 29791
1551, 18728
442, 53876
669, 2595
1159, 12311
2407, 47695
50, 13945
1544, 44222
435, 187744
405, 92216
2762, 10949
1653, 41955
1220, 22789
2468, 29151
111, 738
5198, 24
1407, 20660
1175, 24707
11071, 4
798, 38023
1273, 7714
6360, 15
876, 8876
333, 8017
2412, 38313
55, 53982
4769, 84
11715, 2
1442, 9336
1089, 21641
1075, 77529
11372, 2
1099, 61199
1274, 7668
2522, 27439
165, 43446
26, 122883
2383, 36639
158, 23069
1267, 12591
4924, 33
210, 13799
259, 10464
202, 11035
5289, 66
10720, 1
447, 13344
10388, 2
115, 403
2472, 22621
2611, 15662
10527, 2
254, 83247
5341, 49
83, 648
3549, 676
1192, 20834
6279, 16
1820, 129873
1212, 14750
2167, 14377
1058, 108713
2166, 12073
1057, 142209
1752, 49102
1807, 36659
6894, 12
1858, 44744
1073, 88731
6160, 54
2095, 13151
430, 12063
5517, 20
2509, 20499
10425, 4
152, 23570
4866, 47
2089, 20470
7176, 18
1997, 19786
12334, 3
2061, 20161
7148, 15
952, 17796
2000, 30110
7087, 6
12327, 2
2054, 17819
7141, 3
2070, 11581
7157, 14
2083, 101878
7170, 6
2085, 197451
7172, 4
2424, 54314
4781, 37
375, 13709
5462, 28
2732, 9967
2410, 43068
53, 3719
5140, 18
4767, 116
1440, 18109
3080, 5727
1402, 15193
129, 495
2347, 31708
3595, 528
1238, 137710
2217, 12280
2201, 11354
10714, 3
441, 6361
5528, 13
1828, 32977
417, 11951
2774, 12133
3052, 5947
695, 3311
481, 32874
5195, 11
10381, 4
108, 115987
622, 32461
5334, 44
247, 422
861, 12540
5948, 1
1970, 19615
3015, 6501
665, 22962
5752, 34
3022, 6131
666, 6084
3023, 6597
11078, 4
805, 4828
10916, 2
643, 6449
921, 44074
6008, 54
5368, 28
281, 10028
10951, 1
678, 4838
3035, 6684
11090, 1
817, 35786
5904, 2
2510, 24501
153, 297
4867, 24
431, 71020
672, 2640
5759, 25
3029, 7808
913, 96716
558, 24401
5645, 12
2514, 28143
157, 1237
5244, 20
118, 2925
155, 76857
2512, 24670
1513, 28409
3870, 454
1652, 32106
1509, 47951
3866, 278
571, 3228
5658, 22
569, 3733
5656, 16
285, 5611
5372, 54
2513, 22991
615, 321609
5702, 29
846, 2480
5933, 4
731, 4527
884, 6553
878, 5002
882, 6136
385, 1484448
2742, 10965
524, 6870
5611, 5
398, 37445
2755, 8916
391, 252025
2748, 10077
399, 35613
5486, 32
2756, 9630
1647, 35767
10682, 3
409, 3977
2766, 8611
412, 19662
2769, 9193
551, 13816
725, 2183
1977, 14945
10663, 2
390, 434781
2747, 9086
10705, 2
432, 70732
2763, 10127
406, 90079
2770, 9303
413, 13421
560, 5329
458, 4565
1567, 83685
948, 51082
820, 57672
5907, 6
818, 75600
5905, 14
10764, 1
491, 27181
490, 268347
596, 3668
392, 32204
1779, 58345
792, 45568
5879, 2
776, 3240
2630, 13203
273, 14175
265, 68747
602, 4852
5689, 14
978, 44682
769, 3756
11039, 1
766, 4474
10400, 1
127, 25286
1236, 885080
344, 3535
1453, 18195
10614, 1
341, 42915
1034, 376367
6121, 14
2143, 15027
7230, 1
1040, 118161
1134, 13662
6221, 12
3164, 3907
807, 3043
2171, 17888
739, 5743
572, 3585
5659, 24
11286, 2
1013, 7476
2628, 12716
271, 114475
915, 87994
3268, 2489
911, 106136
1337, 6550
2594, 16197
237, 19136
5324, 12
497, 16982
923, 15508
701, 12429
5788, 2
567, 4296
11180, 3
907, 14261
5994, 13
570, 4440
5657, 12
573, 2032
5660, 22
714, 5262
5801, 39
689, 6683
5776, 7
902, 99067
5989, 7
612, 6605
642, 26035
3003, 6378
10919, 8
646, 27555
5733, 13
3002, 5940
645, 13302
5732, 28
1754, 59109
11179, 1
906, 12449
908, 12467
920, 41745
919, 53281
6006, 4
461, 10019
1570, 58733
925, 8675
6012, 10
518, 25630
10948, 33
675, 17865
5762, 2
696, 9382
5783, 15
1805, 30517
10963, 5
690, 8535
5777, 8
691, 8629
5778, 4
11174, 1
901, 123378
899, 34611
5986, 30
1020, 5870
6107, 6
2146, 12160
7233, 12
1037, 115210
6124, 20
2108, 15306
7195, 5
2142, 15209
296, 37796
12414, 1
2141, 13769
1968, 15963
1946, 33339
1943, 29252
7030, 78
4300, 171
2140, 18467
365, 1521
2722, 9215
2682, 11734
464, 11507
5551, 10
1573, 61571
754, 2896
2173, 25594
566, 7617
2174, 21664
7261, 3
395, 26688
2752, 7736
2039, 40911
2991, 6150
12336, 1
2063, 29741
2483, 26920
126, 9734
2734, 9513
377, 20334
1668, 52858
467, 34106
5554, 45
2824, 9249
10879, 2
606, 6046
2351, 48185
12776, 2
2503, 21071
146, 17933
2294, 22264
2516, 23408
159, 19588
5246, 12
651, 4751
3008, 5725
1769, 32017
660, 9486
10864, 1
591, 4474
5678, 27
1757, 31058
2728, 9764
371, 11893
3837, 163
1480, 46761
11015, 1
742, 14864
444, 64501
5531, 12
1770, 34898
2624, 12530
267, 386897
1775, 50969
263, 484879
2525, 24007
168, 24665
5255, 22
10444, 6
171, 229454
166, 9302
2534, 19396
4891, 27
10450, 1
177, 859333
5264, 49
1221, 30691
1066, 47877
1044, 50977
1068, 30266
6155, 9
2326, 19999
639, 10021
5726, 8
10781, 1
508, 38792
5595, 12
1049, 231454
934, 428940
6021, 8
813, 15354
5900, 64
816, 28138
5903, 18
814, 84727
5901, 20
11060, 4
787, 64104
2739, 9851
382, 5247
443, 108065
3300, 2104
943, 27601
6030, 1
2618, 17593
261, 18322
5348, 21
2735, 11018
378, 14715
656, 4381
12038, 1
1765, 69910
517, 189902
2874, 8721
1425, 12829
1458, 12870
1598, 406315
6685, 53
1460, 13776
1788, 54747
6875, 7
1498, 20908
389, 238103
1531, 23411
1837, 54080
1794, 59945
1270, 9741
676, 17116
5763, 12
537, 38971
2894, 7814
1572, 61276
1781, 61056
1780, 44227
671, 2545
5758, 21
1667, 82695
1738, 108364
11380, 1
1107, 41578
1105, 102131
1078, 39011
12014, 1
1741, 55323
6828, 43
1225, 196892
2727, 9189
370, 35040
11752, 2
1479, 82912
1756, 29867
1214, 20671
6301, 10
11477, 1
1204, 27216
584, 5327
5671, 19
11512, 6
1239, 111222
1059, 43329
2615, 16867
10531, 5
258, 2903
5345, 104
937, 59809
2869, 7691
512, 34026
5599, 1
917, 50296
6004, 14
2758, 7862
401, 19385
10642, 1
369, 51485
548, 22180
2905, 7271
11321, 1
1048, 295712
6135, 17
1046, 188205
1434, 24669
12062, 1
1789, 97281
680, 8148
1774, 37587
922, 19697
699, 14644
5786, 43
2912, 6520
555, 2905
5642, 11
3916, 546
1559, 560725
11328, 1
1055, 167082
1383, 54952
583, 3219
2622, 14511
12744, 1
2471, 20746
2457, 31753
1706, 68558
6793, 59
1707, 55733
1992, 20224
7079, 25
2130, 14438
1750, 58636
449, 11889
2741, 9503
484, 74603
5571, 21
608, 4120
3191, 4587
738, 2422
394, 27011
1211, 9056
597, 2879
2757, 10581
2632, 11916
2539, 19351
3328, 1541
2635, 10615
2154, 11944
2563, 24665
12837, 2
2564, 18490
2127, 14917
2566, 20497
2582, 20662
349, 5605
2579, 20991
3213, 3272
2572, 18373
3218, 3581
8305, 2
2646, 11461
1715, 64743
2723, 9347
2738, 9957
2726, 10215
2001, 39233
2745, 10345
2375, 52833
2376, 46804
12364, 9
2091, 16406
2287, 34534
732, 1711
744, 8492
747, 4053
2620, 18659
2285, 28273
958, 14691
889, 4299
5976, 26
2212, 12855
2316, 28246
1976, 17384
2453, 35669
4569, 35
3096, 5757
2439, 35478
5952, 44
865, 6166
277, 5254
5364, 22
278, 13746
5365, 45
627, 9851
295, 2385
5382, 18
280, 2080
3369, 1382
10298, 1
25, 3149
313, 10938
3392, 1266
3032, 5855
3221, 3605
629, 3707
5716, 3
4661, 53
13041, 1
2768, 10087
3056, 5569
103, 354
5190, 17
3513, 847
327, 10467
3518, 716
3521, 772
5897, 6
11083, 1
810, 2821
3627, 668
3529, 674
95, 470
4116, 160
3520, 782
164, 594
874, 6715
4147, 170
4146, 182
3723, 337
4156, 154
3557, 448
2545, 16072
457, 3887
3631, 481
4960, 25
353, 3850
3006, 5608
2989, 5651
66, 35190
2138, 17127
12398, 1
2125, 12998
7212, 11
2044, 21002
1547, 29273
452, 6631
1556, 30416
2036, 44864
3331, 1311
1318, 7971
1979, 16624
609, 7154
1373, 48950
10560, 1
287, 14043
5374, 95
825, 25851
809, 4738
649, 5802
5736, 9
804, 5040
3667, 353
832, 8487
5919, 4
869, 6789
387, 57633
10798, 1
525, 6935
3012, 7380
3048, 6626
3028, 7093
11586, 2
1313, 7338
12653, 3
2380, 35746
3282, 2541
2411, 41785
3011, 5784
3272, 2193
2982, 5992
2978, 5904
2975, 5910
2568, 16395
7655, 40
2974, 6727
2972, 6093
2862, 7676
2973, 6666
2971, 6123
2599, 15286
2969, 7202
2956, 5700
10921, 1
648, 5385
2737, 12223
2652, 11328
2655, 11261
2949, 5820
2122, 14763
7209, 2
2087, 65554
2678, 12543
3228, 2879
2936, 5307
2921, 7287
2117, 17366
2136, 14413
2121, 15678
2123, 13609
2887, 6413
2165, 15315
2152, 13304
7239, 5
2132, 11771
2180, 11769
3072, 5954
2889, 6862
2888, 8143
1372, 62973
1501, 28111
3043, 6378
1626, 102838
2891, 7302
3220, 3995
2551, 28163
3114, 5988
3207, 4278
3170, 4672
257, 1634
1405, 32630
2454, 39715
595, 7148
3202, 4080
2475, 19489
345, 4718
448, 8159
498, 22767
632, 3176
10903, 1
630, 3150
5717, 16
3286, 2265
1630, 51789
1354, 4445
1866, 99108
12106, 2
1833, 347290
3201, 4425
3112, 5924
3108, 4330
3330, 1552
3204, 3402
3190, 3872
3192, 3764
2497, 19898
2280, 25772
2097, 18764
7184, 1
1886, 248908
10980, 2
707, 10506
5794, 50
1610, 66183
2199, 11360
7286, 7
3256, 2458
1704, 41790
2508, 20470
1735, 60598
2505, 19774
2528, 17663
2459, 24102
2515, 20409
2378, 39257
11611, 1
1338, 7018
2262, 23567
2259, 69719
7346, 9
1921, 29716
2017, 25781
7104, 11
3312, 1746
3345, 1323
1316, 5327
2046, 20199
1012, 8019
3352, 1432
3285, 2129
3315, 2046
2386, 30738
1060, 57380
455, 12608
2010, 20881
709, 27863
10422, 1
149, 314
870, 4931
2444, 25324
347, 1562
5434, 14
986, 9468
6073, 6
11281, 9
1008, 17976
6095, 20
3284, 2182
3269, 2502
3266, 2501
2192, 10910
2724, 8715
3246, 3158
3255, 2246
2831, 7872
2725, 8075
2839, 8131
3267, 1938
8354, 1
3252, 3100
451, 4351
483, 57589
362, 2099
5449, 11
2006, 14666
3881, 406
3797, 441
3794, 298
2740, 10629
3152, 4091
526, 22227
89, 1443
2643, 13123
2645, 11713
2687, 11725
2650, 11404
3356, 1259
635, 5099
2432, 54790
2559, 20134
1346, 5060
794, 203528
1366, 9070
2521, 27753
2527, 22418
2657, 15330
2491, 23086
2490, 18663
1171, 10985
12759, 1
2486, 24432
7573, 5
1164, 27174
2476, 17617
2638, 12093
2502, 17718
2005, 17737
2243, 17127
2637, 13187
2027, 50124
12292, 2
2019, 16030
3632, 436
2806, 9076
2538, 17299
1827, 34140
6914, 20
3113, 5530
425, 17962
3873, 478
4238, 101
3841, 276
2948, 5082
3847, 467
2841, 8820
2813, 9916
3899, 163
3830, 327
3670, 491
1942, 25841
7029, 2
3657, 471
828, 6110
5915, 4
3661, 468
3633, 294
2694, 12188
2693, 11016
3401, 1139
3889, 251
3489, 842
3641, 562
3648, 377
3662, 505
3643, 421
3524, 674
3647, 400
3435, 909
3655, 361
3892, 312
3663, 431
3660, 498
3890, 278
3342, 1343
3672, 308
527, 5456
3887, 332
3440, 917
2833, 12066
2830, 9417
2837, 9587
3090, 6517
3074, 6494
2688, 13214
10981, 3
708, 32340
1166, 22344
1321, 9422
1317, 6042
3705, 351
3273, 2252
3656, 413
2715, 8399
2712, 10236
1022, 40026
745, 6689
3067, 5827
3014, 5941
3726, 232
3016, 6647
13335, 1
3062, 6482
3004, 5924
2746, 11711
329, 47099
338, 1282
2744, 11789
1178, 27774
3677, 300
2749, 8755
1014, 8974
3061, 6383
2555, 17987
3853, 294
2578, 22613
2523, 26467
2204, 12009
2120, 14934
2703, 9884
2736, 8380
1663, 45994
2923, 7176
2866, 7908
2868, 8096
2817, 10596
2910, 6344
2873, 8831
1355, 4085
1941, 31091
7028, 28
641, 10048
789, 15581
5876, 7
2922, 5960
872, 4707
1686, 28219
2917, 7790
2092, 18097
7179, 7
2080, 18301
2119, 18345
3653, 276
2440, 29142
2445, 21933
762, 6039
2296, 22695
1438, 21813
6525, 19
1541, 10852
2319, 28510
2331, 43632
10880, 2
607, 3332
3076, 5801
1751, 60443
2554, 21080
2994, 6246
2384, 39613
3021, 5477
2952, 6422
2058, 14156
12373, 2
2100, 21160
3684, 382
1701, 45056
2168, 10974
1553, 18436
2976, 6346
2330, 33229
3629, 364
3289, 2101
2941, 6652
3624, 587
3617, 364
3625, 472
3026, 7101
3010, 6717
600, 2763
2021, 17695
1429, 21029
2469, 24116
2455, 38745
2118, 15761
156, 8621
5243, 36
1613, 28248
1344, 6590
1948, 40540
3728, 327
2644, 10611
3717, 379
3704, 383
2614, 19031
3712, 374
3126, 6719
2617, 17119
1266, 15339
6353, 64
3122, 4656
11268, 6
995, 643444
2597, 14940
2452, 31033
11117, 1
844, 2569
4633, 31
2654, 11030
11289, 3
1016, 20574
6103, 4
858, 17400
868, 7650
5955, 102
1368, 9745
1348, 4344
354, 4294
539, 10728
10837, 3
564, 1995
5651, 4
554, 3027
5641, 14
3130, 5045
3715, 288
3139, 5033
2664, 11379
2526, 19917
873, 6391
5960, 4
1015, 11214
6102, 6
11596, 2
1323, 10648
2602, 20227
3059, 5640
2627, 14662
3060, 6354
10996, 11
723, 4420
5810, 34
2013, 34428
11069, 2
796, 86664
979, 75057
3731, 379
3690, 400
2904, 6414
380, 1231
2103, 12712
2088, 45744
7175, 25
2093, 15966
801, 14026
12622, 2
2349, 33868
12402, 2
2129, 17865
1627, 87372
2438, 29534
2685, 13255
2595, 14023
11226, 4
953, 13012
993, 32967
6080, 5
1209, 13595
408, 4074
800, 12089
2569, 16494
1557, 75103
12941, 2
2668, 14997
1515, 17794
3091, 6661
580, 4272
2577, 22144
2573, 18317
2918, 7927
2580, 23006
2567, 17673
767, 4406
594, 3828
3174, 3790
3007, 6474
2456, 32443
1179, 33103
2137, 14658
2690, 10995
12959, 1
2686, 12520
2641, 12451
2656, 12842
12920, 1
2647, 10813
468, 2589
5555, 10
1329, 9574
2662, 12721
501, 11750
11411, 6
1138, 22123
3111, 5527
2705, 12171
311, 5110
5398, 17
2680, 13565
2679, 13719
2754, 10221
3044, 6351
3197, 3872
2695, 12081
2495, 19455
3224, 3055
11605, 1
1332, 11695
2698, 11136
2795, 8140
2360, 51433
2629, 12827
2673, 12430
2636, 11832
325, 28716
1367, 11528
785, 30750
2484, 32249
2478, 19981
2116, 30385
2413, 42395
2815, 7838
3820, 412
578, 2019
5665, 12
1085, 24723
2014, 25017
1345, 6785
10654, 1
381, 1167
12455, 1
2182, 11629
2009, 15839
2465, 31685
1347, 4176
1360, 8641
11608, 4
1335, 7607
2653, 12082
3824, 252
2697, 10448
2781, 9068
2546, 17503
2765, 8723
3034, 7343
2798, 9159
2800, 8882
2799, 9214
2731, 9683
1319, 8756
1714, 50504
797, 25137
11891, 3
1618, 49848
2789, 9084
1374, 65761
856, 10700
5943, 12
857, 18786
5944, 9
2808, 11595
1356, 3780
3815, 237
3772, 247
3209, 3180
1614, 26284
6701, 4
3175, 3800
2968, 6119
2961, 7297
3167, 4381
3343, 1537
4401, 61
2970, 6168
3186, 3870
13504, 4
3231, 3549
3325, 1677
3253, 3040
4082, 218
3027, 5510
13303, 1
3030, 5951
3244, 2768
3038, 5852
3001, 6181
3238, 3555
3040, 6690
3041, 5385
2022, 19576
3243, 3514
2883, 7763
3239, 2986
3918, 316
2821, 9728
13093, 2
2820, 9238
2851, 9851
3883, 253
3226, 3301
4075, 216
3063, 5141
3232, 3169
3227, 3330
3230, 3764
755, 1678
5842, 7
10952, 6
679, 8409
10838, 1
565, 1716
2898, 7509
3088, 6441
2913, 6986
3145, 5278
2920, 7257
2919, 6892
3208, 4792
3150, 5220
3017, 6819
773, 11083
2642, 14159
7729, 8
2126, 16893
2942, 6957
13238, 1
2965, 5490
2966, 7079
2964, 7167
2958, 6399
2959, 6268
2954, 5384
2939, 6470
2937, 6008
2895, 7790
2875, 7060
12947, 1
2674, 12120
3234, 2406
2897, 7295
2886, 7313
2667, 14839
2669, 13357
2935, 6736
2911, 6014
2928, 6688
1370, 23693
2998, 5578
2990, 6848
2999, 6487
2987, 6074
2719, 8899
2932, 6233
2881, 7885
3119, 6307
3156, 4185
67, 23083
5154, 23
3031, 6203
13306, 1
3033, 6571
3875, 336
2792, 8347
3355, 1661
12820, 1
2547, 23944
1029, 23488
3097, 5748
3876, 455
3868, 426
11037, 2
764, 1708
3216, 3300
713, 6425
5800, 2
3247, 2912
3242, 2547
3235, 2965
3106, 6514
3120, 5838
3124, 5169
3118, 6497
736, 3938
734, 2024
3287, 2741
2696, 10587
3917, 373
3297, 2059
3379, 1232
2665, 13767
2433, 42558
3132, 5334
2659, 13424
3389, 1264
2684, 13457
3326, 1683
4101, 161
2721, 8921
2114, 26870
2392, 25733
2666, 15414
746, 4267
862, 8845
864, 6569
5951, 2
634, 11320
657, 3306
3158, 4295
598, 2677
2651, 11035
3397, 1170
3275, 2483
3223, 3903
658, 1413
5745, 3
2399, 80053
3009, 6100
482, 16734
763, 2162
3160, 3886
3954, 225
3173, 3776
3159, 5445
3168, 4262
3162, 5003
3357, 1314
3176, 4408
3271, 2572
3320, 1624
3169, 3901
3177, 4262
3739, 317
3180, 3824
10496, 5
223, 46989
790, 16226
781, 32894
757, 2445
5844, 50
2660, 12610
10804, 29
531, 6277
581, 2822
5668, 16
10501, 3
228, 1761
5315, 18
339, 1082
499, 17212
2699, 12064
2711, 10692
2710, 10119
2933, 5020
2876, 8946
2878, 8454
2827, 8599
2864, 8049
2840, 10706
1369, 9264
3968, 266
2845, 8762
3013, 7711
3367, 938
3937, 669
3374, 1293
2855, 7508
616, 34565
838, 4058
2832, 8713
3019, 6845
3020, 5255
2843, 7547
1328, 9377
3316, 1976
3314, 1646
2536, 17975
749, 4763
10852, 3
579, 2114
3050, 5640
3084, 6188
3349, 1656
2691, 13025
2901, 6676
2604, 21327
2640, 11438
10927, 1
654, 8376
3947, 243
3942, 362
3066, 6681
3339, 1234
8426, 4
13324, 1
3051, 5966
3936, 560
3888, 504
3935, 323
3932, 453
808, 4555
3929, 298
3540, 625
2993, 6232
6104, 8
1017, 13778
3449, 705
576, 1408
5663, 2
3734, 266
3802, 536
10742, 1
469, 2027
3799, 346
3427, 1169
3545, 435
3796, 602
3740, 372
109, 4458
3461, 759
1018, 15462
3756, 378
2689, 11380
4010, 283
2907, 5748
3000, 6836
2963, 6290
2849, 8742
3371, 1119
3358, 1121
4041, 180
3086, 5708
2589, 17361
7676, 4
2880, 7577
3716, 306
2953, 6425
2896, 8517
4017, 544
13402, 2
3129, 5782
3110, 5647
2930, 6136
12982, 1
2709, 10350
2101, 12691
2979, 6294
13250, 1
2977, 5823
2584, 19431
3141, 5517
3147, 3684
3068, 6502
3694, 526
3123, 5637
3125, 6220
3681, 407
3385, 1155
3128, 5718
3470, 755
4045, 308
3359, 1786
3364, 1251
93, 2007
3163, 4641
10777, 2
504, 15247
5591, 5
4099, 84
3539, 598
3444, 733
2787, 7782
2675, 13213
3215, 4883
2776, 8841
2773, 10532
2102, 15310
3713, 244
3762, 332
3757, 444
3225, 3444
1327, 6986
2804, 9065
3530, 501
4086, 194
3526, 655
3541, 685
3527, 739
3241, 3028
2113, 16532
4091, 163
784, 7418
2844, 8297
2706, 10272
829, 8454
2616, 17123
2701, 10443
3769, 425
3559, 514
3771, 525
2708, 10670
2716, 9618
3729, 546
3426, 706
1357, 5385
3742, 676
3528, 747
2908, 5774
3749, 439
2906, 6221
2902, 7011
306, 3993
310, 3440
5397, 33
3829, 329
2810, 10404
2903, 5861
2779, 8844
2871, 9150
331, 58255
3773, 361
2929, 6793
2957, 6229
574, 2180
5661, 16
3668, 486
3570, 829
2807, 10459
13003, 1
2730, 9890
4105, 106
3456, 766
777, 9180
2720, 11230
3754, 241
3057, 6213
3755, 509
3588, 566
2884, 6945
2718, 9620
3839, 565
2879, 7099
3789, 338
2853, 8078
279, 14761
786, 53687
2992, 6227
2859, 8034
2863, 7289
3333, 1513
8420, 10
3200, 4014
3428, 992
3037, 6052
3562, 539
3047, 5632
3547, 624
3556, 552
3563, 474
3818, 430
3558, 798
3711, 413
3576, 398
3564, 481
3577, 605
4118, 142
2985, 6068
3817, 412
3575, 513
3384, 1131
3714, 326
3381, 1049
3586, 628
2707, 9976
774, 7428
770, 17241
2848, 9273
3172, 3878
2852, 9776
2791, 9629
3092, 7119
3093, 7406
2967, 6275
2885, 8041
3582, 630
3149, 5105
2890, 6595
13108, 2
2835, 10299
2877, 8261
3623, 250
3087, 5926
222, 1370
218, 1490
130, 371
5217, 76
3100, 8143
3005, 5666
3697, 325
3693, 459
3864, 230
3499, 710
3825, 347
2947, 7746
3659, 192
3140, 5502
427, 8527
3821, 338
3746, 431
3404, 1114
3819, 426
3747, 582
3750, 292
2854, 8381
3494, 487
3781, 315
3783, 278
3784, 399
3070, 5561
3065, 6394
3738, 414
3077, 6755
3046, 5986
3407, 1045
3055, 5821
3049, 5850
2793, 7504
3265, 2605
3101, 6630
3861, 360
3293, 1880
3736, 415
3058, 5425
3099, 6355
3064, 6229
3735, 272
4677, 37
3479, 830
2899, 6912
837, 8718
3018, 7105
3475, 853
3178, 3743
2988, 5466
2811, 9782
2809, 11614
3370, 1424
859, 10387
2986, 5321
2931, 6686
3844, 250
3109, 5892
2945, 7349
3117, 5682
3081, 6420
3069, 6165
3348, 1244
3347, 1366
3344, 1336
3767, 351
3187, 4715
2914, 6837
2661, 12757
3309, 1773
8396, 2
780, 6525
2681, 12047
3804, 427
3380, 1179
3860, 367
2663, 12426
3237, 2944
3206, 3347
3760, 482
3809, 464
3759, 341
3808, 328
3805, 333
3036, 6019
3396, 1096
161, 842
3394, 1383
3134, 5614
3142, 5577
3143, 5854
4188, 282
3806, 495
3083, 6892
3803, 248
3473, 666
4052, 303
3812, 593
4048, 616
4043, 262
4038, 517
3998, 511
3859, 554
4039, 455
3378, 1011
3375, 1542
3388, 1066
3327, 1430
3393, 1146
3240, 2571
3565, 842
4023, 312
3569, 1047
3568, 624
3261, 3209
3597, 353
3581, 758
3579, 400
3555, 464
3183, 3682
13455, 4
3182, 4159
3154, 4122
2683, 13442
3585, 596
3411, 1012
13424, 3
3151, 4489
3157, 4373
3925, 371
3053, 6608
3045, 5420
251, 3881
5338, 14
3155, 3653
12922, 1
2649, 13205
3205, 3765
3214, 2916
3599, 317
3965, 465
3782, 426
3671, 443
3551, 697
3963, 251
4014, 193
3548, 815
3538, 675
3438, 1119
3383, 895
3332, 1019
3425, 867
2790, 8403
3710, 282
3410, 1438
2847, 8482
3422, 857
3525, 625
3502, 909
3460, 779
3166, 4557
3574, 379
3544, 717
3537, 989
3686, 240
577, 1904
5664, 10
4283, 109
3787, 456
3842, 469
3836, 302
3592, 381
3594, 533
3845, 369
3700, 322
3587, 475
3939, 223
3807, 677
3589, 305
4282, 73
4028, 155
3590, 437
2951, 6830
3219, 3687
3025, 7238
3986, 253
3198, 3030
3210, 3181
3217, 3849
2934, 6065
3630, 382
3920, 278
3042, 5854
14123, 3
3850, 376
2780, 8930
2805, 9550
363, 800
3075, 5954
2823, 9796
875, 6965
5962, 4
3188, 3868
3831, 325
3880, 380
4013, 214
3832, 430
4290, 284
3828, 265
4006, 189
3104, 5509
3115, 5842
3827, 455
3146, 5789
3116, 5239
3107, 5596
13327, 1
3054, 5489
3722, 258
3851, 401
3893, 222
3779, 269
4301, 101
3277, 2048
3852, 318
3278, 2795
3302, 1776
3089, 5657
3094, 6356
3306, 2415
3324, 1855
2860, 9493
2838, 10135
3928, 237
3816, 304
2743, 9073
2842, 9271
2796, 7207
3921, 210
2850, 9886
3995, 310
10490, 4
217, 1208
4020, 220
4057, 390
2777, 9168
2819, 10042
4317, 184
4033, 450
2925, 6654
3319, 1878
3593, 422
4047, 443
2916, 7246
2671, 13759
3966, 516
2826, 10144
2818, 9638
3390, 1602
2713, 12174
2829, 8780
2924, 5381
4036, 181
2865, 7656
2856, 8256
1358, 4604
2828, 8255
4035, 328
3402, 1175
2882, 8414
3930, 398
3934, 446
2867, 7791
3923, 447
13751, 6
3478, 879
3976, 293
2670, 13124
4098, 269
3408, 1052
227, 1812
3406, 1040
3127, 5835
3196, 3996
3400, 1190
3181, 4203
3148, 4269
3193, 4510
3194, 3947
2938, 6336
3362, 1414
3373, 1242
3372, 1323
3482, 1119
3683, 244
12990, 2
2717, 8667
3305, 2058
8392, 3
3264, 2197
3280, 2647
3279, 2468
3290, 2021
3276, 2719
3900, 136
3251, 2910
3137, 5260
3248, 2331
3335, 1515
799, 37406
3519, 570
3179, 4284
3907, 345
4054, 283
3858, 436
4341, 107
3811, 284
3857, 232
3854, 253
3616, 423
3618, 420
4059, 167
3430, 804
3856, 258
4051, 202
4055, 332
4217, 82
4175, 206
3878, 468
226, 2949
3450, 912
87, 4297
79, 3177
4429, 80
4442, 81
3361, 1095
3321, 1773
3103, 5917
3133, 6371
3814, 392
3987, 362
3318, 1857
3874, 265
4587, 38
4221, 123
3698, 383
3323, 1846
3195, 3575
2702, 9648
3635, 538
3421, 988
4208, 94
3291, 2023
3978, 211
4262, 172
3865, 262
3792, 551
3800, 367
3340, 1942
2812, 8096
2761, 9860
782, 33884
3584, 458
4330, 153
4272, 108
3944, 398
3363, 1432
3886, 256
4220, 350
3822, 303
4024, 167
12977, 2
2704, 11923
4235, 147
4213, 210
3833, 277
3764, 305
3236, 3970
3971, 341
10361, 2
88, 12751
3979, 375
3725, 329
3136, 5830
4369, 51
3719, 416
3707, 427
4774, 26
4259, 146
3600, 605
3989, 339
4370, 72
2927, 5517
2870, 6541
2926, 5774
2943, 5842
2900, 6557
2983, 7249
3908, 284
3642, 378
3212, 3109
4027, 330
3211, 3054
8298, 13
4278, 121
3914, 152
3994, 301
3910, 275
2996, 7017
2801, 9315
3121, 5183
3171, 3856
3263, 2260
4362, 62
4391, 95
3708, 310
4356, 130
3299, 1841
2778, 9382
2950, 6056
3189, 3675
3199, 4106
2822, 8150
2788, 8006
2960, 6998
4361, 82
4292, 259
2846, 7272
3079, 6061
4303, 198
4085, 203
4049, 276
3229, 2987
4298, 122
4783, 39
4365, 76
4255, 207
4420, 42
3863, 391
4310, 84
2814, 8903
4395, 140
3296, 1645
3259, 3251
803, 20735
5890, 4
3274, 2497
3911, 270
4423, 129
10415, 1
142, 442
248, 1023
3024, 7182
4426, 51
4425, 69
4424, 77
3926, 257
133, 495
5220, 7
4939, 35
3270, 2433
4321, 51
3262, 2688
3245, 3152
3260, 2933
3258, 2580
3885, 269
3882, 256
3702, 374
3884, 413
3516, 583
4025, 620
13426, 1
3153, 4572
3078, 7275
3417, 690
4073, 186
3283, 2554
3317, 1934
3337, 1856
3281, 2367
3377, 1359
3341, 1304
3848, 231
4647, 76
3897, 285
98, 180
5185, 60
3895, 351
3508, 686
3785, 271
4385, 79
3606, 433
4328, 96
3691, 371
4081, 211
4138, 78
3433, 876
4078, 281
4366, 132
4079, 239
2836, 11461
4378, 32
4072, 272
4367, 73
4196, 104
3981, 279
4080, 126
3465, 790
4106, 123
3745, 311
3682, 294
3777, 259
3546, 521
3703, 205
3696, 345
3249, 3339
3561, 437
3368, 1437
3560, 811
3553, 700
3572, 832
4416, 74
4232, 99
3405, 1401
3414, 740
3416, 1035
4230, 145
3573, 540
3640, 436
3583, 607
4190, 220
3608, 526
4122, 120
3603, 363
3609, 429
3503, 629
3522, 449
3612, 656
3610, 639
3938, 249
3855, 204
3308, 1415
8395, 17
3933, 398
2955, 6444
3638, 702
4226, 132
3766, 268
4216, 165
3834, 231
4458, 33
3098, 6247
3644, 540
3940, 387
3913, 299
4413, 157
3826, 314
3924, 568
4141, 121
3073, 5075
2825, 9477
3429, 890
4191, 123
3753, 352
4170, 166
3894, 233
3436, 925
4219, 416
3434, 906
4207, 109
4463, 144
4199, 268
3419, 1048
4127, 341
3959, 423
3437, 656
4412, 121
3382, 1076
4163, 152
4168, 140
2834, 9886
3184, 3641
3958, 291
3391, 1460
4229, 119
3960, 290
2984, 6724
2893, 7318
3431, 1051
2857, 7932
3514, 458
4189, 62
4475, 94
4427, 70
3455, 830
3398, 1398
4481, 88
3550, 430
13070, 2
2797, 8184
4507, 73
3447, 938
3946, 368
3948, 360
13067, 8
2794, 9259
3464, 740
4215, 158
3448, 823
4198, 246
3443, 1261
3413, 966
3409, 1447
2915, 7226
3953, 256
3412, 827
3138, 5186
3420, 731
4407, 185
3161, 4026
4874, 34
4875, 49
3973, 188
3257, 2580
3254, 2185
3071, 6657
3466, 707
4012, 216
3509, 786
4256, 98
3665, 391
3997, 237
3604, 349
3523, 456
4439, 57
4721, 52
138, 135
5225, 26
3135, 5404
3483, 888
2981, 5529
3469, 1210
3468, 795
3144, 6120
3969, 240
4305, 65
3418, 1005
4019, 208
3970, 551
3967, 271
3964, 450
4820, 37
4793, 39
4829, 66
4828, 50
4824, 61
4833, 40
4835, 52
4834, 52
4836, 108
4056, 236
3474, 966
2962, 5524
4381, 50
4815, 43
4053, 223
4683, 68
3498, 635
4111, 301
3500, 733
224, 706
4113, 126
3506, 755
3484, 1082
4421, 82
5165, 27
78, 290
4580, 76
4603, 61
5030, 30
4957, 122
4948, 19
4949, 45
5040, 37
4548, 85
4945, 47
4092, 172
4169, 91
4487, 60
4491, 47
4469, 228
4461, 87
3774, 370
4877, 39
4470, 99
4061, 383
4287, 97
4763, 65
4839, 185
4308, 112
4302, 108
4794, 25
4107, 131
4121, 218
3727, 359
4000, 274
4132, 177
4130, 314
4314, 87
3605, 428
4467, 206
4350, 99
3602, 450
3601, 511
4790, 20
3615, 362
4204, 163
3685, 406
3687, 356
4374, 84
4798, 54
3689, 355
4457, 63
4804, 24
5230, 19
143, 185
4853, 34
4390, 87
4456, 111
4455, 77
5066, 12
4869, 69
3730, 392
3423, 1049
4428, 68
3765, 306
3451, 1288
4415, 106
4363, 194
4419, 67
4848, 19
4845, 49
3879, 312
4792, 77
3896, 328
4842, 12
4520, 126
4860, 65
4406, 110
4827, 25
3961, 310
4211, 192
4768, 80
4759, 74
4745, 37
4746, 222
4893, 43
4761, 82
4760, 66
4386, 89
4920, 32
4596, 61
4383, 73
4214, 179
4164, 268
10567, 1
294, 873
5381, 30
4723, 33
4890, 49
4889, 32
4171, 182
4756, 28
5012, 12
5017, 25
5047, 29
4248, 118
5009, 105
4929, 39
4536, 67
5007, 39
4922, 42
4655, 68
4930, 61
4684, 48
4932, 26
3131, 6370
4205, 97
3329, 1688
4954, 51
4953, 69
4963, 30
4973, 18
4430, 144
4977, 24
5005, 16
5027, 35
5054, 11
5033, 63
3105, 6256
5073, 32
3222, 3941
3298, 2171
3334, 1508
3303, 1975
5021, 28
4986, 61
4923, 11
4987, 40
4991, 56
4993, 40
4984, 17
5008, 54
3758, 196
4825, 41
3288, 2279
4819, 37
5042, 82
5039, 109
4108, 164
4978, 32
4976, 27
3941, 212
5055, 17
3504, 700
3724, 359
5034, 37
4007, 279
4009, 287
139, 151
3718, 405
3905, 375
3877, 372
3095, 6085
3898, 219
3904, 321
3909, 322
3906, 241
3366, 1186
80, 717
10385, 1
112, 400
5199, 12
3658, 180
3415, 792
3835, 389
2980, 4903
3536, 418
3511, 642
3534, 494
3535, 721
4032, 461
3688, 491
3675, 299
3737, 216
3843, 439
4034, 374
3849, 326
3988, 232
4021, 769
3991, 403
3823, 258
4077, 195
3867, 311
4029, 220
3996, 421
3990, 235
4026, 270
3980, 255
4136, 196
4003, 282
4005, 317
4093, 187
4031, 249
4011, 301
3985, 359
3607, 475
4084, 132
3403, 1146
3203, 3121
4143, 142
4088, 185
4090, 149
4125, 160
3680, 374
3441, 1028
4137, 177
4142, 223
3082, 6026
4155, 262
4176, 79
4134, 149
4223, 92
4174, 276
4172, 144
3307, 1617
4225, 253
4184, 205
3471, 830
4186, 158
3459, 1113
3467, 729
3462, 814
4195, 110
4194, 51
4193, 101
4166, 109
4124, 111
3751, 414
3650, 265
4343, 87
3664, 600
3432, 998
3778, 350
3477, 782
3439, 701
3480, 980
3487, 747
3634, 456
3294, 2365
3645, 301
3654, 398
3721, 449
3619, 289
3744, 385
3699, 336
3676, 203
4384, 92
4404, 70
4398, 198
3250, 2874
3775, 275
3786, 280
4431, 108
3790, 359
3922, 262
3795, 408
3505, 840
3445, 1120
3463, 744
4448, 104
3322, 1614
3666, 365
4441, 66
4464, 65
3813, 561
4482, 96
3554, 769
4498, 95
3903, 445
4494, 94
4495, 155
4493, 123
3458, 702
3951, 258
3628, 553
4483, 92
3652, 569
4224, 142
4179, 228
3952, 179
4503, 97
3984, 291
3571, 890
3552, 627
3912, 395
3532, 630
3678, 290
3580, 568
4700, 42
3679, 338
3674, 315
4509, 90
4309, 91
4279, 186
3846, 344
3791, 526
4266, 102
4257, 90
3752, 309
4703, 78
4234, 270
4694, 38
3974, 230
3869, 542
3993, 371
4222, 86
4698, 117
4280, 256
4227, 212
4247, 153
3992, 295
3301, 1844
3452, 1153
4709, 32
4288, 90
4245, 121
4331, 57
3233, 3752
3336, 1365
4728, 98
4734, 93
3350, 1058
3446, 888
4250, 207
4249, 143
4739, 34
4246, 153
3871, 316
4241, 108
4228, 113
4004, 151
4731, 63
4727, 57
4725, 12
4681, 23
4736, 36
4685, 42
4258, 98
3931, 274
4697, 26
4338, 63
4152, 185
4336, 102
4602, 63
4765, 26
3476, 1070
3485, 988
3490, 771
3488, 728
3515, 663
3495, 1056
3673, 303
4268, 185
3507, 873
4265, 122
3510, 656
4270, 159
4925, 67
4329, 124
4530, 98
3578, 497
4931, 30
4468, 97
3732, 336
4541, 36
3720, 467
4233, 184
4512, 63
14164, 4
3891, 173
3701, 319
3706, 451
4285, 157
4914, 13
4252, 78
4342, 61
4397, 138
3102, 6752
3295, 2066
8382, 7
4344, 168
4312, 81
4337, 71
4526, 62
4523, 38
3927, 303
4402, 127
4542, 53
4843, 15
4100, 241
4104, 194
4850, 18
4102, 183
4968, 41
3496, 684
4865, 34
4927, 53
4680, 43
4855, 45
4849, 32
4851, 47
4857, 47
4699, 39
4817, 86
3692, 374
5086, 24
3695, 333
3761, 317
3613, 644
3611, 290
3614, 633
4070, 173
4751, 81
3649, 680
3543, 664
3636, 368
4149, 244
4705, 33
4714, 35
3481, 944
3748, 289
4182, 277
3955, 211
4109, 166
4095, 111
4096, 195
4103, 207
3768, 379
4115, 398
4260, 58
4120, 143
4153, 287
4269, 84
4218, 129
3975, 286
4239, 132
4123, 157
4243, 174
4242, 123
4263, 85
4253, 114
4131, 123
4064, 360
4129, 244
4068, 335
775, 4979
4183, 87
4687, 41
4178, 122
4710, 24
4640, 57
4701, 25
4704, 77
4702, 57
4665, 92
4679, 39
3945, 232
5000, 38
4718, 43
4737, 28
4758, 73
4690, 25
4840, 46
4519, 121
4585, 47
4559, 104
105, 4273
4882, 51
13584, 1
3311, 1737
4896, 99
4864, 45
3669, 454
3793, 293
4791, 62
3840, 400
3950, 300
4018, 279
4873, 34
4876, 99
3788, 466
4909, 25
4861, 42
4950, 36
4863, 52
4858, 26
4046, 364
4921, 19
4030, 435
4904, 71
4058, 208
4915, 27
4961, 61
4907, 37
4888, 40
4913, 41
4570, 60
4575, 54
4578, 54
4903, 22
4880, 25
4872, 90
4870, 22
4878, 58
4200, 126
4323, 37
4802, 18
4856, 25
4568, 49
4382, 63
4368, 80
4325, 47
4688, 20
4311, 56
4316, 89
4348, 161
3531, 520
5081, 63
4319, 84
4322, 112
4295, 260
4294, 119
4293, 207
3621, 452
3492, 887
4236, 150
