8169, 1
7929, 1
8646, 1
9601, 1
6248, 1
8232, 1
6107, 1
7973, 1
6872, 1
8796, 1
8450, 1
7371, 1
8971, 1
7347, 3
8983, 2
6710, 1
6721, 1
8153, 2
9396, 1
5947, 1
6811, 1
6994, 3
8317, 1
9534, 1
7329, 2
5962, 1
8343, 1
5720, 1
8469, 1
5722, 1
6139, 1
9438, 1
6820, 1
9365, 1
6623, 1
8946, 1
8462, 1
7386, 2
6802, 1
5941, 1
9170, 1
9979, 1
6586, 1
7028, 8
5816, 1
4626, 1
7752, 1
6434, 1
6016, 1
6533, 1
9007, 2
5966, 1
7143, 1
6445, 1
5359, 1
6095, 1
7996, 1
7919, 4
5770, 1
5994, 1
9239, 1
6774, 4
6518, 1
8399, 1
6832, 1
5166, 2
9191, 1
5273, 1
8550, 1
5486, 1
5991, 2
6943, 1
6986, 1
5946, 2
6165, 1
7555, 1
5038, 2
7173, 1
6080, 1
9324, 1
6969, 1
5200, 1
5854, 1
5712, 1
5802, 1
6634, 1
5993, 4
7878, 1
6059, 1
4478, 1
9798, 1
6261, 1
9059, 1
7710, 1
5505, 1
7062, 1
8188, 2
6182, 1
7617, 1
6799, 1
9118, 1
7253, 1
6344, 2
9393, 1
5861, 2
8507, 1
5666, 1
7708, 1
7087, 1
5296, 7
9645, 2
7213, 1
9322, 3
5241, 4
4843, 6
5142, 1
9741, 1
6817, 1
8936, 2
8382, 3
6091, 1
7437, 2
6057, 3
8349, 2
7089, 1
4703, 4
8070, 1
7006, 4
5681, 1
4902, 1
6451, 2
6436, 1
8311, 2
8378, 2
5853, 4
5528, 1
6868, 1
6888, 3
9748, 2
4672, 6
6002, 1
6540, 1
6577, 2
6289, 1
6948, 1
7063, 1
7120, 1
9055, 1
7667, 1
8565, 1
5926, 1
8477, 2
7320, 1
8752, 1
9156, 1
6280, 1
6819, 1
7033, 1
7025, 2
7327, 1
6251, 1
7542, 1
6781, 1
6818, 2
6429, 1
6991, 1
7895, 1
6156, 1
5971, 1
8320, 1
7570, 1
4910, 15
7838, 1
7451, 2
8761, 1
6873, 1
6240, 1
6194, 1
5571, 2
5239, 1
7072, 3
5337, 2
8084, 1
7653, 1
4653, 1
8097, 8
8861, 1
8088, 9
8087, 7
8077, 1
7856, 1
8112, 2
8134, 21
8033, 2
8139, 54
8137, 5
8131, 3
6831, 3
8534, 2
8120, 50
6790, 2
7839, 2
6890, 2
6804, 2
8557, 1
6917, 1
6862, 1
8128, 1
8555, 2
7821, 1
8038, 12
8113, 1
8110, 1
6824, 1
6823, 2
6659, 8
6663, 16
8512, 5
8522, 2
6755, 83
6767, 3
6732, 3
6743, 3
6761, 1
6661, 3
8524, 9
6480, 2
8518, 2
6425, 2
6426, 2
6468, 4
6412, 3
6410, 2
6606, 2
6754, 38
6147, 2
6228, 7
6226, 2
6004, 1
6247, 3
6225, 1
6892, 1
8422, 1
9135, 1
8222, 2
6777, 2
7149, 1
5494, 1
8816, 1
4881, 1
4721, 4
9326, 7
8445, 1
8426, 1
4911, 1
8920, 1
8939, 1
7596, 1
6102, 1
5659, 1
6641, 3
8993, 1
7058, 1
9290, 1
5446, 3
5907, 1
8289, 1
7972, 1
9016, 2
10237, 2
7559, 1
7052, 1
9034, 1
5796, 1
8511, 1
6992, 1
7529, 1
8960, 1
8573, 1
6698, 2
6559, 1
6665, 1
7339, 2
7902, 1
9000, 1
8571, 2
5933, 2
5482, 2
8368, 1
5820, 4
7982, 2
8661, 3
6520, 1
4581, 2
5427, 1
7397, 8
7822, 1
6497, 1
6491, 1
4498, 1
4954, 1
6442, 1
8473, 2
6522, 1
7102, 1
8575, 1
6560, 1
8618, 1
8447, 2
6666, 5
7994, 2
7183, 2
5442, 2
7322, 1
8682, 1
8072, 1
8068, 1
8166, 1
8339, 1
6779, 1
9009, 8
7715, 1
5344, 3
5352, 1
5537, 1
9044, 2
7684, 1
5185, 1
8269, 1
8205, 2
5196, 2
7920, 1
5694, 1
8291, 1
7751, 1
7264, 1
8596, 2
6548, 1
8970, 1
10264, 1
7931, 1
6186, 1
6326, 1
4023, 5
5041, 3
8452, 4
7868, 1
7169, 1
6259, 1
6332, 2
8102, 1
7614, 1
6571, 1
10179, 2
6313, 1
6357, 1
10122, 4
6729, 4
10139, 1
7622, 1
5009, 1
6965, 1
6584, 24
7609, 1
7531, 1
6770, 1
6940, 2
4612, 3
6181, 1
5184, 4
7537, 1
6039, 1
4606, 1
6670, 1
6886, 1
3995, 11
7917, 1
5942, 11
5983, 1
7453, 1
8381, 1
7502, 1
7465, 1
6957, 1
6826, 1
6005, 1
9830, 1
7947, 1
8400, 1
6576, 2
7618, 2
4990, 2
7494, 5
6273, 1
6481, 1
10060, 1
6763, 25
6120, 4
7669, 1
10035, 1
7741, 1
6816, 1
7893, 2
8015, 1
8136, 1
7676, 1
6840, 5
8440, 1
6253, 1
7354, 1
8338, 1
8304, 4
5871, 1
6463, 2
10001, 5
6869, 2
8403, 4
7380, 1
7671, 2
9846, 1
6523, 1
5642, 1
4690, 1
8141, 4
8119, 2
6392, 1
6083, 1
6230, 1
6035, 2
8164, 1
5769, 4
8442, 2
9860, 3
4227, 10
8150, 1
6003, 1
8218, 1
7916, 1
5982, 1
6330, 1
8185, 1
5779, 2
8551, 4
7466, 1
6694, 2
7526, 1
8261, 1
7646, 1
9765, 1
5393, 1
5702, 5
7399, 1
7649, 1
7474, 2
9750, 1
9837, 1
7988, 1
7624, 1
9856, 1
7969, 2
7963, 1
10262, 1
7049, 1
5719, 2
6681, 1
5741, 1
7439, 3
8106, 1
8220, 1
4722, 2
10228, 1
7966, 1
7985, 1
8204, 1
7773, 1
9624, 1
7242, 2
5874, 1
5428, 2
6382, 2
5952, 2
6941, 4
6011, 5
7328, 1
6160, 2
6362, 1
5286, 2
6106, 3
7604, 1
5434, 1
7579, 1
5833, 1
4261, 1
8048, 1
7231, 1
5525, 2
5188, 2
5524, 1
6113, 1
7186, 1
7990, 1
8543, 4
6128, 1
6215, 1
6122, 4
6910, 2
4207, 6
10054, 1
10126, 1
7275, 1
6343, 1
7449, 2
6254, 2
7961, 1
5689, 1
10163, 1
8165, 1
6884, 1
5016, 5
5084, 1
7333, 1
7957, 1
6179, 1
6860, 2
7588, 6
6082, 4
7009, 1
6812, 2
6355, 1
4944, 1
9670, 1
9948, 2
5896, 1
7859, 2
7544, 1
6734, 2
6738, 1
8023, 1
9824, 3
10096, 1
10003, 1
9561, 1
8013, 1
5447, 4
6967, 1
6735, 1
5443, 1
7389, 2
9572, 1
6730, 1
6331, 2
6765, 1
7185, 2
7901, 7
9941, 2
7825, 1
7750, 1
9385, 1
6796, 1
5789, 2
10263, 4
6691, 2
6704, 1
6218, 3
5087, 3
6680, 2
5088, 2
9350, 4
4861, 1
4649, 18
6621, 1
6132, 1
5360, 2
9489, 1
5810, 2
5807, 7
5177, 7
5420, 1
9476, 1
5133, 2
9381, 1
4986, 3
5063, 1
10136, 1
6153, 1
4732, 2
9355, 2
9328, 1
5047, 6
6085, 1
7501, 1
10010, 1
5260, 2
7799, 1
6679, 2
10247, 1
6667, 4
5145, 1
4401, 4
9253, 1
5421, 2
10217, 1
5885, 3
6597, 1
4940, 6
7208, 2
4457, 1
5989, 2
7238, 2
7468, 3
4712, 3
5104, 1
5908, 12
4503, 3
10113, 5
7818, 1
5847, 1
5542, 1
6791, 4
7769, 1
6645, 2
6614, 1
6400, 1
6395, 3
7335, 2
7236, 1
9951, 1
9939, 1
4623, 2
5151, 1
6844, 1
5943, 3
5710, 3
6949, 1
3759, 17
7866, 1
7869, 4
10207, 1
6677, 2
5658, 1
9900, 5
4600, 1
4057, 10
7573, 2
9707, 1
6703, 1
5518, 2
6739, 1
7085, 2
6769, 8
6188, 2
6772, 5
6771, 8
5773, 3
7450, 1
6605, 2
10131, 1
5677, 2
7303, 1
6217, 1
5484, 1
9269, 1
5787, 2
9342, 5
6616, 2
7115, 2
6234, 1
6371, 1
5780, 24
9537, 2
6751, 1
6752, 40
6750, 5
5817, 4
6022, 2
9358, 5
9356, 2
5934, 2
6744, 1
6747, 29
6746, 18
6713, 5
6725, 2
6714, 3
9496, 3
9458, 2
5576, 7
6460, 1
6513, 1
6741, 31
9559, 3
6554, 1
6642, 4
6643, 3
6740, 76
9571, 11
6483, 1
6482, 2
6464, 5
5599, 1
5604, 3
6318, 2
6420, 1
6723, 36
6306, 2
7936, 4
5351, 4
7978, 2
6300, 3
6722, 14
7886, 3
9569, 4
6293, 5
6718, 2
6719, 9
9995, 1
6298, 2
5144, 2
9106, 1
6708, 2
4708, 3
9236, 2
4684, 2
6841, 2
6699, 11
5884, 1
6736, 1
7197, 1
4987, 5
9590, 2
9560, 1
5894, 1
4825, 2
7747, 3
7184, 1
4467, 1
4532, 4
8984, 2
7306, 3
7079, 3
7175, 2
7042, 2
9525, 2
5594, 1
6837, 3
4525, 2
10026, 1
6163, 4
6921, 2
6001, 1
7103, 5
7156, 4
6973, 2
7054, 3
7287, 1
9141, 1
7270, 1
7084, 2
6850, 9
5409, 6
7412, 2
7413, 13
5407, 40
6855, 5
6508, 2
6081, 2
5729, 1
5798, 3
7742, 3
4593, 7
9017, 1
6935, 3
9937, 1
4676, 2
9811, 1
9485, 1
7245, 1
5598, 6
9852, 1
6505, 15
7153, 2
5347, 5
6908, 5
9637, 5
7392, 3
7070, 1
6675, 4
5502, 1
4687, 1
7195, 2
7066, 3
5338, 6
4496, 5
4640, 13
7043, 2
9020, 1
4369, 3
9785, 1
7083, 1
4192, 3
9514, 1
7402, 2
7331, 4
7471, 1
8760, 3
6618, 24
9633, 1
7325, 1
9430, 2
5336, 2
5410, 4
8968, 1
8906, 1
6466, 5
5438, 1
10241, 2
6784, 1
6430, 1
6437, 2
8862, 1
9533, 4
9314, 1
7553, 1
4341, 32
6264, 4
6593, 1
7851, 1
7255, 1
6981, 5
8895, 4
5081, 17
8794, 1
6521, 3
7321, 1
7212, 1
7566, 9
10187, 2
10168, 1
7163, 1
6982, 3
6541, 1
6626, 2
5759, 1
9190, 1
6198, 2
9760, 1
6574, 7
5328, 2
8583, 2
5714, 5
9650, 1
8789, 2
5007, 1
6265, 1
6138, 1
9671, 1
9899, 1
8951, 2
6399, 1
7064, 1
7074, 2
8825, 1
8812, 1
10071, 1
6563, 1
6214, 1
6443, 1
5026, 5
5024, 10
9422, 1
6301, 5
5187, 1
9466, 2
6452, 1
6423, 2
6290, 1
9563, 2
9718, 2
5425, 3
6859, 1
9178, 1
7080, 3
5380, 4
9433, 1
8599, 1
5093, 2
8781, 3
6631, 2
9467, 1
10100, 1
9457, 1
6159, 1
4753, 1
6352, 1
9726, 2
6601, 1
5281, 2
6012, 1
9181, 1
6947, 2
6455, 6
6067, 1
9392, 1
5249, 2
6527, 1
9631, 2
10231, 1
9407, 1
9816, 1
9753, 1
7034, 1
9836, 1
4692, 1
6097, 1
7338, 1
5280, 2
9281, 2
6456, 5
5130, 3
8611, 1
6757, 29
6633, 6
6040, 1
9441, 1
6114, 2
9878, 1
9889, 2
4674, 4
4973, 4
9803, 1
9517, 1
9532, 1
9177, 4
6539, 1
9523, 1
6845, 1
9157, 1
9398, 9
6978, 4
5873, 2
8285, 4
6479, 4
8282, 1
5064, 3
9176, 3
10038, 1
10068, 2
5930, 1
6865, 1
5136, 1
4807, 5
4548, 2
9502, 1
9406, 1
9761, 1
4878, 5
8303, 1
9293, 1
4696, 4
6418, 2
6581, 1
9246, 2
4550, 3
9567, 1
4357, 5
8192, 1
6191, 5
7094, 1
9855, 1
8284, 1
6745, 16
4870, 6
9351, 3
9942, 2
9747, 1
5839, 2
8383, 2
9492, 2
9434, 2
6360, 3
5067, 4
5768, 3
6492, 1
9570, 2
9463, 1
9332, 1
7363, 1
4980, 10
6403, 3
8335, 2
8405, 1
5686, 2
9352, 2
9883, 2
5841, 1
10004, 1
4263, 8
8297, 3
10079, 4
9418, 1
6441, 1
6737, 3
6307, 3
5785, 1
9153, 2
5688, 11
9991, 1
8246, 1
10064, 2
6319, 3
4792, 3
6327, 1
9880, 1
6166, 1
8978, 1
8213, 1
9815, 1
8221, 1
6716, 5
6383, 2
6068, 1
6775, 1
6646, 2
5824, 2
9128, 3
6092, 3
4059, 4
9876, 1
9147, 2
4996, 1
9931, 2
6216, 1
8790, 1
4871, 5
4698, 5
7178, 1
6742, 1
6556, 2
4889, 4
10185, 1
9335, 1
9134, 3
7011, 2
10080, 1
7948, 2
9029, 3
9026, 2
9048, 21
9051, 3
9053, 24
6469, 3
6296, 3
6348, 3
9713, 1
9008, 51
8770, 4
6017, 3
5618, 1
4487, 3
8111, 3
8683, 1
4530, 6
4730, 3
8940, 3
8999, 5
8985, 3
4925, 2
9242, 1
9875, 1
5614, 2
10176, 9
10189, 1
6257, 3
10190, 6
6262, 38
5675, 6
8063, 5
4264, 2
5850, 2
6155, 1
10152, 1
5465, 1
7958, 1
7788, 1
4113, 13
4968, 1
6495, 1
5430, 3
9143, 1
9113, 1
5870, 1
5578, 1
8613, 1
5194, 1
5358, 2
7986, 1
4084, 12
4358, 3
8602, 1
5165, 2
9161, 1
3983, 3
9273, 1
9265, 1
9087, 1
6115, 4
5922, 2
9543, 1
8703, 2
6538, 2
8965, 1
5685, 4
9788, 4
9794, 1
9873, 1
8396, 2
7845, 1
5080, 3
7876, 2
6347, 2
6562, 2
4009, 4
4833, 10
7793, 1
8329, 1
9078, 1
6244, 14
9037, 1
7819, 1
7583, 2
9231, 1
9722, 2
9817, 1
6391, 1
8542, 2
6236, 2
7900, 12
8453, 3
5605, 1
9319, 1
3811, 8
6124, 2
7800, 1
4675, 3
9151, 2
9306, 2
9702, 1
9200, 1
8997, 2
9362, 1
8580, 2
9692, 1
9395, 1
6185, 1
5679, 1
8606, 1
9652, 1
7665, 2
8467, 2
9193, 1
5332, 2
4621, 11
8574, 1
6126, 2
9021, 2
9354, 1
5564, 2
8916, 2
3980, 6
6029, 2
5283, 2
9189, 1
3991, 1
9309, 1
8181, 1
3784, 10
5960, 1
5056, 5
7693, 11
5951, 2
6238, 6
5721, 2
10178, 1
5726, 4
8741, 1
5954, 1
8570, 1
9285, 2
4426, 11
7469, 2
9184, 1
4537, 4
8881, 1
5369, 1
6050, 2
8564, 1
6018, 10
8764, 1
9425, 2
9109, 1
4682, 3
5747, 3
6064, 3
5784, 12
9413, 1
5972, 3
6193, 1
4613, 3
8544, 1
8739, 5
7591, 2
8364, 2
7552, 1
8807, 1
7435, 1
7419, 1
7324, 4
7746, 3
5913, 1
5266, 4
6221, 2
7547, 1
9260, 1
8393, 1
5406, 3
9545, 1
8505, 2
5514, 1
9585, 1
8441, 1
5331, 3
7714, 2
6172, 1
8310, 3
8907, 1
4553, 6
4885, 2
8122, 1
5920, 1
8642, 1
5201, 12
9224, 1
9538, 3
7926, 7
4631, 5
9063, 1
7367, 1
4953, 45
8054, 1
9033, 1
8372, 2
4243, 3
8609, 1
4607, 4
7611, 2
9593, 1
8820, 1
6130, 1
7491, 1
5757, 1
9411, 1
5052, 7
5028, 1
7432, 1
8562, 1
8909, 3
8086, 3
8073, 3
5682, 1
8778, 1
4970, 4
7247, 1
8945, 3
5797, 1
8631, 2
9368, 3
8391, 3
7366, 1
8132, 8
7574, 1
7580, 36
6090, 1
5671, 10
6192, 1
9388, 2
9500, 2
3904, 60
5662, 1
7444, 2
9530, 2
7572, 3
5613, 2
7557, 1
7556, 1
8341, 1
8369, 3
8376, 2
5152, 2
3540, 42
7481, 3
7548, 2
7545, 1
7587, 1
7500, 10
6033, 3
4618, 93
7586, 27
7648, 2
7789, 8
7874, 2
7589, 15
7592, 7
8435, 4
8433, 2
7568, 1
7567, 2
7518, 42
9375, 2
7719, 3
7729, 20
7705, 7
7706, 3
7422, 3
7730, 29
9378, 3
7733, 7
4320, 6
5137, 2
6853, 2
9376, 1
7350, 2
7804, 1
9377, 11
7334, 1
7808, 17
7772, 4
7811, 5
7423, 3
5711, 2
7340, 5
7140, 3
7127, 3
7248, 2
7137, 4
7834, 44
5457, 2
8855, 1
8731, 2
7843, 13
6936, 2
7097, 1
7836, 1
7829, 1
5608, 1
7146, 1
7100, 1
8839, 1
3905, 18
8548, 3
8016, 1
8050, 2
5070, 3
5515, 2
8645, 1
8866, 3
8977, 1
9382, 1
4965, 1
8754, 1
8919, 2
9732, 1
8085, 1
9052, 10
6934, 1
8206, 1
6644, 10
8672, 2
6852, 1
6854, 1
9148, 2
9369, 1
5036, 6
5025, 2
9086, 1
9416, 1
8766, 1
6692, 1
4608, 16
8020, 2
6806, 1
9327, 1
7796, 2
8704, 1
7744, 2
8170, 6
8161, 3
6786, 2
8151, 1
8010, 1
6766, 1
9486, 1
6715, 6
8929, 2
5221, 1
4514, 4
6615, 4
8436, 2
8772, 1
5491, 1
8746, 2
6543, 4
6639, 1
8319, 1
6630, 1
8005, 1
7914, 1
4718, 12
6628, 2
8838, 2
9172, 1
6624, 2
3675, 111
8142, 16
5996, 4
9010, 2
6364, 2
8875, 4
8125, 1
9022, 2
5208, 2
7726, 1
4713, 2
4891, 5
4194, 8
6913, 1
4444, 2
7918, 31
8074, 6
6390, 24
8242, 1
4961, 4
8595, 1
6655, 2
6728, 1
6457, 2
6454, 1
6674, 2
4225, 5
8724, 2
7716, 4
6485, 1
7686, 4
7688, 8
4067, 6
7561, 1
7582, 1
8667, 1
8686, 1
3446, 6
6532, 2
6682, 5
6612, 2
8597, 1
8199, 8
8200, 9
6321, 4
6169, 4
7152, 2
9886, 3
6555, 2
4459, 2
4547, 16
4272, 5
6487, 4
7595, 1
8217, 1
3976, 10
8521, 4
4952, 2
6449, 2
8969, 4
8836, 1
6759, 40
6649, 2
6154, 1
8628, 1
7908, 2
7924, 3
7689, 1
6389, 1
8238, 3
7234, 4
7233, 3
7279, 19
4715, 4
6617, 19
6622, 8
8584, 4
7913, 4
9664, 4
4025, 9
5205, 10
6210, 1
8554, 1
8504, 1
8716, 4
6325, 1
7636, 17
6103, 3
4786, 4
8662, 2
8152, 3
8424, 1
8290, 1
7787, 1
7798, 1
7377, 2
8201, 1
9188, 1
8714, 1
6180, 1
7803, 22
7905, 1
4470, 6
8738, 3
6158, 9
7833, 2
8294, 1
7732, 2
6339, 3
8157, 2
7628, 5
8143, 1
7762, 2
6140, 3
6054, 1
7601, 1
7855, 1
8637, 2
4480, 1
5950, 3
8587, 2
8823, 1
8497, 1
4416, 6
8798, 1
9042, 1
8797, 1
4396, 5
8664, 5
8894, 1
6411, 1
6354, 2
6446, 6
6269, 1
7805, 1
6311, 5
8082, 1
8384, 1
5881, 1
5939, 4
5997, 3
6232, 2
5890, 3
4287, 9
9163, 1
3751, 11
3763, 5
7569, 3
7483, 3
4109, 9
8578, 1
8676, 2
3470, 24
8814, 2
3727, 10
6558, 3
8474, 1
7699, 1
4752, 2
4603, 3
4463, 15
9164, 1
6359, 1
9555, 1
6478, 6
5821, 51
7681, 1
5827, 2
8326, 3
8566, 1
5981, 1
8012, 2
8041, 3
8695, 1
7456, 7
8563, 2
8803, 1
5880, 2
8156, 1
5985, 1
5992, 1
8278, 1
7467, 1
7980, 1
6239, 4
8069, 1
6143, 4
7767, 9
7441, 4
7431, 1
8576, 1
7955, 4
8225, 8
8226, 9
7890, 27
7887, 2
7884, 2
3958, 33
6168, 1
8638, 1
7498, 4
8081, 2
8127, 1
6061, 1
7824, 2
8711, 1
8737, 1
3746, 45
8961, 1
7678, 1
7341, 2
8428, 1
8002, 2
6320, 2
4507, 3
3881, 7
7308, 2
7979, 1
7110, 4
5961, 5
7651, 1
5865, 3
7603, 2
4587, 4
7894, 1
6146, 1
7521, 2
8454, 2
5750, 4
7606, 8
4063, 10
3630, 10
8083, 5
3637, 11
4454, 7
5837, 4
5693, 1
6023, 2
8876, 1
8207, 1
4297, 6
7949, 1
8658, 1
4368, 4
4497, 4
5727, 1
6062, 1
4035, 14
7095, 1
8690, 4
8214, 1
8237, 1
6088, 1
5794, 2
8963, 1
5812, 5
7053, 2
8066, 1
5749, 3
5603, 2
7814, 3
8943, 2
4697, 4
8832, 1
7951, 2
5822, 8
8478, 1
6980, 3
8000, 2
5814, 3
5706, 2
8117, 1
7261, 2
7037, 8
7243, 2
6006, 3
8168, 2
8622, 1
3924, 9
5631, 1
8144, 2
7860, 1
6174, 8
3910, 4
8601, 1
7727, 2
3736, 20
5764, 1
8922, 2
7138, 1
8484, 2
7513, 6
7194, 2
8443, 3
6137, 6
7199, 1
7161, 1
8827, 1
7203, 2
4193, 18
8490, 1
7295, 1
8509, 3
7809, 6
8260, 1
5531, 3
8029, 4
4325, 5
4253, 3
8655, 2
8854, 10
7257, 7
8958, 3
7254, 2
8648, 1
8842, 22
7837, 3
9091, 1
9152, 1
6847, 3
5728, 2
7964, 1
8834, 5
7107, 2
5684, 3
5235, 3
6983, 2
5717, 2
5669, 3
8582, 1
5507, 3
7731, 10
7962, 1
5732, 5
3614, 17
6891, 2
3961, 9
8026, 3
6876, 2
7179, 6
4006, 8
7753, 2
6858, 3
5512, 1
8362, 1
8287, 1
8491, 3
7977, 2
7172, 3
7056, 1
3892, 2
7158, 2
7105, 1
4252, 3
4942, 5
5083, 25
5086, 2
3660, 32
5090, 11
5062, 3
3548, 13
6974, 3
6971, 5
7928, 2
8043, 1
7577, 5
8486, 3
6999, 1
5745, 3
8115, 8
8699, 3
5957, 2
7226, 1
7121, 1
7123, 4
8720, 2
7724, 2
8697, 2
8459, 1
5553, 2
5019, 7
5042, 3
5183, 9
8160, 1
6731, 6
5496, 2
7201, 2
5493, 5
7743, 1
7915, 2
5621, 5
8809, 1
5171, 4
5234, 1
7778, 1
3930, 23
8402, 1
5027, 9
6970, 1
6905, 2
5299, 1
7754, 1
5450, 3
5843, 2
6874, 8
9409, 2
6625, 3
6877, 3
5529, 6
5572, 1
6807, 4
7613, 4
5204, 3
5155, 3
5289, 4
7590, 16
5584, 9
7702, 1
8092, 1
5292, 5
7968, 2
5139, 20
5174, 3
7082, 1
6647, 8
5378, 3
5792, 1
5556, 2
5112, 30
8228, 4
6961, 1
4796, 12
5003, 2
5634, 4
8502, 1
5483, 1
7695, 2
6929, 2
8458, 1
5123, 15
8236, 1
7549, 1
5147, 7
8692, 2
3722, 13
6963, 1
5079, 28
7685, 3
5107, 19
5424, 4
3677, 4
4839, 3
5340, 5
4933, 1
5629, 3
4566, 7
5298, 1
5037, 2
4602, 4
5238, 6
4619, 28
4628, 7
8031, 2
5220, 6
4725, 4
6834, 24
4829, 5
5085, 6
7817, 3
7615, 2
8654, 2
4789, 12
4787, 12
4769, 5
4580, 1
5101, 6
7459, 6
6800, 1
7457, 17
6764, 87
6887, 4
7460, 30
8530, 5
6748, 23
7515, 4
6486, 1
4935, 8
8053, 1
8138, 11
6794, 1
6753, 4
4399, 6
8705, 1
8365, 3
5307, 2
5172, 6
6893, 5
5214, 10
4794, 9
6945, 1
4501, 11
9303, 3
4890, 1
6828, 6
8180, 3
6835, 11
6836, 13
6609, 4
6690, 4
6881, 1
4962, 4
8034, 6
5039, 3
8094, 2
6580, 1
4376, 5
8055, 3
8108, 9
4364, 4
8520, 1
4711, 1
6785, 15
5006, 4
6678, 2
4578, 17
8371, 2
6401, 2
7485, 3
4960, 3
4316, 9
5335, 1
6381, 2
6549, 3
6439, 2
6640, 4
6842, 7
6839, 2
6636, 2
6274, 2
4166, 8
9237, 8
8248, 3
7492, 7
6827, 2
6776, 2
4397, 23
8193, 1
5073, 7
4262, 11
8227, 1
6712, 1
6393, 1
5032, 3
4258, 7
7379, 1
3917, 12
5074, 4
7735, 2
4617, 2
4590, 7
5013, 3
7390, 2
7888, 1
4483, 11
4506, 2
7519, 2
5282, 3
4379, 6
3903, 26
4055, 88
7336, 2
6843, 2
7482, 1
5167, 4
4695, 4
6568, 6
7409, 3
6705, 3
5389, 2
8411, 4
8420, 2
5051, 4
6546, 6
6707, 2
6550, 1
7403, 6
3577, 11
8265, 1
4521, 15
6613, 2
5076, 11
6260, 7
7815, 4
8059, 1
3611, 18
6668, 4
7511, 1
4689, 2
7319, 2
7946, 1
6570, 3
3065, 77
4461, 8
5211, 5
5348, 9
3458, 22
8466, 2
4485, 7
9121, 2
7337, 5
7388, 47
7387, 75
7302, 3
6510, 2
3952, 21
7282, 1
7272, 3
7384, 26
7369, 6
7273, 13
6282, 2
7291, 7
6020, 2
7281, 31
7289, 2
7376, 33
7381, 5
7300, 8
7385, 11
7382, 5
7073, 3
7141, 26
7298, 4
7008, 1
7159, 49
7068, 1
5269, 7
7132, 9
7268, 2
7240, 1
7139, 19
7136, 3
7048, 2
7215, 2
7130, 2
7116, 1
7246, 1
7109, 5
7125, 8
7171, 2
7018, 1
7277, 2
7278, 229
7027, 9
6813, 8
7383, 40
8451, 5
8449, 5
8811, 1
8488, 8
8846, 4
8847, 4
6365, 4
5343, 11
8844, 27
8783, 4
6337, 6
8843, 13
8032, 4
5455, 8
7472, 3
4123, 11
4174, 5
5313, 4
6367, 2
5326, 26
4148, 2
5545, 11
6545, 1
3682, 9
6465, 1
7717, 2
7527, 3
9025, 3
8021, 1
3324, 15
5740, 5
7938, 1
5731, 3
3220, 55
8410, 1
7607, 3
3225, 17
5990, 2
8848, 1
5965, 2
7701, 3
7696, 1
7863, 3
4509, 10
8501, 3
5931, 3
7736, 1
8241, 3
8243, 4
8271, 3
6387, 2
5488, 1
6493, 13
6504, 2
7091, 7
7090, 9
5735, 2
4064, 13
8417, 1
5782, 6
8498, 1
7005, 8
5030, 4
8149, 4
6000, 5
6125, 2
7637, 3
5739, 26
6231, 1
7578, 1
7664, 2
7585, 5
7745, 4
5606, 4
4943, 5
7801, 1
7108, 1
7446, 4
5402, 1
7198, 3
6328, 1
3744, 13
7266, 3
3873, 17
4091, 5
5530, 8
5372, 3
7581, 1
5274, 1
5579, 2
6229, 10
4069, 7
6219, 6
5600, 3
7119, 1
5288, 4
4867, 2
6093, 2
4827, 4
7040, 2
7517, 2
8116, 2
7841, 4
7486, 4
8197, 1
4798, 7
4898, 3
4027, 12
4905, 7
7131, 1
3365, 15
8146, 1
5914, 1
3352, 30
4930, 2
5929, 2
7756, 1
7847, 1
4762, 3
4761, 8
6056, 2
7700, 2
4810, 3
7599, 1
5124, 2
7218, 5
5150, 12
7452, 6
5414, 10
7495, 2
4948, 8
5517, 4
3710, 14
7106, 1
7317, 3
7795, 1
7349, 1
4639, 2
3441, 11
7069, 5
3563, 27
5287, 14
4707, 6
7059, 1
4774, 16
7176, 2
5189, 2
5888, 3
7036, 4
6920, 1
6814, 1
4758, 3
3259, 27
8045, 2
4686, 5
6805, 2
4776, 4
5826, 3
5690, 9
6883, 2
6942, 1
5864, 7
4726, 8
4828, 13
8065, 1
7104, 1
5049, 8
8036, 1
4742, 2
5021, 3
7055, 1
6896, 2
7522, 3
7348, 1
5898, 7
7509, 1
5325, 2
4918, 3
4493, 6
3606, 22
8155, 7
5944, 2
4844, 5
8677, 1
4531, 6
4409, 23
5451, 7
4780, 2
5294, 3
7167, 5
7992, 2
5008, 3
7455, 10
6797, 2
5031, 10
8006, 3
4756, 9
5265, 2
4534, 4
7207, 2
4554, 13
4393, 2
4624, 6
6931, 2
4766, 50
7504, 1
4781, 10
5667, 15
4778, 18
4303, 4
4755, 5
4876, 8
4877, 4
5670, 4
5909, 4
4838, 7
6808, 2
4388, 6
7832, 1
5680, 4
5109, 1
4442, 19
4372, 8
6915, 3
7594, 8
6756, 23
4586, 5
7697, 2
7398, 2
5753, 4
7111, 3
7740, 1
4800, 8
6901, 3
4988, 5
4448, 20
7704, 2
7391, 2
5901, 3
4926, 16
3296, 24
7420, 2
4273, 3
5652, 5
7477, 6
7274, 6
6897, 1
7026, 1
6783, 2
5363, 3
4484, 3
6953, 2
6671, 4
7672, 1
4679, 5
5175, 8
4946, 2
6664, 2
5190, 3
7806, 13
7760, 5
4021, 5
7022, 1
4032, 93
5254, 4
7512, 1
5100, 3
6706, 6
4277, 10
3926, 47
4178, 23
4347, 19
7299, 1
7188, 2
6851, 3
6879, 6
4622, 4
5626, 3
7971, 1
4767, 2
4901, 1
7076, 1
4831, 4
6656, 1
4799, 4
7014, 2
5213, 4
4096, 8
7162, 2
6650, 2
6648, 2
6898, 2
3884, 22
5057, 5
4853, 11
4495, 6
3994, 11
6693, 1
7368, 1
5160, 2
6654, 4
4729, 9
5055, 45
5713, 2
4302, 7
6592, 1
6838, 1
5632, 4
7294, 1
4020, 5
4154, 6
7443, 1
7728, 1
7849, 1
4677, 3
4908, 4
4183, 10
4500, 4
4255, 8
7400, 3
7605, 1
7625, 28
7626, 15
7619, 11
6918, 3
4214, 11
6695, 5
4342, 8
4540, 12
4816, 7
4156, 15
3678, 30
6697, 4
7627, 6
4770, 10
4185, 8
7421, 3
3445, 14
4979, 2
3437, 11
5733, 7
7703, 6
3692, 14
4181, 5
6566, 1
7200, 7
4406, 16
7858, 2
4440, 4
3862, 6
7853, 1
4177, 4
4782, 2
5630, 3
4584, 1
6551, 9
5417, 2
3613, 19
3266, 21
6976, 2
6937, 2
5705, 4
7145, 4
7430, 1
4577, 6
4071, 7
4407, 4
3837, 13
5127, 5
4765, 28
3276, 33
5128, 12
7534, 8
7532, 3
7598, 4
7530, 3
7535, 16
7538, 5
7562, 3
7565, 15
7564, 27
6256, 3
7554, 5
7536, 3
7489, 6
5467, 4
7416, 3
7417, 4
7407, 3
7404, 14
7393, 7
7394, 3
7323, 6
7418, 53
7415, 8
7256, 12
7362, 2
7249, 5
7229, 5
7360, 3
8240, 1
3764, 14
7170, 1
7124, 1
7316, 55
7101, 3
7190, 6
7191, 1
7276, 1
7314, 29
7017, 3
7016, 3
7045, 19
7292, 7
7224, 1
7015, 3
4539, 6
6895, 1
6926, 1
6998, 1
7142, 5
6919, 3
7154, 3
4251, 5
6830, 3
6909, 10
6829, 3
5919, 4
6904, 6
7293, 51
6902, 4
8173, 9
8223, 2
6894, 2
7126, 3
6914, 3
7285, 4
3813, 15
4331, 6
4917, 19
5855, 1
6322, 3
4234, 5
6074, 6
6058, 1
4704, 4
3996, 11
4815, 1
7307, 1
6028, 2
5918, 2
6475, 3
4180, 7
5730, 2
3512, 12
4529, 4
3391, 12
4533, 3
6685, 5
6684, 3
3776, 47
6037, 9
5924, 3
6111, 1
3669, 39
6099, 1
4803, 3
6076, 1
3757, 10
4630, 7
3335, 27
3592, 21
3651, 31
4053, 44
4074, 15
5809, 2
6662, 3
6336, 1
3696, 36
6683, 2
6494, 21
3859, 9
7480, 3
4598, 5
6197, 1
3188, 43
5910, 1
5569, 1
6235, 2
6405, 1
4413, 34
5503, 3
3626, 32
5506, 21
6688, 3
3963, 13
6173, 1
3865, 24
6209, 8
3569, 17
3292, 35
5029, 2
5762, 3
4080, 31
3359, 31
7166, 4
7181, 7
4039, 28
5937, 6
3737, 14
5567, 3
6346, 1
7205, 1
4583, 13
3389, 25
4561, 2
5921, 5
5696, 2
3974, 19
5725, 5
4560, 11
6065, 1
4551, 11
6724, 5
8004, 3
4236, 7
5645, 3
5639, 3
4239, 6
6701, 2
3742, 9
5911, 2
6031, 1
6060, 1
3238, 65
6498, 1
5805, 5
5577, 27
7259, 2
4365, 3
5565, 7
6299, 5
5390, 7
4340, 11
7192, 4
4343, 10
3082, 67
5897, 8
4271, 3
7260, 3
6014, 2
5969, 1
5302, 7
6109, 3
6506, 2
3590, 13
5665, 5
3155, 25
6177, 4
5976, 5
5830, 3
5700, 2
5609, 15
6461, 3
5319, 13
4344, 6
4065, 7
5751, 2
5395, 4
6072, 2
3466, 47
6279, 4
5736, 2
7023, 2
7165, 3
5487, 4
4346, 15
6557, 3
6419, 1
5975, 2
5568, 3
5290, 8
5581, 2
4370, 3
4310, 6
4254, 6
3479, 20
6008, 1
6245, 2
3986, 19
5889, 4
5538, 2
5704, 3
5476, 2
5562, 1
5278, 4
3474, 19
3464, 24
6098, 3
4242, 22
4205, 9
4339, 8
4206, 7
6049, 3
5559, 1
6373, 6
7174, 2
3379, 23
3932, 10
5412, 1
6151, 3
5444, 1
6304, 3
7144, 3
5094, 12
5186, 5
6086, 1
6087, 1
4245, 8
4195, 13
6044, 2
5355, 5
3906, 18
6962, 3
5611, 5
5917, 5
5786, 2
5490, 4
5508, 6
5212, 5
5678, 2
6078, 4
5192, 7
3984, 6
6199, 1
5327, 2
4565, 6
6968, 2
5661, 2
5697, 1
5676, 2
5350, 5
5892, 3
5089, 4
5422, 8
5178, 4
5157, 3
5748, 4
5362, 3
6297, 3
5905, 1
3701, 17
6954, 1
4974, 3
7035, 1
5379, 2
5640, 3
5435, 3
5742, 2
5788, 4
3629, 23
6459, 5
5071, 8
7462, 1
4945, 13
4920, 4
3971, 8
5436, 3
4888, 3
3623, 19
5255, 4
5357, 4
5701, 8
3919, 5
3939, 5
7630, 1
5161, 5
4118, 4
5619, 3
5734, 1
5014, 11
6809, 2
6077, 2
5615, 7
5948, 6
5182, 29
5845, 4
3830, 23
5644, 3
5916, 5
6069, 2
5385, 5
5303, 2
2029, 3537
2341, 459
12314, 1
2041, 3699
418, 1932
2043, 3235
1847, 5602
2278, 495
1875, 5088
2299, 550
2225, 880
231, 1191
5318, 5
2274, 490
2192, 995
2224, 1149
2234, 951
2207, 908
2243, 837
2268, 568
2215, 872
147, 607
2227, 934
2145, 1379
2226, 756
2237, 748
2240, 826
2022, 2753
2148, 1033
2119, 1707
2133, 1412
2273, 644
2245, 662
318, 37150
2073, 1832
10419, 1
146, 2294
5233, 9
2334, 288
2286, 715
2026, 3729
2259, 783
12537, 1
2264, 642
2267, 679
2127, 1148
2123, 1457
2257, 686
86, 236
5173, 1
2211, 849
4265, 4
1908, 4832
2052, 2850
2132, 1431
2034, 3350
2066, 2858
2109, 1944
2190, 930
2035, 2656
2050, 2813
1998, 3633
2233, 644
2074, 2219
1815, 8292
2156, 1446
2260, 615
2055, 2443
2154, 1241
2261, 838
1931, 5133
1838, 5590
1833, 5688
2182, 904
1934, 5559
1894, 4651
206, 3950
5293, 5
2269, 598
1930, 4960
142, 1629
5229, 5
1782, 8141
2506, 336
2070, 2177
1771, 6497
2272, 587
7359, 3
2101, 1717
2075, 2017
1910, 5243
6997, 1
1927, 4775
1926, 5860
1684, 8886
2258, 845
7345, 1
1896, 4451
2279, 514
2039, 3146
1999, 4376
2250, 905
1802, 6535
370, 1102
2336, 424
1788, 7869
1960, 4742
7047, 3
2309, 521
2174, 989
2313, 742
2306, 535
2295, 556
2291, 539
7378, 3
1780, 6805
2301, 512
2294, 768
2298, 418
2128, 1268
2314, 523
1789, 7228
1825, 6030
1764, 6430
1686, 8457
6773, 33
2263, 578
1859, 5203
2116, 1574
1731, 8372
2107, 2270
1874, 5212
2217, 810
2320, 609
2270, 597
1719, 8374
1705, 9305
1712, 8222
210, 4601
1795, 7209
2115, 1819
2093, 1724
1835, 5408
6922, 2
399, 4230
409, 3893
1691, 8707
1693, 7989
2433, 351
1670, 9377
2293, 538
2071, 2293
2082, 2329
1820, 6501
2253, 810
2254, 664
2252, 903
2271, 598
2249, 688
2033, 3485
1738, 6815
401, 16399
1546, 17272
1699, 9171
2265, 648
1735, 8820
2009, 3211
298, 55075
1978, 4393
1980, 4539
2228, 684
199, 5173
1951, 5248
174, 15980
5261, 3
1953, 5178
1970, 4314
1919, 5500
2124, 1274
1844, 5046
1854, 4869
1842, 6013
1849, 5255
2139, 1193
1950, 5086
1785, 7619
1845, 5498
1952, 5806
1948, 4975
1923, 5221
1955, 4522
1794, 8149
2333, 541
1732, 7664
1869, 5804
2126, 1546
1856, 5667
2199, 1027
155, 4437
5242, 24
2266, 671
1829, 5736
2198, 888
1983, 4069
2153, 1221
2134, 1255
1917, 5251
1571, 15785
1920, 5192
1890, 4178
2150, 1343
1631, 10969
1848, 5938
1885, 5199
1884, 4709
1891, 5276
1902, 5857
1837, 6882
1762, 7701
2168, 894
2176, 1059
2130, 1467
2141, 1371
1737, 7651
1694, 9498
1779, 7948
6866, 5
1814, 6260
1687, 8738
1812, 6035
1724, 7338
1672, 9950
408, 5307
184, 3872
5271, 9
226, 1675
1657, 9520
10410, 1
137, 1720
5224, 2
1873, 5393
4230, 22
1791, 7671
2012, 3403
2420, 344
2011, 3634
2006, 3058
2005, 4124
2159, 1168
482, 3144
481, 5176
1521, 21107
820, 8951
2094, 2148
2096, 2120
2095, 1968
2046, 2794
2102, 1915
2103, 2064
1734, 9176
1677, 10299
10687, 1
414, 2015
10688, 4
415, 2085
538, 4531
5625, 2
1660, 10307
1667, 9552
1668, 8953
1713, 9388
2205, 1149
1708, 8186
1988, 3914
2204, 1017
2511, 244
1669, 8849
2186, 1237
1683, 9603
1963, 4335
1967, 5312
1972, 3921
2062, 2026
2061, 2979
2064, 2402
7151, 5
1982, 4370
2042, 2983
2172, 1148
2509, 413
2173, 1200
135, 1899
5222, 2
2492, 247
1882, 4486
1905, 5641
40, 15184
1973, 4543
1864, 5664
193, 33063
1904, 5367
11099, 1
826, 11496
1830, 5659
1852, 5652
1857, 5904
1718, 8662
1867, 5072
1916, 5179
1863, 6221
1860, 6716
1717, 8896
1801, 6741
1806, 6440
1787, 8261
1792, 6954
12057, 1
1784, 6771
1809, 6972
1176, 21987
1850, 5102
1807, 6993
1808, 6783
1824, 6684
1878, 5451
1879, 5670
1883, 4381
1803, 6916
1987, 4236
1992, 3698
1799, 8136
2048, 2545
1778, 8356
1989, 4180
1777, 7887
2053, 2735
2049, 3057
2054, 2798
1773, 6445
1744, 7687
10694, 2
421, 1942
1925, 5514
2067, 2926
1918, 5809
11, 12686
5098, 9
2063, 2667
230, 1618
84, 415
2137, 1210
1921, 5654
2057, 3148
2149, 1152
2151, 1181
2013, 3665
1871, 5047
1866, 5289
2155, 1067
2402, 369
1768, 8923
1742, 8146
365, 1906
5452, 5
1748, 8123
530, 11123
1736, 9493
1747, 7684
1316, 12638
1774, 10013
1658, 9645
1769, 8896
1637, 10770
11969, 2
1696, 9615
1450, 44397
1710, 8441
1750, 7219
819, 6904
2032, 3334
1903, 5048
2551, 336
194, 22788
1666, 9775
1974, 4509
1679, 9022
805, 54262
1897, 4472
1357, 23905
700, 14133
531, 7650
1680, 8044
1242, 35684
1915, 5259
1399, 91176
1932, 5141
1928, 4874
804, 29836
5891, 7
1431, 65256
1440, 34895
176, 17584
5263, 5
420, 2072
374, 3453
5461, 17
1026, 29972
11087, 1
814, 13260
495, 20648
5582, 3
344, 4887
532, 5733
1823, 6251
1382, 15739
1981, 3672
1638, 11220
1639, 10614
2355, 365
1975, 4599
1609, 9948
1889, 4939
1914, 4794
1901, 4869
1899, 4275
2099, 1851
2285, 689
2284, 406
2287, 565
11021, 1
748, 13301
1862, 5978
775, 8746
5862, 8
2338, 510
1861, 6617
1907, 5550
488, 57594
5575, 12
1886, 5063
1946, 5039
1561, 16363
1560, 20242
1819, 8083
1495, 27238
2303, 704
1553, 16148
1813, 6112
514, 9652
5601, 2
1945, 5366
1943, 4679
7030, 1
800, 11843
1796, 6398
1826, 5767
1944, 4898
1726, 8997
1961, 4738
1695, 8056
1671, 10260
6758, 29
1624, 10605
1676, 10649
1706, 7696
1942, 5393
1544, 20545
1700, 8979
94, 6033
5181, 8
2451, 361
1577, 16369
1543, 21191
1552, 16657
2335, 391
275, 293921
1704, 8250
1887, 5692
1941, 5743
1893, 4965
1940, 4810
1906, 4511
1682, 8361
1911, 4859
1909, 4910
2317, 452
2318, 544
2352, 526
607, 48095
1898, 4803
2276, 624
535, 5990
5622, 4
539, 8707
1200, 29305
1881, 5509
1211, 28241
1939, 5975
300, 24673
5387, 4
361, 4764
5448, 4
10864, 1
591, 8735
341, 6204
2152, 1287
574, 26130
2330, 383
400, 13848
2319, 523
2327, 418
2238, 830
2323, 469
2328, 485
2315, 501
2222, 814
2312, 825
2326, 539
2197, 943
2305, 553
2220, 746
2325, 527
10574, 1
301, 8971
5388, 4
1169, 26722
1751, 8058
2437, 213
132, 3830
5219, 6
1722, 8367
1933, 5225
1547, 17633
2297, 634
2521, 257
164, 14889
5251, 2
1678, 9150
790, 18659
5877, 4
381, 183326
382, 12391
4030, 6
1673, 11287
6760, 1
1947, 4962
2828, 90
471, 10312
5558, 2
498, 191129
5585, 4
2530, 349
173, 5898
2020, 3694
1702, 8647
2004, 3323
1760, 9441
4367, 8
2010, 3293
2016, 3443
2018, 3342
1263, 13632
2723, 124
366, 1581
5453, 1
2027, 3070
2025, 3440
2696, 189
339, 12458
5426, 5
1250, 14777
2068, 2254
2080, 2297
1929, 5128
1583, 13933
1454, 43756
1213, 27170
758, 5779
1997, 4468
1935, 4949
1895, 4704
1542, 21185
1519, 19808
1525, 19941
776, 6914
5863, 8
1538, 21663
12281, 6
2008, 3422
801, 8886
1309, 12890
2007, 3320
1261, 15592
1957, 5058
1956, 4866
1964, 5323
2087, 1907
1962, 4524
2045, 2947
2086, 2038
396, 3356
397, 3252
922, 15760
6009, 2
10588, 1
315, 11309
12239, 2
1966, 4874
605, 135899
5692, 4
1954, 5211
1976, 4020
1984, 3785
1763, 8917
1872, 5088
837, 23195
830, 13296
2023, 3810
1765, 8030
1753, 8818
1752, 8539
1756, 8713
1892, 4554
12027, 1
1754, 8078
2017, 3476
11561, 6
1288, 16187
6375, 2
1689, 8478
1757, 8461
1254, 15329
11537, 1
1264, 14282
1781, 6897
1986, 3545
2058, 2672
1675, 8408
6762, 31
1793, 7119
1985, 3658
1797, 6002
1605, 9675
1800, 5588
1587, 14776
472, 6223
1804, 6719
1816, 5828
1817, 7383
309, 5238
5396, 5
2015, 3466
1840, 5758
1841, 4596
2037, 3206
1870, 6151
1843, 5817
1965, 4682
536, 6459
5623, 1
10807, 1
534, 5543
10685, 5
412, 2780
5499, 13
516, 23138
422, 2189
2770, 71
413, 3524
5500, 3
2081, 2063
1853, 6368
372, 4805
5459, 10
207, 5182
1174, 23602
209, 3063
2085, 2131
2558, 214
201, 2090
1221, 21539
476, 12196
5563, 6
480, 8678
1201, 30465
1834, 6451
2044, 2882
11066, 2
793, 10293
2235, 919
533, 4374
286, 3049
5373, 37
2643, 199
512, 6662
89, 209
5176, 1
283, 4005
5370, 5
2640, 244
520, 11222
5607, 4
2209, 823
1493, 26643
3850, 38
2210, 889
2206, 1128
2208, 916
2459, 258
102, 176
2202, 940
2136, 1330
537, 4993
5624, 5
2894, 128
12311, 1
2038, 3090
1912, 5693
384, 4142
5471, 35
2528, 328
10444, 1
171, 8227
5258, 4
1959, 4704
1698, 9043
2713, 142
356, 3265
1655, 10053
1728, 7751
1464, 30271
1697, 9121
1214, 31019
477, 6411
475, 26063
478, 6134
10747, 2
474, 20511
5561, 7
473, 6739
5560, 2
511, 5575
1252, 20322
1725, 9805
1721, 8601
1720, 8137
1727, 8058
1626, 10760
1564, 16075
1563, 18307
2031, 2992
2028, 3266
1568, 14466
1551, 18289
11996, 3
1723, 9537
1513, 23260
2427, 355
7514, 2
70, 47740
2000, 4099
1711, 9002
1517, 22053
6604, 4
1236, 19185
1206, 23948
1010, 16608
1198, 18585
1207, 26676
6294, 3
1212, 29811
792, 8415
798, 33254
1714, 7437
260, 8741
1716, 7064
1226, 17347
890, 27389
205, 5329
1531, 21562
1692, 8086
1529, 20524
1205, 19436
6292, 4
3787, 15
1430, 75488
6517, 2
1251, 17309
6338, 3
810, 29519
1674, 11190
456, 3391
5543, 3
455, 3951
453, 2146
5540, 2
479, 5724
5566, 4
423, 1930
5510, 3
407, 5037
1238, 44209
1293, 10195
256, 15145
671, 29345
367, 2204
689, 37014
5776, 2
672, 23275
470, 8626
5557, 10
1469, 33851
1465, 33973
18, 2018
5105, 2
36, 125370
1584, 15504
786, 8867
1527, 19457
1581, 17645
1681, 9525
1574, 15821
1403, 42253
6490, 1
1249, 12890
1453, 45550
1275, 13076
11503, 1
1230, 15666
1541, 19881
373, 2881
5460, 6
342, 6023
5429, 12
702, 26407
1518, 20449
355, 7628
1619, 10116
11590, 1
1317, 13345
1322, 20811
6409, 3
1419, 46223
364, 3302
1276, 12875
6363, 4
1321, 29440
1255, 14642
11735, 1
1462, 30612
402, 4027
1463, 34433
1594, 12060
1550, 15497
6637, 3
870, 11229
1601, 10564
1121, 166170
6208, 4
1599, 11096
917, 10287
957, 191614
785, 5163
457, 2815
5544, 11
10859, 2
586, 7967
1616, 10293
1618, 10610
1232, 13197
3858, 42
1501, 28861
1362, 31935
1496, 25059
1570, 16461
1361, 28257
1351, 18847
1337, 27144
3839, 22
1482, 31207
1318, 17703
1304, 10238
756, 8716
880, 19313
1536, 22669
3815, 26
1458, 44902
1516, 20089
1515, 26140
11260, 2
987, 25355
11896, 1
1623, 10448
1096, 49900
964, 106457
6051, 8
312, 7147
5399, 11
515, 13732
5602, 2
385, 4842
5472, 4
588, 7548
62, 1731
5149, 1
212, 5072
121, 2853
1171, 23653
692, 14054
10644, 1
371, 4704
5458, 8
699, 27261
2549, 258
10465, 1
192, 43141
5279, 3
1537, 19861
1194, 20406
1600, 10207
734, 75631
1324, 16112
1289, 19596
1012, 48575
1422, 37963
6509, 9
1260, 19953
1111, 53319
11517, 1
1244, 17185
1246, 18195
1559, 16077
774, 8488
885, 44978
10779, 1
506, 11108
5593, 11
1558, 18784
691, 15187
5778, 2
11041, 2
768, 9709
3770, 27
1413, 25293
6500, 6
1554, 16832
1555, 18196
1136, 76342
6223, 3
967, 55399
11671, 1
1398, 158451
1557, 18569
1167, 25163
1330, 13565
1119, 106038
6206, 3
1522, 21417
809, 37157
1585, 15999
1470, 30542
1514, 23105
11327, 1
1054, 90586
6141, 2
872, 7420
5959, 7
933, 43562
1580, 17650
986, 27860
1241, 74172
1456, 40078
1173, 22259
982, 65800
1426, 48515
825, 13159
764, 8528
5851, 5
955, 220334
6042, 2
962, 296249
822, 11158
817, 11098
5904, 2
359, 2629
1135, 98515
6222, 2
11732, 1
1459, 40441
751, 12164
5838, 3
325, 18243
1374, 18560
1005, 37679
991, 23066
1503, 27147
1386, 20815
1235, 16315
1607, 10833
1227, 22015
1502, 26577
521, 7737
1364, 30283
1576, 17592
1278, 13330
393, 13797
5480, 55
1388, 17022
11372, 1
1099, 32665
1100, 29041
1269, 13366
1262, 15606
592, 7202
1511, 28023
975, 55747
11887, 1
1614, 11300
1641, 11026
1273, 10556
1510, 27701
1267, 12137
10570, 2
297, 19626
5384, 2
11226, 1
953, 47629
307, 6198
5394, 2
791, 12546
3805, 8
1448, 41603
6535, 3
507, 13897
11125, 1
852, 57457
1512, 28767
1094, 73225
1436, 33813
11265, 1
992, 37550
10950, 17
677, 19783
1610, 9963
1253, 18938
6340, 11
1442, 42714
1591, 12716
1608, 10437
1593, 12141
11405, 1
1132, 95531
698, 24051
1089, 101640
6176, 2
1336, 21205
983, 52791
969, 26614
1216, 28410
6303, 3
435, 9516
5522, 4
1406, 36227
1203, 20586
1439, 36587
6526, 5
1202, 23103
464, 11877
5551, 17
462, 3240
5549, 2
2846, 82
489, 36044
431, 2408
1383, 17376
6470, 10
1301, 9623
6388, 3
1208, 29554
1265, 13823
1632, 10135
1367, 25908
1634, 10714
1410, 22567
4008, 13
1651, 9906
945, 46765
6032, 3
3765, 11
1408, 20430
1138, 51221
1451, 45299
746, 38823
1376, 19540
744, 34839
5831, 2
741, 16423
5828, 8
1395, 50848
608, 43035
1428, 63849
1573, 15618
596, 141945
522, 11715
594, 18319
1596, 11815
1598, 10711
3772, 16
1415, 47316
988, 21060
899, 12179
5986, 3
828, 10445
835, 17716
1092, 84435
11040, 2
767, 8119
936, 304570
1110, 49911
1091, 126013
6178, 56
857, 83962
1578, 16633
11876, 1
1603, 10404
523, 52139
1186, 29776
1191, 15952
1494, 26983
1390, 18740
1112, 54187
995, 211041
1327, 19064
1323, 17881
1315, 11654
6402, 1
1030, 34985
1320, 34484
1290, 21892
11284, 1
1011, 26804
3729, 35
1372, 22595
1013, 88860
1015, 80634
362, 5569
5449, 6
1156, 28381
6243, 3
3831, 24
1474, 31064
1505, 24141
11576, 2
1303, 11686
1295, 10330
1268, 12812
1363, 27955
1184, 20548
1185, 25238
6272, 2
1365, 30381
1240, 122343
1366, 26497
976, 70787
990, 17510
1133, 99196
889, 25445
403, 4692
609, 52937
328, 8130
5415, 3
1566, 18489
1504, 24200
6591, 6
740, 16143
1331, 13531
1569, 16531
305, 3752
5392, 6
358, 3572
5445, 1
1159, 31864
6246, 2
1572, 17748
1128, 97223
1487, 29495
1127, 144329
1107, 70241
1140, 50617
6227, 7
948, 30088
1151, 33328
1143, 48652
1141, 49296
1153, 34356
931, 13704
930, 16705
926, 15214
1154, 29396
1500, 29310
1567, 16436
1589, 14426
1407, 27468
1597, 13388
1508, 20800
1595, 12121
1187, 21225
1144, 45323
1142, 55410
1385, 22089
1115, 65734
6202, 4
894, 19315
771, 9178
5858, 1
1592, 12885
1475, 32233
1627, 10211
1300, 11156
1291, 13835
963, 178329
1350, 17667
1377, 20810
1097, 45302
1108, 62577
6195, 4
1196, 17159
1197, 18506
261, 5957
1158, 35130
3730, 17
1373, 19221
1345, 24122
6432, 2
1124, 422370
6211, 7
1123, 376570
11607, 2
1334, 16602
1122, 285135
675, 58924
916, 13226
1401, 36815
850, 58724
1113, 49429
6200, 6
755, 9457
1441, 40354
1447, 44793
3806, 25
1449, 46771
867, 13078
1369, 21267
759, 6631
5846, 2
745, 37880
683, 22477
484, 15652
855, 127897
808, 34949
5895, 6
796, 37271
797, 41959
1161, 25864
253, 22385
1389, 19000
6476, 4
1041, 116190
1125, 359675
1025, 26046
1002, 43839
950, 27236
784, 5843
1072, 51986
1590, 13472
566, 130731
502, 16137
5589, 11
882, 47975
868, 12343
5955, 3
840, 29966
5927, 2
836, 19946
1423, 39667
1044, 80758
6131, 1
1582, 17775
1027, 28805
1355, 19526
3404, 27
1047, 63653
6134, 1
11611, 2
1338, 29579
1353, 18620
1286, 12775
11196, 2
923, 12772
6010, 5
780, 8223
773, 8864
875, 14380
3241, 32
884, 60352
896, 19454
901, 26016
5988, 10
501, 22335
5588, 19
778, 6986
892, 20245
5979, 3
769, 9212
904, 18277
1343, 48140
582, 14649
1438, 34523
1535, 21722
179, 8573
584, 14936
918, 8829
485, 108111
10759, 1
486, 83999
5573, 13
10554, 1
281, 42028
5368, 3
1225, 17355
1313, 9984
3277, 52
920, 23882
2614, 421
257, 8060
2616, 257
259, 10615
5346, 2
1368, 25136
2851, 60
494, 14243
509, 6453
5596, 6
10436, 1
163, 8252
5250, 4
1272, 11946
107, 169742
2671, 266
314, 8759
5401, 36
527, 14506
1636, 10724
386, 5226
5473, 7
273, 9784
1243, 20770
3600, 74
271, 8486
1380, 15965
376, 14213
5463, 2
1485, 30206
1090, 144398
2960, 87
603, 52634
267, 131376
5354, 3
1237, 22876
6324, 6
3594, 17
1659, 9057
550, 28574
5637, 3
559, 463040
5646, 4
552, 17957
1661, 9438
3838, 16
1481, 38890
249, 3565
1358, 26225
1484, 28418
10648, 1
375, 4076
103, 376
3834, 9
1477, 38362
368, 1704
807, 39573
11072, 2
799, 19618
5886, 2
2340, 340
2479, 279
122, 36192
5209, 1
1231, 13010
2343, 493
125, 3770
1234, 13509
871, 9953
5958, 4
3228, 29
96, 1250
1827, 5649
10991, 2
718, 82588
251, 74966
1360, 29101
497, 197342
1606, 10243
11852, 2
1579, 15931
254, 5700
12095, 1
1822, 6864
713, 29786
5800, 3
518, 39849
3308, 45
951, 25094
2412, 327
55, 315
1164, 31462
1565, 16552
1292, 10513
183, 1184
5270, 9
925, 13605
1003, 40811
722, 375077
1219, 27157
2467, 331
110, 67226
5197, 4
1217, 26965
108, 1177765
5195, 5
264, 18591
1080, 33871
6167, 3
1425, 44986
316, 16152
5403, 12
654, 32013
11497, 1
1224, 17766
2472, 313
115, 436054
5202, 12
11289, 1
1016, 73804
2125, 1826
747, 29167
5834, 4
972, 29910
709, 89282
1818, 6963
346, 12072
1455, 40808
6542, 5
1969, 5129
860, 12609
1287, 14719
178, 42639
1467, 30991
1055, 76976
1489, 27904
380, 29737
3847, 38
1490, 25230
1400, 48546
10564, 2
291, 81063
236, 1274032
5323, 13
2474, 348
117, 101737
2442, 244
10358, 1
85, 10898
971, 30877
3328, 47
1, 273548
623, 118596
712, 45037
1821, 6590
14, 3628
555, 36566
1664, 8880
10979, 1
706, 458723
5793, 1
726, 235976
999, 83131
673, 17010
5760, 11
662, 58528
816, 14044
5903, 5
687, 73376
5774, 1
392, 7622
5479, 105
1223, 16248
2471, 249
114, 6194
682, 26692
909, 15349
666, 165370
1204, 18546
10368, 1
95, 29395
663, 86911
3021, 80
664, 133993
2316, 490
2455, 330
98, 1075
524, 99137
3990, 7
1633, 10191
467, 119516
5554, 3
2090, 2082
960, 232718
3317, 38
612, 91204
5699, 5
1663, 9792
554, 23449
5641, 29
997, 85812
6084, 6
510, 5331
5597, 5
1051, 51540
1075, 59253
6162, 3
589, 9069
48, 13294
1157, 33239
11258, 1
985, 35995
1556, 17572
447, 5389
5534, 13
1404, 53251
2652, 448
295, 44671
5382, 11
10581, 1
308, 7386
1417, 59632
1165, 34786
6252, 4
56, 570
5143, 4
624, 85107
1733, 8398
83, 43711
5170, 4
1192, 17414
842, 29708
3943, 24
1586, 15607
2040, 3025
974, 41030
763, 7357
1832, 6004
723, 612038
750, 14378
762, 9213
5849, 1
302, 20999
3768, 32
1411, 19178
1435, 31809
326, 10721
5413, 21
10626, 1
353, 10836
5440, 5
352, 6002
5439, 1
3818, 26
1461, 41566
450, 4101
61, 1083
5148, 6
1170, 23396
340, 7903
452, 2432
5539, 2
490, 26063
2113, 1600
1004, 38839
2105, 1814
996, 140419
289, 186509
5376, 4
416, 2149
2118, 1855
1009, 16860
2104, 1813
2642, 162
285, 6877
1394, 26643
39, 7145
5126, 8
1148, 27356
1646, 10510
6733, 10
2380, 222
23, 118035
5110, 3
1279, 14130
6366, 2
10443, 1
170, 65242
5257, 6
197, 39434
5284, 8
1306, 11399
10473, 1
200, 3275
11895, 1
1622, 10185
6709, 7
2870, 115
513, 8160
2689, 137
332, 15597
5419, 2
873, 8525
2507, 250
150, 1643
5237, 4
1259, 27502
724, 640689
5811, 1
708, 196542
10660, 1
387, 4033
5474, 7
869, 10091
5956, 5
2692, 167
335, 14370
1444, 49881
1473, 32002
391, 7457
5478, 63
959, 148695
6046, 4
1539, 20132
430, 3122
642, 31987
696, 32696
590, 12466
2947, 121
729, 183390
11056, 1
783, 6494
1545, 18963
436, 7191
5523, 4
832, 23502
693, 25980
3050, 93
1294, 10061
185, 66670
753, 6295
5840, 1
244, 25353
695, 35407
248, 7907
11062, 2
789, 22164
5876, 3
601, 62479
2417, 417
60, 7825
630, 24348
1739, 6815
1437, 38658
1146, 28896
2394, 376
37, 8097
195, 5291
1277, 12883
2525, 406
168, 236334
2582, 356
225, 7752
5312, 5
1855, 5379
232, 229042
1341, 47277
347, 8515
888, 26459
1429, 67371
6516, 2
320, 13162
10510, 1
237, 1275640
5324, 5
1346, 18647
238, 307680
1347, 21277
227, 1520
5314, 6
1471, 30051
10557, 13
284, 6300
5371, 232
1393, 20290
293, 37401
1402, 39975
266, 131842
5353, 1
1375, 19626
2586, 251
229, 2217
5316, 3
90, 148
2447, 378
15, 63231
529, 13119
5616, 4
10590, 2
317, 27478
5404, 4
3215, 40
858, 34792
2444, 221
87, 158
379, 9600
5466, 4
1488, 27011
10323, 1
50, 37749
177, 61833
5264, 6
345, 9031
5432, 4
886, 31085
5973, 2
463, 5826
5550, 7
2820, 186
602, 49391
2546, 257
189, 14839
5276, 2
1298, 12607
1936, 4986
827, 10067
313, 6459
5400, 2
735, 74013
3136, 23
779, 8386
1888, 4752
833, 26372
2649, 157
292, 89346
806, 51678
11877, 1
1604, 9983
1063, 44487
2424, 297
67, 645
13, 69616
1095, 68396
2653, 267
296, 34991
5383, 22
1405, 43974
711, 93094
224, 7940
5311, 2
1333, 14867
970, 28840
3327, 42
2357, 351
0, 46889
1109, 52390
6196, 6
81, 11086
5168, 8
1190, 17760
2515, 331
158, 49319
5245, 33
66, 24260
5153, 2
1175, 23301
2629, 439
272, 14282
1381, 16533
813, 13347
299, 47650
5386, 4
2408, 375
51, 1385
5138, 11
1160, 28533
499, 110439
525, 60776
5612, 2
2625, 278
268, 39065
912, 20590
655, 23100
269, 7199
5356, 3
3735, 23
1378, 18698
553, 18187
1662, 8482
12, 906140
5099, 5
526, 20105
3992, 6
1635, 10578
10345, 1
72, 7820
5159, 7
1181, 24364
6268, 4
2686, 176
10602, 1
329, 15804
5416, 27
11371, 1
1098, 37853
10289, 1
16, 65942
5103, 8
78, 626
43, 1051
1152, 36097
5, 60487
5092, 4
1114, 53526
6201, 5
2142, 1508
1033, 87285
519, 20777
1628, 10400
549, 46768
5636, 12
8, 438044
5095, 4
1117, 102657
6204, 1
203, 1550
1312, 9889
2468, 295
111, 52336
5198, 3
1220, 23370
2572, 219
215, 12353
234, 80691
5321, 3
9, 383959
1118, 110147
6205, 2
1642, 12180
10292, 3
19, 154100
5106, 4
276, 16226
10710, 1
437, 13635
2344, 458
2483, 179
126, 14146
2537, 295
180, 1470
5267, 3
290, 114788
5377, 14
1656, 11104
10820, 1
547, 45093
10306, 2
33, 168407
5120, 5
10551, 1
278, 6097
5365, 13
1387, 19152
6474, 1
1280, 13358
2555, 256
198, 3629
5285, 7
1307, 11752
6394, 2
1483, 29187
406, 2452
25, 73901
1134, 106185
10555, 1
282, 11132
1391, 16062
172, 6398
5259, 5
1281, 14910
6368, 2
162, 9272
1271, 12044
419, 1325
1528, 19566
213, 2989
5300, 4
981, 79711
3338, 78
1120, 104367
6207, 22
1715, 9165
10879, 1
606, 79634
2449, 217
92, 28312
5179, 6
10338, 1
65, 93425
219, 19176
5306, 2
1328, 17552
106, 39480
5193, 6
1215, 23624
6302, 4
968, 35770
3325, 26
2436, 351
79, 38514
11461, 1
1188, 18330
6275, 7
620, 518162
1729, 8225
2548, 241
191, 14228
327, 31408
614, 303007
73, 11480
1182, 20267
46, 13223
1155, 27093
6242, 4
587, 7070
5674, 3
202, 1460
1311, 10140
1000, 67207
459, 3041
5546, 5
1644, 12181
2378, 293
21, 229908
5108, 4
1130, 92398
1103, 123702
6190, 2
2516, 395
159, 350872
5246, 6
262, 70558
5349, 4
1371, 21551
803, 15378
2448, 321
91, 534
11342, 2
1069, 48403
528, 17372
1643, 11821
20, 1697216
1129, 94883
1359, 26060
250, 10102
818, 7909
2634, 346
277, 9623
5364, 5
2508, 277
151, 1116
1647, 11455
24, 39687
5111, 6
175, 10498
5262, 8
1284, 17721
657, 30496
1766, 7315
2473, 212
116, 69996
5203, 6
130, 653
5217, 5
1239, 90812
3, 91766
6, 64392
263, 63766
10561, 2
288, 141006
5375, 5
1397, 141228
2518, 387
161, 68933
1270, 11963
1703, 8794
2364, 379
7, 60126
1116, 81596
6203, 5
548, 65209
2450, 348
93, 339
5180, 3
891, 25323
5978, 5
350, 9953
5437, 2
2466, 193
109, 551245
1218, 30847
6305, 2
570, 16046
5657, 1
29, 22552
5116, 7
541, 434597
5628, 3
1650, 10392
127, 1652
600, 50740
5687, 3
1709, 9645
59, 2371
5146, 4
1168, 28910
10305, 2
32, 40915
5119, 2
573, 25536
5660, 1
727, 150163
2543, 337
186, 30509
10461, 1
188, 2719
5275, 5
1297, 11817
6384, 2
445, 19463
5532, 4
2, 4554373
3027, 82
670, 28131
129, 1200
1810, 5505
701, 22832
728, 150516
5815, 6
2351, 363
2490, 293
133, 88446
2544, 219
187, 3355
1296, 14230
2517, 604
10433, 2
160, 188963
5247, 1
1472, 29949
363, 5207
255, 29886
5342, 4
1210, 33311
101, 13367
669, 14842
5756, 7
2485, 405
128, 694
5215, 4
2476, 315
119, 98068
5206, 8
1228, 25126
787, 22836
2603, 320
246, 30079
5333, 8
2860, 83
503, 19606
5590, 2
1612, 10637
1017, 85656
551, 26476
5638, 3
2367, 349
10, 63501
5097, 4
104, 1642
5191, 5
1050, 58794
22, 64669
1131, 97131
99, 998
10314, 1
41, 1422
1150, 28896
6237, 7
1082, 37090
2411, 325
54, 762
1163, 25758
311, 14831
5398, 22
1420, 38340
27, 33750
5114, 3
568, 31985
5655, 3
181, 2340
5268, 4
338, 11279
11152, 4
879, 25230
182, 3101
4, 213734
5091, 9
131, 667
5218, 12
388, 3571
5475, 7
1497, 24223
323, 22037
1432, 53831
1222, 21762
6309, 2
113, 7194
2497, 219
140, 24942
5227, 1
3268, 65
911, 16954
5998, 7
239, 246027
1348, 20405
2469, 273
112, 15352
5199, 19
3168, 34
811, 25909
270, 8922
1379, 18414
2568, 233
211, 3134
1266, 12584
157, 766
725, 419695
571, 13878
2928, 69
710, 118151
10496, 1
223, 8550
5310, 5
1332, 14424
306, 6170
214, 3747
815, 12896
5902, 9
274, 110192
5361, 2
10831, 1
558, 398531
2374, 447
17, 42087
1126, 223458
247, 21300
1356, 24832
788, 27814
10699, 2
426, 2349
5513, 3
294, 26794
5381, 8
898, 13516
357, 2454
1466, 35521
6553, 3
641, 38796
100, 545
1209, 31763
617, 217185
333, 17112
874, 11175
75, 409
5162, 1
616, 221366
5703, 3
720, 178225
233, 255947
5320, 4
1342, 57603
2602, 223
245, 25454
1354, 19312
10683, 1
410, 3010
5497, 1
1776, 7174
667, 70679
5754, 2
2510, 323
153, 630
5240, 6
454, 2656
5541, 35
578, 34333
10738, 2
465, 12609
5552, 11
749, 12375
5836, 3
1858, 5790
2565, 170
208, 4019
5295, 5
500, 49777
5587, 12
383, 17255
5470, 5
1492, 28189
897, 15850
58, 3094
599, 93179
228, 1877
5315, 13
1476, 34927
394, 9310
5481, 20
908, 15618
5995, 3
782, 6992
5869, 5
31, 37994
5118, 2
2929, 67
572, 16367
88, 128
2496, 284
139, 2640
5226, 8
1248, 12473
6335, 7
910, 18007
2431, 317
74, 798
1183, 20125
2688, 104
331, 16733
5418, 52
34, 453736
575, 24875
1649, 10818
540, 389917
5627, 4
2383, 315
26, 125098
5113, 3
567, 54848
824, 15660
2401, 344
44, 33015
5131, 2
10858, 1
585, 10440
35, 15831
5122, 7
10849, 1
576, 22255
5663, 2
1685, 9367
319, 97983
2598, 268
10514, 1
241, 66151
42, 559
5129, 10
2940, 100
583, 14363
610, 63624
69, 10640
5156, 14
1178, 23804
2395, 350
38, 30714
5125, 2
1147, 27698
2936, 104
579, 24043
1688, 9445
665, 172341
5752, 1
124, 6269
1233, 13628
2414, 341
57, 768
1166, 30783
1340, 39893
2477, 254
120, 1546
5207, 14
1229, 20861
6316, 9
3018, 103
661, 50588
1770, 9513
145, 978
5232, 3
196, 8653
1305, 9963
3298, 31
941, 125574
878, 28895
47, 2937
5134, 5
144, 1309
5231, 3
143, 1099
287, 14663
5374, 3
1396, 98500
1653, 10894
544, 114257
30, 10270
5117, 5
1139, 44643
593, 9121
2409, 444
52, 1024
469, 12320
625, 51896
2495, 334
138, 4903
5225, 15
3604, 24
1247, 14999
468, 77928
5555, 3
1001, 53029
2493, 252
136, 2382
5223, 5
10947, 4
674, 14482
5761, 2
1020, 57714
1478, 40643
937, 331104
627, 43698
938, 243483
6025, 3
1479, 45007
398, 6037
5485, 6
1507, 24768
6594, 1
939, 140511
1480, 46825
697, 22598
10764, 1
491, 9967
258, 8241
5345, 4
105, 37532
216, 48865
1325, 14151
653, 23948
508, 7664
5595, 2
1617, 10843
504, 19161
5591, 34
1613, 9363
6700, 2
505, 10617
5592, 2
1707, 8284
598, 294287
1629, 10625
1630, 9664
1302, 10619
446, 9413
5533, 14
1625, 10610
965, 74930
6052, 6
1491, 29089
11102, 2
829, 10766
626, 38964
631, 18810
1740, 7518
565, 162273
2919, 65
562, 95147
5649, 84
10439, 11
166, 541132
5253, 3
777, 6575
343, 5230
1452, 43293
10621, 1
348, 7632
1457, 41964
349, 15208
569, 18059
390, 6408
5477, 6
3856, 37
1499, 26744
389, 4645
1498, 30413
10830, 1
557, 28662
321, 78100
5408, 9
427, 7894
560, 207412
5647, 20
10712, 1
439, 14721
5526, 3
1548, 15436
429, 4614
5516, 9
438, 20162
1645, 11603
1329, 16667
220, 19468
1274, 10841
2522, 362
165, 62055
5252, 54
10322, 1
49, 25655
1195, 20815
1652, 10651
2900, 78
543, 59373
1611, 9066
1562, 17532
1310, 11566
97, 18960
280, 27273
5367, 5
240, 234942
1349, 19114
310, 17388
5397, 5
1665, 9823
556, 41488
5643, 41
900, 18461
5987, 2
4005, 17
1648, 9724
134, 7901
1640, 11138
1602, 10057
493, 10788
5580, 2
2428, 266
71, 1366
5158, 4
1180, 27135
994, 189094
169, 85217
5256, 2
1418, 58380
1416, 52736
1384, 18695
6471, 3
1245, 19211
3602, 20
1846, 6819
737, 36720
1043, 95867
650, 85623
5737, 3
1759, 9089
645, 48414
644, 39302
1053, 82616
647, 39910
646, 51745
1039, 86362
351, 5936
3817, 21
1460, 37150
732, 87144
5819, 3
1048, 69283
6135, 9
1058, 46597
6145, 2
235, 140406
5322, 3
1344, 37433
10440, 1
167, 438999
738, 21502
5825, 6
11012, 2
739, 15774
1468, 29191
303, 12872
3769, 19
1412, 21836
546, 31517
545, 84309
1654, 10251
1087, 99262
859, 19523
952, 26989
863, 69698
3221, 69
864, 43225
865, 23757
961, 316440
6048, 29
1086, 187816
11179, 5
906, 14025
11178, 1
905, 13414
1074, 61284
1076, 64891
1084, 78367
6171, 3
564, 106389
5651, 5
434, 16621
5521, 5
881, 29694
877, 26000
5964, 4
856, 136522
10977, 2
704, 21539
876, 21040
772, 8661
5859, 4
765, 9150
5852, 26
1067, 51076
2579, 261
222, 20401
5309, 5
946, 42042
947, 38480
6034, 3
1741, 8625
632, 41381
1068, 43928
929, 25749
3286, 28
998, 75800
68, 3179
1177, 22035
1021, 47470
686, 61286
984, 45548
652, 20710
2997, 47
640, 57785
635, 85890
11319, 3
1046, 66166
634, 174864
2994, 118
637, 98457
5724, 2
636, 65589
1028, 28469
721, 193911
5808, 2
1037, 75326
716, 25509
5803, 3
1049, 60253
703, 21391
5790, 2
10894, 1
621, 218076
1730, 8367
628, 39083
2661, 349
304, 3044
5391, 17
1064, 51243
613, 200145
2434, 292
77, 32140
5164, 2
1767, 8145
658, 37755
615, 305213
841, 28925
5928, 3
934, 83676
845, 20535
5932, 5
1057, 57308
846, 15285
847, 20108
3300, 17
943, 71297
887, 28558
5974, 2
1056, 64617
1066, 56133
10715, 3
442, 10226
432, 3597
5519, 3
10714, 1
441, 4897
10713, 1
440, 8108
5527, 4
1549, 16910
561, 73209
5648, 100
10597, 1
324, 13951
5411, 19
3790, 13
1433, 42477
944, 56441
932, 23578
924, 14983
684, 33510
5771, 8
770, 9834
11346, 1
1073, 57884
942, 106909
839, 28243
902, 28464
903, 23233
1071, 54267
1006, 30986
1008, 16177
1077, 61877
11581, 1
1308, 13589
1070, 58735
6157, 2
1045, 70471
678, 36682
5765, 3
979, 64981
6066, 3
595, 25067
993, 91942
577, 29989
5664, 5
580, 16465
11531, 1
1258, 26316
6345, 3
1257, 25909
28, 19396
5115, 11
1137, 58027
1007, 20802
6094, 2
622, 160077
736, 56239
5823, 9
10884, 1
611, 53492
5698, 6
404, 5968
3000, 43
643, 26253
492, 12397
649, 31224
1701, 8529
1509, 26950
1523, 18414
638, 186882
1690, 8258
2938, 81
581, 13717
5668, 8
11612, 1
1339, 34183
1540, 21617
629, 34503
1506, 23640
11556, 1
1283, 17408
10906, 3
633, 221317
978, 59067
243, 25746
5330, 8
1352, 16484
11332, 1
1059, 39249
11333, 4
1060, 40839
1061, 41768
6148, 3
1282, 15797
6369, 4
1102, 69183
1101, 38765
10739, 2
466, 18244
1575, 14479
444, 31244
443, 30422
1022, 35786
1018, 86277
954, 121088
6041, 2
685, 49783
5772, 4
322, 68970
1149, 28505
1314, 10739
2687, 166
330, 19368
424, 2569
5511, 4
1533, 18347
2691, 218
334, 18729
1443, 47887
563, 92633
5650, 28
395, 5353
2844, 82
487, 114744
5574, 9
517, 44414
279, 5450
5366, 11
449, 4508
5536, 232
461, 2601
10724, 1
451, 2644
460, 3000
5547, 8
458, 2245
11315, 1
1042, 116549
1040, 104670
6127, 4
821, 10408
866, 15838
927, 22102
11608, 1
1335, 18075
1038, 79407
1319, 27216
1326, 16641
6413, 7
217, 15070
5304, 6
1088, 75481
6175, 3
1424, 44672
6511, 2
1172, 22222
651, 47334
648, 33867
719, 144832
1446, 44475
10610, 1
337, 23344
1079, 42550
731, 157327
5818, 5
1427, 52120
354, 16810
5441, 4
1434, 30968
597, 356876
1106, 84284
949, 28092
6036, 2
861, 14217
862, 50416
5949, 3
1104, 138780
1085, 172179
11231, 1
958, 127394
6045, 22
1083, 47133
6170, 3
1081, 29464
428, 8551
935, 186114
919, 12056
680, 31482
766, 9902
834, 20738
690, 18960
989, 17018
656, 20981
639, 138325
1052, 65588
714, 26407
5801, 8
218, 27243
5305, 7
221, 49577
5308, 11
265, 64139
733, 68873
10990, 1
717, 65111
2975, 50
618, 800988
715, 27551
1486, 28739
377, 27819
5464, 10
10980, 2
707, 478869
1145, 37664
11351, 1
1078, 50989
752, 6684
2609, 305
252, 74247
5339, 11
190, 15907
5277, 3
1299, 11361
2561, 225
204, 5288
5291, 1
795, 28424
5882, 2
794, 17006
851, 45308
831, 17533
853, 97065
5940, 3
483, 4779
5570, 11
681, 32314
854, 100289
743, 30602
757, 5877
843, 24502
823, 14552
848, 24317
5935, 18
754, 8910
781, 7826
5868, 3
849, 42554
5936, 7
761, 8819
5848, 18
915, 16615
694, 55848
5781, 12
688, 63929
5775, 1
1445, 48056
336, 25188
5423, 4
679, 32946
5766, 12
676, 40255
5763, 3
1370, 21220
1189, 17341
3771, 12
1414, 29672
10684, 1
411, 2458
5498, 11
1520, 20411
1062, 44083
1534, 19883
425, 2521
1193, 17479
2735, 186
378, 28026
1900, 5950
1093, 76421
11378, 1
1105, 111885
838, 25703
883, 60755
11694, 1
1421, 33313
956, 256802
6043, 3
1014, 100372
6101, 5
11213, 9
940, 121047
6027, 2
542, 138929
973, 33149
1409, 22540
1880, 4915
11308, 3
1035, 49999
1023, 31834
3169, 56
812, 18056
5899, 7
1034, 54700
1024, 33926
1032, 89473
433, 17556
5520, 6
11309, 1
1036, 54575
760, 6972
914, 17850
907, 19012
921, 25247
3334, 67
977, 65670
1029, 27160
1256, 18973
1065, 55650
11304, 1
1031, 64210
6118, 3
705, 26231
1620, 10019
730, 202335
10892, 1
619, 959216
659, 37680
10877, 2
604, 126982
5691, 2
1621, 10296
1162, 25868
6249, 2
1199, 24478
2475, 234
118, 61752
242, 27815
5329, 9
360, 2830
1524, 18584
6611, 1
3017, 78
660, 41299
1615, 9469
742, 21061
5829, 6
802, 10023
405, 4204
448, 3969
5535, 3
11166, 3
893, 18023
5980, 5
895, 19803
928, 29308
6015, 3
980, 71314
3025, 62
668, 12940
1532, 20692
6619, 2
966, 65072
6053, 2
11452, 1
1179, 25276
1526, 19865
1392, 19195
1530, 19274
1285, 17565
2480, 398
123, 5035
5210, 5
1588, 14246
844, 21073
1019, 72431
913, 18491
2051, 2280
2413, 382
2865, 131
2047, 2651
2651, 298
2030, 2548
2569, 366
10353, 1
80, 1505
1828, 5110
2036, 3263
2390, 361
2540, 296
1836, 5962
1876, 5121
2418, 300
1877, 5622
1924, 4959
2014, 3272
2484, 340
2856, 96
417, 1947
5504, 16
1958, 5037
1979, 4340
1971, 4464
2636, 242
2438, 313
2526, 261
2481, 297
2078, 2046
496, 64838
5583, 3
2021, 3559
2587, 361
2580, 407
2084, 2507
2440, 341
2882, 50
1772, 9431
2578, 268
2665, 156
2524, 353
2531, 209
2454, 254
1775, 8563
1743, 9175
1745, 8761
2131, 1508
2699, 227
1805, 6463
2554, 379
2721, 143
2703, 75
1755, 8129
2138, 1424
12031, 2
1758, 9164
2889, 78
2619, 245
1839, 6541
2567, 219
2680, 316
2708, 78
2112, 1492
2623, 300
2489, 295
1851, 5479
1798, 5804
2502, 362
2513, 404
1831, 6814
2605, 256
2613, 287
1790, 7257
3009, 43
2195, 1064
2194, 1071
1996, 4268
2001, 3683
7088, 1
2171, 1110
2170, 1207
2180, 1263
2175, 984
2184, 1205
2538, 331
2185, 1095
2181, 1112
2179, 1043
12059, 3
1786, 7518
2164, 1368
2106, 1793
2183, 1011
2091, 2376
10414, 3
141, 1197
5228, 4
82, 195
5169, 3
1922, 4966
2083, 2221
2108, 1950
2060, 2408
1991, 3707
2596, 293
1993, 3560
2560, 319
2003, 3647
4447, 16
10425, 1
152, 246
2690, 147
2514, 383
2908, 76
2356, 473
2002, 4235
1913, 4820
2693, 166
2059, 2803
2512, 291
1749, 8936
2843, 206
2816, 127
2500, 400
2376, 266
4575, 15
4574, 4
2970, 63
2100, 1807
4659, 2
2072, 2133
1937, 6000
7024, 1
2897, 67
2421, 293
2583, 291
2425, 234
2422, 526
2069, 2455
2754, 194
2453, 315
2097, 1631
2098, 1585
2290, 480
2745, 145
2604, 279
2606, 317
2088, 1656
2736, 130
2753, 173
2585, 326
2423, 309
2089, 1750
2079, 2901
1761, 8422
2065, 2448
2111, 1324
2372, 469
2588, 230
2644, 215
2822, 136
2804, 200
2553, 302
2761, 190
2758, 120
2120, 1803
3700, 28
2913, 104
2601, 333
2114, 1661
2398, 432
2373, 332
4723, 3
2589, 335
2925, 42
2353, 473
2362, 356
2354, 414
12633, 2
2360, 519
3209, 44
2797, 150
2945, 94
2430, 256
2854, 63
1938, 5697
2310, 565
2581, 318
2574, 249
2830, 113
2520, 244
1990, 4846
2920, 100
2547, 227
2774, 118
2827, 121
2366, 328
2019, 3553
1783, 7791
1746, 7234
1865, 5345
2951, 56
2872, 84
2861, 129
2077, 2382
2618, 307
2564, 326
2879, 157
2056, 3158
2600, 230
2573, 212
3227, 96
2809, 197
2998, 38
2024, 4226
2117, 1529
2862, 92
2160, 1116
2817, 80
3002, 80
156, 631
5243, 4
3482, 46
2504, 320
2541, 303
3342, 61
2867, 84
2076, 2483
2388, 273
2092, 2211
53, 7712
5140, 7
148, 2344
2637, 260
1868, 5609
2859, 164
3031, 180
2167, 1262
2169, 1082
3146, 40
2858, 175
2519, 316
4779, 7
4775, 20
2216, 1058
2949, 49
2875, 98
3037, 84
2244, 729
2917, 53
2673, 441
2668, 148
2717, 140
2788, 151
2255, 701
2465, 440
2664, 285
2662, 388
2161, 1332
2166, 815
2347, 515
1949, 4972
2337, 398
1995, 4037
2236, 681
2358, 465
4019, 46
4773, 7
2110, 1450
4749, 3
2818, 133
2140, 1172
2147, 1273
2675, 293
2784, 113
2331, 443
2446, 311
2282, 540
2283, 536
2785, 115
2779, 183
3052, 61
2281, 478
2280, 556
2576, 400
1811, 5670
2523, 394
2575, 249
2302, 507
1994, 4121
2288, 729
2304, 456
2375, 309
2470, 264
2307, 410
2815, 57
2559, 316
2704, 141
2803, 119
2505, 395
2445, 306
2441, 252
2762, 114
2393, 326
2767, 187
2196, 797
2807, 217
2566, 336
2793, 85
3032, 227
2751, 146
2746, 128
2188, 1231
2716, 139
2201, 993
3067, 43
4595, 6
2158, 1096
2157, 1176
2749, 114
2460, 231
1968, 5379
2143, 1708
2461, 254
2957, 112
3047, 92
2772, 83
2812, 96
2163, 1215
2577, 220
2219, 872
3080, 64
2627, 451
2984, 122
2129, 1254
2527, 232
2842, 104
3014, 74
2177, 1021
2563, 259
2165, 974
3041, 49
2570, 278
2144, 1470
2621, 285
2135, 1305
2571, 291
3326, 21
2802, 263
2806, 95
2615, 291
2624, 276
2647, 327
2617, 368
2361, 377
2991, 79
2871, 120
2232, 1005
2594, 274
2903, 135
2791, 133
2329, 463
4576, 5
2971, 86
2597, 210
149, 534
5236, 4
2599, 263
4736, 41
3303, 36
3311, 44
3235, 48
3310, 17
4735, 37
3933, 13
4734, 7
3314, 38
4731, 19
2950, 46
3294, 38
2650, 411
4124, 9
4847, 15
3648, 38
3217, 32
4738, 58
4849, 17
4138, 8
4129, 13
4130, 19
2368, 431
4743, 23
3534, 41
3533, 31
3541, 25
4423, 5
4646, 162
4645, 7
4414, 8
3695, 17
4543, 10
3791, 47
3794, 15
3694, 18
3796, 48
3698, 17
3797, 33
4585, 4
4432, 7
4510, 2
3723, 39
3731, 19
4541, 5
4609, 3
4570, 19
3877, 40
4636, 28
4513, 12
3812, 9
3451, 43
3526, 15
4647, 54
3955, 29
154, 306
76, 397
3868, 15
4643, 4
3890, 35
4421, 5
4744, 31
3914, 19
4523, 21
4519, 31
4671, 5
4670, 15
4516, 8
4476, 16
4528, 7
4747, 49
3969, 18
4475, 4
4474, 9
3945, 41
3944, 27
4438, 9
4435, 14
3957, 122
4667, 3
4660, 34
4549, 23
4657, 11
4321, 14
4666, 8
3331, 38
4648, 14
4641, 18
3196, 24
4741, 12
4661, 7
4555, 57
2403, 342
3131, 51
4610, 1
3229, 33
2405, 330
4572, 3
4128, 27
4105, 8
4757, 29
4663, 5
4754, 35
3421, 22
4751, 36
4745, 13
3741, 9
4135, 10
4739, 15
4186, 40
2787, 219
3112, 95
4184, 8
2777, 116
2322, 472
3063, 69
2638, 212
3556, 20
3071, 71
2648, 200
3059, 45
3039, 48
3657, 41
2931, 160
2536, 287
3016, 62
3020, 46
2655, 377
2763, 126
3022, 52
2223, 788
2678, 235
3068, 56
3035, 86
3033, 74
2796, 82
3046, 59
2765, 113
3040, 74
2292, 656
2764, 113
3254, 68
2193, 1041
2729, 212
2669, 240
2799, 149
3070, 88
2757, 143
3051, 73
3156, 44
2810, 158
3500, 19
3074, 61
2439, 174
3072, 35
3322, 19
2821, 167
3721, 14
3084, 64
3410, 75
3895, 21
3416, 64
3088, 37
3073, 57
3055, 80
3053, 39
2488, 586
3030, 62
2646, 209
3007, 76
3453, 73
3003, 151
3452, 40
2999, 75
2995, 85
2996, 58
3341, 30
2760, 120
3539, 46
2657, 132
3725, 23
3560, 18
3719, 20
3413, 40
3544, 16
3315, 18
3419, 80
3144, 72
3106, 65
3398, 35
3269, 38
3316, 44
3546, 10
3436, 18
3301, 36
3351, 29
3434, 21
3568, 37
3750, 17
3432, 27
3304, 49
3440, 29
3287, 28
3283, 60
3282, 57
3689, 16
3284, 63
3561, 15
3462, 27
3565, 24
3578, 19
3207, 35
3571, 32
3774, 10
3716, 20
3198, 73
3197, 27
3132, 37
2958, 173
3137, 62
3502, 30
3199, 72
3151, 35
3153, 129
3194, 53
3193, 8
3620, 37
3497, 31
3211, 49
3975, 24
3213, 49
3480, 41
3920, 17
3490, 17
3248, 54
3896, 45
3394, 47
3226, 77
3878, 17
3501, 13
3785, 16
3627, 11
3378, 25
3631, 30
3270, 55
3513, 27
3406, 32
3483, 43
3321, 44
3928, 24
3407, 59
3593, 13
3503, 32
3779, 30
3390, 34
4132, 10
3450, 30
3447, 36
3323, 24
3290, 61
3985, 11
4140, 12
2162, 1366
4014, 7
3619, 27
3599, 31
3609, 11
4964, 8
3395, 16
3239, 51
3734, 37
3900, 71
3218, 41
3181, 81
4142, 18
3219, 73
3740, 22
3216, 74
3231, 63
3752, 29
4971, 7
4969, 13
2426, 359
4157, 11
4093, 7
4094, 10
4915, 6
3120, 53
4403, 13
3115, 45
4929, 6
4114, 12
4959, 11
4936, 2
4121, 24
3788, 39
3255, 57
3253, 49
3161, 51
3654, 17
3204, 69
2641, 273
3947, 14
3212, 42
3202, 53
4107, 9
3819, 13
3942, 15
3852, 44
2381, 299
2382, 572
2248, 792
2251, 778
3257, 41
4882, 5
4328, 18
4355, 18
4112, 13
4883, 2
63, 3529
2363, 350
2498, 346
3879, 21
3777, 33
3384, 15
2218, 987
2212, 778
3372, 42
2122, 1379
4311, 6
3383, 31
3388, 28
2435, 260
3836, 19
3381, 32
2350, 540
2432, 273
2346, 340
2369, 285
2229, 751
2339, 536
2542, 283
2348, 370
2593, 311
4168, 23
3988, 8
2611, 359
4095, 8
3642, 14
2464, 402
4126, 4
4031, 18
3718, 25
2694, 123
2633, 328
2667, 185
4097, 7
3687, 41
2584, 337
3679, 13
2595, 261
4004, 16
3329, 19
2645, 186
3792, 12
2592, 339
2610, 387
1977, 4202
3922, 10
3732, 16
4231, 13
3999, 16
3756, 9
3799, 35
3793, 58
3894, 9
3706, 10
3929, 17
2681, 218
4160, 7
2921, 97
3598, 27
2187, 1041
2768, 94
2783, 207
3845, 25
3902, 28
4078, 12
4226, 3
2741, 180
4058, 18
2189, 984
2722, 142
2733, 245
2726, 132
4068, 54
2247, 715
4175, 11
2200, 780
2203, 1046
3747, 10
3825, 64
2242, 960
4374, 41
3978, 13
4268, 4
4073, 7
2780, 84
2750, 144
3587, 39
2747, 73
4051, 18
2739, 136
3665, 37
2738, 207
4228, 59
2697, 201
3667, 13
2740, 144
2725, 130
2730, 171
2744, 188
3670, 13
2695, 223
4062, 11
4235, 9
4171, 34
4238, 9
2855, 102
4385, 3
4221, 4
4158, 10
4223, 5
4117, 28
3828, 17
4016, 27
2880, 82
4267, 21
4274, 9
3912, 14
2332, 676
4433, 9
2321, 539
2324, 627
2379, 416
4266, 6
4149, 3
4036, 19
4136, 8
4208, 34
4061, 19
4324, 13
2915, 89
4161, 10
2463, 369
2967, 87
4163, 40
2910, 71
4075, 8
4336, 7
4170, 37
2914, 55
2462, 290
3987, 9
4197, 23
2482, 287
2478, 191
2501, 329
2942, 76
4026, 7
2419, 482
3964, 38
4259, 6
369, 2309
5456, 5
3951, 29
4434, 14
4003, 12
2974, 85
2452, 265
2989, 105
2456, 258
7543, 3
4024, 14
2591, 475
3989, 21
4000, 15
2959, 38
4018, 33
2981, 59
2590, 184
4083, 44
4285, 10
2503, 208
4029, 22
4322, 6
4446, 9
2965, 41
4222, 9
3026, 79
2545, 183
2121, 1970
2556, 315
2404, 392
3940, 25
2990, 60
3019, 141
3867, 23
3866, 24
2987, 51
4284, 6
2529, 315
4464, 1
45, 3038
5132, 10
4526, 6
4524, 17
2370, 438
3893, 16
3889, 20
3015, 83
3888, 15
3882, 12
4522, 14
2550, 315
4441, 46
3004, 103
4436, 17
3001, 36
2901, 150
4334, 19
4518, 20
2786, 157
4395, 25
2752, 132
2277, 638
3005, 49
2705, 308
2256, 515
2241, 804
2534, 301
2246, 602
4307, 7
2342, 518
2377, 317
2494, 238
4203, 3
2881, 69
2876, 75
2845, 68
2387, 222
2392, 340
2848, 120
2835, 411
3174, 64
2778, 111
4056, 11
2499, 301
2800, 143
4415, 11
2491, 233
4329, 3
3195, 90
4250, 49
4102, 9
4229, 18
2885, 106
3210, 45
3206, 23
4233, 12
2863, 63
4164, 17
2146, 1650
2892, 116
2926, 148
3208, 48
2532, 313
4115, 21
2557, 322
4360, 4
2674, 298
4633, 14
4428, 8
4256, 4
2837, 119
2533, 391
2836, 88
2539, 197
4589, 9
4362, 9
2833, 76
2832, 113
2552, 307
3205, 92
3176, 75
2841, 108
3184, 39
3159, 37
4371, 21
4373, 8
2891, 145
2888, 106
4201, 12
4200, 4
4489, 5
3111, 72
2486, 356
3307, 21
2191, 1298
2748, 114
2178, 967
2811, 139
2795, 115
4319, 22
2902, 123
2562, 239
2898, 92
2262, 885
4317, 13
4424, 10
3024, 44
2359, 400
12659, 2
2386, 207
4502, 3
3336, 39
2790, 75
2909, 110
2916, 101
2890, 134
4449, 3
4318, 11
4070, 22
2406, 294
2857, 121
3058, 105
2883, 140
10337, 2
64, 5549
2457, 326
4308, 13
4292, 19
4314, 7
2943, 77
3387, 46
3091, 106
4380, 56
3306, 36
4596, 10
2728, 162
2732, 188
4579, 6
3366, 60
3456, 46
3312, 90
3313, 85
5005, 1
4278, 5
3291, 43
3644, 32
3641, 18
3883, 37
3638, 7
3640, 18
3848, 31
3449, 20
2230, 790
3090, 54
2214, 929
3119, 51
3438, 34
2296, 536
3064, 34
2709, 193
3148, 38
3880, 55
2656, 313
2396, 311
3860, 78
4919, 4
3086, 46
2682, 209
4763, 6
2769, 135
2683, 149
2231, 528
2626, 267
2628, 421
2365, 348
2632, 251
2371, 304
3579, 50
3471, 14
3095, 102
3049, 82
2630, 343
2631, 288
2743, 174
4791, 2
3105, 37
4820, 12
2639, 201
3043, 94
2724, 167
3386, 24
4688, 7
4862, 28
3048, 55
3042, 54
3385, 29
3028, 60
3843, 22
3844, 28
3824, 59
2714, 248
3318, 22
2712, 154
3761, 30
3622, 17
3079, 72
3077, 86
3435, 27
4719, 8
3439, 56
3114, 87
3433, 25
4717, 9
3130, 34
4694, 9
3800, 23
3420, 14
3814, 15
3801, 19
3802, 22
3597, 32
4727, 3
4819, 6
4912, 7
4788, 2
4842, 10
4813, 30
4916, 5
4814, 69
2415, 395
2416, 252
2384, 195
2896, 159
4836, 6
4822, 6
3166, 31
4922, 4
2311, 867
5011, 4
3177, 24
4932, 11
4931, 5
3116, 105
3460, 47
3152, 55
2389, 278
3633, 18
4894, 9
3615, 23
3180, 41
3511, 17
3124, 50
3121, 43
4884, 10
3141, 73
3135, 41
4875, 3
2397, 272
3870, 79
3508, 23
3165, 46
3495, 17
3632, 31
3643, 23
3192, 49
3543, 54
3128, 33
3222, 52
3803, 12
3510, 14
4914, 12
2608, 417
5004, 6
4928, 7
3182, 56
3179, 25
4900, 11
4897, 5
3242, 20
3872, 10
3724, 44
4924, 8
3170, 36
2966, 53
3186, 46
2731, 162
3162, 66
3158, 49
3157, 44
3160, 52
2734, 124
2823, 70
3109, 98
2814, 105
2826, 104
3247, 34
4958, 4
4957, 13
4982, 6
2399, 460
2798, 150
4159, 5
3340, 22
2852, 59
3353, 25
3967, 12
3591, 24
2829, 130
4984, 3
4985, 4
2429, 275
7516, 4
4886, 20
4967, 17
3520, 29
3915, 78
3521, 12
3522, 36
3518, 16
3517, 16
3523, 14
3916, 12
3529, 28
2819, 152
2755, 227
3454, 28
3429, 47
5059, 1
2535, 245
3887, 10
3459, 133
3559, 27
2620, 347
3588, 37
3463, 10
3370, 30
3909, 29
3981, 19
3581, 18
3898, 12
2612, 217
5061, 4
4189, 13
3659, 19
5046, 6
5012, 5
2720, 110
3656, 15
3655, 28
3864, 7
2622, 296
5068, 8
3886, 75
3649, 37
2654, 259
2679, 199
5044, 19
3668, 10
3923, 4
3023, 111
3485, 57
3851, 55
3491, 18
2221, 841
3702, 11
3712, 18
4248, 23
3492, 24
3532, 25
3066, 47
3505, 85
2792, 128
3536, 14
2766, 123
5048, 2
2213, 934
4013, 48
3709, 18
2781, 135
3758, 15
3931, 20
5058, 6
2345, 571
4098, 16
5053, 6
5043, 20
2782, 155
4038, 10
3547, 21
2385, 266
4037, 27
5054, 5
5060, 10
3918, 21
3911, 28
4104, 9
3807, 18
3810, 13
3979, 18
3603, 59
3977, 8
5077, 18
3570, 39
3605, 10
3982, 10
3833, 33
2275, 558
4052, 12
4153, 16
2886, 153
3997, 25
2670, 243
4042, 5
4133, 7
3685, 7
2935, 64
2756, 93
4350, 10
3857, 56
4151, 7
3697, 37
4028, 12
4281, 13
4034, 16
3993, 25
2658, 406
2789, 133
3060, 49
2289, 609
2849, 78
2698, 179
4333, 2
3962, 7
2349, 406
2391, 306
4086, 6
2400, 380
2308, 489
3789, 11
4165, 9
2801, 271
3127, 42
3356, 21
3941, 9
4431, 15
4099, 8
3339, 47
3134, 65
3133, 48
2635, 261
4387, 9
3145, 82
3262, 27
4383, 29
3273, 46
3344, 21
4353, 11
3250, 50
3061, 67
4345, 12
3122, 78
2700, 121
4408, 11
2933, 85
2825, 102
2719, 225
4293, 12
4482, 2
2672, 159
3899, 10
2737, 137
2443, 210
2300, 491
3054, 118
4216, 26
3925, 21
3100, 114
4125, 10
2718, 212
4309, 11
4306, 2
4079, 17
3302, 20
2952, 72
3484, 21
2775, 68
2659, 297
2973, 68
2893, 178
4535, 3
3094, 67
3087, 55
3092, 76
3150, 52
3319, 62
2912, 79
2911, 123
2895, 103
2953, 113
4147, 5
3191, 53
4361, 10
2868, 63
2976, 56
4352, 4
2988, 53
3968, 19
3098, 62
3357, 50
3187, 22
4119, 16
2954, 44
3038, 53
2963, 105
2948, 61
4152, 9
4567, 9
4294, 9
2986, 42
3203, 68
2983, 75
2978, 131
2607, 185
4404, 4
4137, 7
3232, 56
3108, 60
3107, 87
3171, 34
3377, 22
3200, 57
4188, 26
3006, 63
3008, 120
3103, 29
3267, 24
4332, 16
2684, 129
2458, 272
2487, 297
3246, 43
4422, 3
2711, 114
3076, 59
3175, 31
4172, 20
3034, 91
3542, 42
3537, 73
3029, 81
4108, 15
2834, 150
3230, 15
4471, 5
3524, 10
2946, 60
2878, 80
2727, 193
3525, 13
3142, 41
3214, 24
3140, 76
3275, 27
2838, 232
2961, 124
3164, 27
3178, 23
2944, 40
4462, 6
4443, 46
2874, 122
4664, 12
4490, 6
2660, 288
3396, 19
2706, 151
4291, 11
2923, 113
4131, 10
2922, 86
4430, 14
4326, 21
4437, 6
3345, 47
4637, 5
3650, 11
2840, 137
3183, 33
3154, 70
3755, 13
2939, 122
3279, 67
4511, 3
2869, 162
4458, 3
3011, 62
3036, 72
2685, 144
3364, 49
3405, 21
2956, 46
3476, 63
2972, 59
4562, 3
2676, 227
4544, 11
4569, 2
3104, 158
2677, 267
4378, 6
3126, 41
3662, 11
4499, 8
2742, 91
3138, 28
3333, 39
3380, 22
3392, 23
3557, 19
2866, 176
2239, 682
4504, 25
2906, 109
2899, 66
2864, 107
3704, 55
3399, 18
4573, 1
4604, 13
2773, 104
3139, 56
3069, 35
2805, 89
4282, 9
2924, 144
3101, 88
2964, 98
3509, 23
3010, 46
4588, 11
3099, 116
2824, 117
2918, 95
3778, 9
3854, 69
2410, 223
3574, 27
2977, 58
3013, 70
4556, 7
4460, 116
4312, 23
2979, 86
4783, 4
2982, 129
4492, 12
3481, 9
3625, 52
3167, 53
3237, 34
3173, 17
3233, 10
4452, 5
4349, 20
3261, 47
3096, 94
3081, 118
4450, 14
4338, 5
3897, 10
4451, 3
3891, 16
3486, 74
4445, 7
3489, 12
3871, 29
4760, 10
3875, 15
3477, 26
3514, 52
2813, 149
3861, 33
3504, 25
2759, 90
3786, 32
3271, 33
3628, 59
2877, 112
3423, 15
3097, 56
3089, 70
3102, 41
2776, 171
5045, 8
3256, 30
4863, 19
5020, 7
5001, 4
3835, 11
3671, 29
3075, 94
2992, 43
4082, 24
2407, 294
4085, 7
3457, 29
2702, 178
3349, 38
3418, 24
3408, 38
3412, 57
4304, 1
3411, 20
4199, 8
2932, 70
3549, 20
3545, 28
2887, 78
3455, 23
3601, 50
3493, 42
3558, 64
3478, 18
3538, 63
3901, 52
4479, 4
3575, 21
3519, 23
4198, 15
3775, 25
3428, 21
3938, 12
3045, 47
3444, 38
3062, 62
3935, 20
4693, 4
3934, 13
3057, 77
4072, 28
3760, 12
3494, 37
3572, 13
3550, 16
3822, 22
3646, 22
4542, 3
3954, 13
3552, 21
3515, 26
3553, 19
4300, 16
3281, 132
3589, 70
4381, 9
4488, 4
4010, 10
4139, 10
3528, 22
4327, 8
3936, 41
4103, 11
3531, 23
4335, 9
3674, 24
4384, 13
4106, 6
3827, 48
4456, 4
3610, 20
3699, 29
3681, 12
3586, 73
3585, 20
4793, 14
3576, 17
3754, 26
4795, 6
3762, 19
4100, 21
3507, 30
3582, 35
4812, 4
4806, 8
3739, 88
3672, 35
3749, 39
4538, 14
3711, 21
3907, 54
3733, 14
4356, 6
3804, 15
3425, 26
4211, 14
4066, 16
4143, 13
4330, 6
3448, 14
4060, 50
4420, 16
4209, 14
4605, 13
4635, 8
4391, 4
4591, 9
3965, 26
4220, 6
4611, 5
4015, 6
3820, 17
4145, 19
4167, 15
4219, 13
4146, 26
3869, 18
4614, 14
4382, 8
4887, 11
4022, 10
4012, 13
4412, 12
4411, 16
4405, 14
3566, 14
3826, 7
3950, 43
3773, 29
4017, 6
4389, 8
4041, 13
4111, 6
3970, 30
4363, 13
4176, 12
4505, 27
4011, 13
4402, 2
4546, 7
4714, 2
4650, 5
4217, 7
2847, 58
4081, 18
4090, 24
4224, 10
4797, 2
2794, 141
4048, 13
4045, 13
4046, 8
4049, 4
4047, 32
2907, 190
4033, 47
4377, 3
4286, 3
2663, 248
4127, 17
4790, 42
4429, 6
4563, 6
4144, 15
4427, 10
4425, 12
4169, 8
5010, 3
4804, 4
4305, 7
4290, 24
4315, 8
4545, 6
4597, 2
4240, 21
4568, 8
4366, 3
4296, 6
5065, 4
5066, 18
4182, 9
2808, 36
4418, 7
3618, 5
4419, 5
4481, 11
4077, 19
4092, 16
4552, 9
4455, 7
4625, 3
4906, 16
4439, 7
4620, 41
4472, 6
4880, 6
4685, 8
2873, 176
4337, 4
3252, 53
4359, 7
4879, 3
4720, 10
4486, 10
3289, 57
4465, 21
4394, 13
3117, 49
3320, 59
4873, 2
3285, 42
4473, 38
4709, 4
5002, 4
4392, 12
2666, 158
4390, 11
2930, 104
4468, 4
4710, 11
4658, 7
3143, 64
2904, 117
3113, 44
4249, 8
4737, 9
4644, 10
4977, 3
2962, 55
4991, 5
3147, 90
3403, 33
2850, 76
4615, 4
2968, 120
4288, 5
5022, 2
4564, 2
4909, 2
4466, 3
4705, 8
4298, 10
4299, 11
4913, 7
4854, 21
4571, 4
4785, 3
4746, 8
3488, 19
3348, 54
4599, 6
2701, 116
3516, 14
3443, 46
3498, 31
4830, 5
4764, 6
4656, 18
4629, 13
3358, 15
3360, 33
3362, 33
4728, 2
4808, 9
3330, 35
4683, 16
4642, 6
4627, 6
4771, 13
3297, 49
4824, 5
4981, 6
2715, 114
4654, 4
4846, 14
3240, 42
3621, 8
4848, 24
3530, 18
4701, 10
3264, 32
2905, 54
4955, 4
4994, 4
3224, 44
4997, 6
3309, 18
4937, 5
3647, 16
3664, 8
3465, 31
4934, 4
4354, 6
4899, 22
3374, 48
4515, 13
4512, 5
3688, 17
4801, 7
3703, 12
2839, 115
3375, 30
4823, 32
2980, 48
2771, 167
3713, 44
5035, 3
4594, 6
3673, 14
3608, 19
4777, 5
4983, 4
3417, 28
4856, 47
3690, 24
4907, 37
4802, 6
4818, 3
3461, 20
3265, 33
3249, 46
3149, 40
3123, 50
3343, 15
3795, 20
3245, 58
4851, 11
3110, 49
2993, 61
5040, 1
4865, 16
5034, 3
3683, 21
3190, 24
3652, 28
4850, 8
3876, 28
3658, 27
2941, 75
4834, 46
4857, 24
4859, 4
4860, 32
4837, 6
3580, 34
4845, 6
4040, 8
2884, 123
4963, 4
4852, 51
3496, 73
3244, 79
3044, 96
3251, 36
3354, 21
5072, 2
3636, 14
2831, 108
3278, 28
5050, 9
2937, 130
3272, 39
4089, 5
3821, 9
3295, 24
3467, 34
2853, 93
3369, 51
3185, 32
3427, 42
3527, 25
3401, 10
4949, 2
2934, 108
3551, 16
3189, 29
3125, 50
3293, 65
3274, 23
4150, 10
3400, 40
3469, 47
3085, 88
3371, 26
3078, 60
3691, 14
2710, 136
4122, 3
3361, 35
3743, 16
3243, 31
3708, 10
3693, 11
5082, 8
4247, 2
3908, 39
3355, 8
3367, 22
3573, 51
3663, 53
3363, 12
5075, 7
3766, 13
3487, 7
3595, 10
4134, 11
4173, 21
3409, 41
3475, 20
4187, 8
3998, 18
4279, 7
3748, 18
3707, 21
3745, 16
2985, 64
4950, 31
4244, 17
3350, 30
3332, 62
3653, 11
3927, 51
4212, 4
3172, 23
3767, 29
3853, 27
2707, 143
3840, 14
3783, 41
3299, 19
2955, 66
3832, 11
3056, 58
4232, 7
3921, 7
2969, 57
3855, 21
3288, 39
3680, 24
3666, 9
4417, 13
3720, 77
3263, 29
3715, 18
3841, 16
4323, 10
3347, 18
3414, 11
3717, 63
3972, 18
3499, 15
3829, 5
4241, 28
3567, 14
3506, 22
4283, 9
4087, 5
3842, 50
3472, 36
4351, 19
3809, 10
3798, 9
3846, 43
3823, 25
3714, 20
3554, 41
3555, 20
3163, 12
3849, 23
3424, 23
3422, 38
3616, 12
3012, 71
3913, 63
3780, 5
4582, 12
4155, 4
4204, 14
3966, 9
3118, 72
3260, 19
3337, 25
3236, 47
3415, 19
4054, 22
3093, 77
4110, 9
3305, 18
3959, 25
4313, 5
3635, 18
4191, 12
3617, 24
4116, 11
4044, 5
3661, 11
3684, 15
4196, 8
3376, 104
4699, 4
4076, 6
4275, 6
3781, 34
3083, 45
3639, 48
3612, 22
3564, 13
4179, 7
3607, 41
3782, 16
4874, 9
4872, 19
4903, 3
3583, 28
3397, 24
4202, 27
4002, 19
4001, 38
3442, 28
4162, 8
3645, 20
4386, 2
3382, 39
4527, 5
3431, 26
2927, 65
4494, 11
3129, 27
3937, 10
3634, 14
3562, 20
4668, 10
3728, 35
3624, 9
4410, 7
3346, 40
3368, 43
4289, 9
4348, 41
4601, 4
3686, 8
4632, 17
3426, 26
3468, 7
3808, 13
4101, 15
4805, 5
3738, 87
4866, 5
4469, 3
4750, 7
4520, 15
4536, 7
4120, 17
3863, 39
4558, 1
4835, 8
4651, 5
4724, 4
4655, 3
4638, 3
4947, 2
4141, 6
4634, 19
3885, 15
3705, 39
4592, 3
4218, 5
4868, 3
5078, 98
4215, 2
4213, 7
4700, 2
4301, 7
3973, 11
4280, 5
4276, 5
4941, 6
4246, 26
4921, 8
4923, 2
4784, 15
3956, 70
4270, 8
4892, 21
3960, 79
4557, 15
4895, 5
3953, 29
4007, 7
4681, 6
4088, 11
4927, 8
4999, 6
3201, 60
4043, 8
4375, 10
4706, 6
4477, 3
4050, 8
4673, 5
4257, 6
4517, 8
4190, 7
4260, 8
4733, 7
4398, 9
4966, 8
4237, 29
4893, 1
4508, 3
4951, 1
3373, 24
4453, 5
4740, 5
4956, 1
4978, 2
5069, 5
4269, 5
4821, 5
4841, 18
4817, 5
4840, 20
4716, 4
4295, 10
4976, 9
4811, 8
4809, 7
3393, 10
3258, 27
4748, 2
4858, 3
4864, 21
4832, 7
3473, 21
4691, 5
4678, 2
3726, 16
3280, 42
4702, 28
3874, 15
3753, 14
3430, 24
4972, 1
3816, 18
3223, 66
3676, 12
4772, 2
3402, 11
4995, 4
3596, 31
5023, 1
3584, 19
4975, 7
4939, 7
3234, 36
5000, 6
3946, 12
3948, 13
3949, 5
4826, 1
3535, 13
