6541, 1
9558, 1
6224, 1
5205, 1
4700, 1
6148, 1
8929, 1
8162, 1
6757, 1
6897, 1
6556, 1
10015, 1
4481, 1
7488, 1
9715, 1
9977, 1
9895, 1
10254, 1
3864, 1
9888, 1
6941, 1
3752, 1
10182, 1
6336, 1
6555, 2
8050, 1
8480, 1
4389, 1
9013, 10
9023, 1
9063, 1
9067, 1
9014, 2
9126, 2
9176, 1
6738, 1
6084, 1
9296, 1
6496, 1
6294, 1
9686, 1
9360, 1
8119, 1
7135, 1
4982, 1
9311, 1
8033, 1
5432, 1
9890, 1
10232, 1
3857, 1
8328, 1
4230, 1
5708, 2
7518, 1
4115, 1
8410, 1
9606, 1
6035, 1
4315, 1
5069, 1
3925, 2
9343, 1
5699, 1
8695, 1
5442, 1
6536, 1
5913, 1
7330, 1
5316, 8
4075, 3
4076, 28
5686, 1
6076, 1
5706, 1
8510, 1
8374, 1
8335, 1
7407, 1
10106, 1
5568, 1
6983, 1
6281, 1
5015, 1
3812, 1
6249, 2
5423, 1
7848, 1
4682, 1
9873, 1
5083, 4
3669, 1
4525, 1
7827, 1
6583, 1
9239, 1
4274, 1
4213, 1
9352, 1
9850, 1
9140, 1
5955, 1
7199, 1
6202, 1
9241, 1
9337, 1
8476, 1
7790, 2
5940, 1
9582, 1
5248, 1
9205, 1
6378, 1
5409, 2
7683, 1
8308, 1
4219, 2
4062, 1
9621, 1
4105, 1
4545, 1
6422, 1
6691, 1
10174, 1
6077, 1
7590, 1
4423, 1
9349, 1
3699, 3
4435, 3
8060, 1
6484, 1
6995, 1
9839, 1
6664, 1
10180, 1
8154, 2
4646, 1
4886, 1
8437, 1
6598, 1
7604, 1
7317, 1
7103, 1
9560, 1
4742, 1
9195, 1
7937, 1
5571, 1
7762, 1
4798, 1
6411, 1
6409, 1
7220, 1
7858, 1
6899, 2
8230, 1
7906, 1
9859, 1
7893, 1
8083, 1
7437, 1
7660, 1
9505, 1
6895, 1
7622, 1
9437, 1
9883, 1
5293, 1
5832, 1
9178, 1
7149, 1
4530, 1
7903, 1
9045, 1
3881, 2
3935, 1
10053, 1
3863, 1
9222, 1
5648, 2
4202, 1
6133, 1
6004, 1
8285, 1
5577, 1
6260, 1
4043, 1
9820, 1
9698, 1
9562, 1
7792, 1
7948, 1
6346, 2
3747, 3
3929, 2
8343, 1
9801, 2
6344, 2
6749, 3
4715, 1
8280, 1
5666, 1
5826, 1
9876, 1
5709, 1
9033, 1
6550, 1
5296, 1
7333, 1
4400, 1
4014, 2
5437, 1
6333, 1
9474, 1
3477, 1
5659, 1
9018, 2
3442, 1
6906, 1
8172, 1
7132, 1
5281, 1
3748, 1
4614, 1
7929, 1
6772, 2
6348, 1
7976, 1
5089, 1
9661, 1
4542, 1
8320, 2
9968, 1
9073, 1
9981, 1
6502, 1
4897, 2
7175, 1
5481, 2
9557, 1
6552, 1
7613, 1
3490, 1
7891, 1
7020, 1
6611, 1
7070, 2
4502, 1
9613, 1
7174, 1
6891, 1
8899, 1
5814, 1
5670, 1
7497, 1
7746, 1
7319, 1
5997, 1
10019, 1
9504, 1
9599, 1
6459, 1
3151, 1
5107, 1
4454, 1
9233, 1
9807, 1
10074, 1
4892, 1
6337, 1
9590, 1
5171, 1
7565, 1
5516, 1
6074, 1
9946, 1
9841, 1
10153, 1
5005, 1
4567, 1
4017, 1
5983, 1
4212, 1
7225, 1
9588, 1
4336, 1
7484, 1
3779, 1
9862, 1
7501, 1
10097, 1
6210, 1
6612, 1
8935, 1
6396, 1
6401, 14
6454, 3
6442, 2
6455, 37
6458, 12
6460, 1
6993, 1
5076, 8
6449, 28
9634, 1
6238, 1
4896, 1
5123, 1
9951, 1
9134, 1
9370, 1
4470, 2
7008, 2
6866, 1
5164, 2
6223, 2
10262, 1
7299, 1
5906, 3
6394, 4
6420, 2
6273, 1
6269, 1
6450, 1
6951, 1
7687, 1
9944, 1
4958, 1
9080, 1
5006, 2
6979, 7
5027, 2
5039, 26
6980, 3
4908, 1
9109, 4
5036, 31
6977, 1
9111, 3
4876, 1
9112, 1
6353, 1
4847, 3
5032, 31
4713, 1
4754, 2
4753, 1
5035, 64
6131, 1
7075, 1
10181, 1
5841, 1
5189, 1
5535, 1
4592, 1
4132, 1
7825, 1
8926, 1
10142, 1
8838, 1
4173, 1
7356, 1
6503, 1
9713, 1
7984, 1
6511, 1
4678, 1
7982, 1
4613, 1
7961, 6
5811, 1
5698, 3
4975, 1
3934, 1
8774, 1
6856, 1
8705, 1
10194, 1
9733, 1
9274, 1
10250, 1
5580, 1
7051, 1
5563, 1
9019, 1
9894, 3
7580, 1
3373, 2
8844, 1
9106, 1
7912, 3
5276, 1
5141, 1
7304, 1
7271, 1
9671, 1
6860, 1
5829, 1
5729, 1
4177, 1
7290, 1
4879, 1
9482, 1
6654, 1
8611, 1
5117, 1
7209, 1
7374, 1
9119, 1
8537, 1
7579, 1
5185, 1
5337, 1
9579, 1
6639, 1
5398, 1
6493, 1
8596, 1
4965, 2
9655, 1
6506, 1
8761, 1
8737, 1
9021, 1
9022, 1
5691, 2
5861, 1
5520, 1
6744, 1
9792, 1
8915, 1
6901, 2
7471, 1
4710, 1
4460, 1
4144, 1
6553, 1
7584, 1
5463, 1
7591, 1
10063, 2
9783, 1
3883, 1
9056, 1
3966, 1
8678, 2
9471, 1
6376, 1
9396, 1
9001, 1
7284, 1
3733, 2
9572, 1
7126, 1
8889, 1
7568, 2
9549, 1
10110, 1
6952, 2
9204, 2
3759, 1
9855, 1
7569, 1
5435, 1
9449, 1
4676, 1
9473, 1
6501, 1
6434, 1
8942, 1
10036, 1
6165, 1
6386, 1
6617, 2
4111, 1
6086, 1
4005, 1
9303, 1
7198, 1
7219, 1
6915, 1
6253, 1
6073, 1
9407, 2
6196, 1
6569, 1
6633, 1
6907, 2
8440, 1
7610, 1
8805, 1
9640, 1
6491, 1
6240, 1
7578, 3
9785, 1
6028, 1
9164, 1
6330, 1
7178, 1
8353, 1
9917, 1
8501, 1
9970, 2
4639, 1
7606, 2
8947, 1
5963, 1
9597, 1
4969, 1
8528, 3
6991, 1
8298, 1
7143, 1
9831, 1
7248, 1
7074, 1
9679, 1
6039, 1
9926, 1
4457, 2
4158, 1
6852, 2
7738, 1
10068, 1
5187, 2
9864, 1
7120, 1
3352, 1
7528, 1
8539, 1
6321, 1
4365, 1
4374, 4
6705, 2
5217, 1
6836, 1
5404, 1
8791, 1
9225, 1
3890, 2
5544, 1
8924, 1
9219, 1
3696, 2
9880, 1
5531, 2
6485, 1
4673, 1
6542, 1
4578, 1
4503, 1
4475, 1
4385, 1
4783, 1
4549, 1
9760, 1
6660, 1
4575, 1
9959, 1
9604, 2
5016, 1
9544, 1
7474, 1
7316, 1
5342, 1
9269, 1
8346, 1
5419, 1
6815, 2
5802, 2
4279, 1
8744, 1
9284, 1
5258, 1
4827, 14
5852, 1
8636, 1
5226, 1
5898, 2
7002, 2
9678, 1
8593, 1
4396, 23
8140, 1
6667, 1
2825, 3
9511, 1
6649, 1
7134, 1
8673, 2
8307, 2
5052, 8
9153, 1
4398, 2
5612, 1
5885, 1
4176, 1
8666, 1
6247, 1
4730, 1
4551, 1
9677, 1
6469, 1
5241, 1
8619, 2
8799, 1
5094, 1
8828, 1
8566, 1
8509, 1
9120, 1
8462, 1
6514, 3
8836, 1
4536, 1
9485, 2
6827, 1
8881, 1
4830, 2
6445, 1
5628, 1
8659, 1
8819, 1
9072, 1
9190, 1
6831, 1
9355, 1
6379, 2
9391, 1
9608, 1
6100, 1
9628, 1
8086, 1
6837, 1
9690, 1
2991, 1
8631, 2
9213, 1
4147, 1
6844, 1
5109, 2
9217, 1
8605, 1
6342, 1
8932, 1
6274, 1
9361, 1
7187, 1
6780, 1
3917, 1
6478, 1
8201, 1
5561, 1
9759, 1
9757, 1
6894, 1
5508, 3
5788, 8
5649, 2
5661, 1
6024, 2
9570, 1
7871, 1
9182, 1
9674, 1
9550, 1
3971, 1
3873, 1
6475, 1
4695, 2
6567, 1
6532, 4
7944, 1
6554, 2
8662, 1
9568, 2
5575, 1
8195, 1
5759, 1
9290, 1
6473, 1
6602, 1
7898, 2
5228, 2
6383, 2
8723, 1
5521, 1
8156, 1
6978, 3
9273, 1
9514, 6
9510, 3
8059, 2
5684, 1
6919, 1
6527, 1
6232, 1
8348, 1
6768, 1
8949, 1
6706, 1
3880, 1
3895, 2
4868, 2
9338, 1
5275, 1
6931, 2
4916, 1
9643, 2
4807, 1
6007, 1
5845, 1
8359, 1
8303, 1
6438, 1
4418, 1
9585, 1
7819, 1
8854, 1
6577, 1
5980, 1
4487, 1
5344, 2
6607, 1
8535, 2
8386, 1
6413, 1
6059, 1
9408, 1
6215, 3
6375, 2
7063, 1
4139, 2
9212, 2
3959, 2
4006, 2
9101, 1
8688, 1
8728, 1
5315, 1
4932, 2
5794, 1
5450, 1
8479, 1
5291, 1
6630, 1
4294, 1
6756, 1
4345, 1
4178, 2
9610, 1
3260, 1
5502, 1
8807, 1
6644, 1
3817, 2
8313, 2
8640, 1
6155, 1
6069, 1
7753, 2
5545, 1
5654, 1
9383, 1
3918, 2
5815, 1
8638, 1
5160, 1
5660, 1
8382, 1
3967, 1
7099, 1
6246, 2
8516, 1
4031, 1
8633, 1
4758, 2
8330, 1
8776, 1
8460, 1
5411, 1
7626, 2
4505, 2
8488, 1
3775, 1
4251, 1
9436, 1
8256, 2
6226, 1
5523, 1
6670, 1
4348, 2
6771, 2
3565, 2
8572, 1
4631, 1
4685, 1
8394, 1
3421, 1
8654, 1
5665, 1
5787, 1
8718, 1
6640, 1
5975, 5
5970, 4
4732, 1
8149, 1
8551, 1
4361, 2
5086, 1
5771, 1
6316, 1
6030, 1
8364, 1
5756, 1
9371, 2
4142, 1
8219, 1
8987, 1
7803, 2
9308, 1
8173, 1
7776, 1
4448, 2
9283, 1
8454, 1
7479, 1
9105, 2
5471, 2
5184, 2
5917, 1
3460, 6
5769, 2
5278, 1
6525, 1
9135, 1
4616, 1
3640, 2
8533, 1
7952, 1
6286, 1
8180, 1
5427, 1
4048, 1
8084, 1
6863, 1
5260, 3
5180, 1
8557, 2
5178, 1
6498, 1
8585, 1
4401, 1
3701, 1
4085, 2
6018, 1
4027, 1
4029, 2
4355, 1
9130, 1
8421, 1
6778, 1
8342, 1
4981, 4
6349, 8
6350, 3
6359, 12
6647, 2
7927, 1
6219, 1
9090, 1
7443, 1
3568, 1
3702, 1
8326, 2
5739, 1
4369, 1
3758, 2
8541, 1
4318, 2
8087, 1
4069, 2
4068, 6
3452, 6
5573, 1
8739, 1
6388, 1
5935, 2
8586, 1
7919, 1
7453, 1
9221, 1
5651, 1
8046, 1
8265, 1
3520, 4
8904, 1
7531, 2
7422, 3
8909, 1
8389, 1
7834, 1
3882, 2
9110, 1
4137, 1
4993, 1
3879, 1
3714, 1
4095, 1
4480, 1
5774, 2
7428, 1
4416, 1
3653, 2
2840, 3
3592, 2
7490, 1
3997, 1
3711, 3
7492, 1
6515, 1
8652, 1
9037, 1
2816, 5
7971, 1
8270, 1
9147, 1
6421, 1
7534, 1
4093, 1
8641, 1
4889, 1
5529, 1
8309, 2
5914, 3
3429, 2
5854, 1
5231, 1
7544, 1
7256, 1
8133, 1
5224, 1
7305, 1
8891, 1
4165, 10
6177, 1
8465, 1
6276, 2
4112, 1
3291, 1
8722, 1
8091, 2
5101, 1
6199, 1
5882, 3
3716, 1
3791, 1
8036, 1
5363, 1
5466, 2
4559, 2
6628, 2
3920, 1
7524, 1
7857, 1
5723, 1
7726, 1
6461, 1
6319, 1
6214, 1
5239, 1
7896, 1
4298, 1
8957, 1
7136, 1
8237, 1
8944, 1
7866, 1
8082, 1
7655, 1
3241, 2
4900, 1
4194, 1
7361, 1
6169, 1
4927, 3
4515, 1
5047, 1
9100, 1
4011, 1
5762, 3
7704, 1
6193, 1
5072, 4
4410, 1
8964, 1
5074, 19
4376, 1
7942, 1
8963, 1
3977, 2
5663, 1
4621, 4
5584, 1
7345, 1
6055, 1
4113, 9
7425, 1
3367, 2
8262, 1
8941, 1
4649, 1
4097, 1
5017, 2
5063, 6
4186, 2
4263, 2
7442, 3
7441, 1
5048, 3
5061, 5
8946, 3
5050, 2
7511, 2
5014, 3
4059, 2
7494, 1
4130, 8
5059, 13
7545, 2
5002, 4
4928, 3
4929, 2
5021, 1
5057, 6
4933, 3
4926, 2
4842, 1
4849, 1
4838, 2
4906, 1
3993, 1
6405, 3
5058, 70
6357, 2
7550, 3
4834, 2
5327, 1
5053, 3
5056, 1
8069, 1
7107, 1
4843, 5
8030, 1
8671, 1
4544, 1
5043, 6
5049, 2
4464, 1
2895, 28
5600, 1
5196, 2
3533, 1
7077, 2
6134, 1
5090, 2
7562, 1
7530, 1
8423, 1
8742, 1
4145, 2
6011, 2
8730, 1
7354, 1
5613, 3
4125, 1
5615, 1
5953, 1
5434, 1
7062, 2
7269, 1
6046, 1
8398, 1
8547, 1
5607, 1
4573, 5
6268, 2
5430, 2
7489, 1
5736, 1
8461, 2
8014, 1
3754, 1
6258, 1
5658, 2
8310, 2
5202, 1
5982, 1
8323, 1
8897, 1
4018, 4
2959, 2
7901, 1
7095, 1
7230, 1
4352, 2
5700, 1
7969, 1
8448, 1
7587, 2
6962, 1
8665, 1
8866, 1
7264, 1
8655, 1
3970, 2
5817, 1
7612, 1
5195, 3
3914, 9
5860, 9
5215, 1
4944, 5
5267, 1
5219, 2
8760, 1
3655, 1
7964, 2
6184, 1
4284, 1
7798, 1
8867, 1
5346, 1
7123, 1
7990, 1
4288, 4
7124, 1
3269, 2
7837, 1
8917, 2
4339, 1
7768, 1
5626, 3
5265, 1
4254, 1
7482, 2
7110, 2
5225, 1
4034, 3
2648, 5
3397, 2
5462, 1
3846, 1
5116, 1
3283, 4
5438, 1
7098, 1
7785, 1
7313, 1
5348, 1
8623, 1
7766, 2
5188, 1
7426, 1
5849, 1
3472, 1
5318, 1
7079, 1
6120, 1
6754, 2
4002, 2
3415, 4
7571, 2
6903, 1
4964, 1
6958, 1
5693, 1
4042, 1
5218, 1
3926, 2
5993, 1
6929, 1
7890, 1
6963, 3
5392, 1
7641, 2
4779, 2
8793, 1
7786, 1
8240, 1
6750, 1
7457, 1
8685, 1
7870, 1
5949, 2
8438, 1
4727, 1
6940, 1
8271, 2
7829, 1
7846, 1
3975, 2
6946, 2
7797, 2
3014, 2
6893, 1
8656, 8
5746, 2
8650, 1
8582, 1
4543, 1
8333, 1
3247, 3
8312, 1
4913, 1
7980, 1
6726, 1
8375, 1
4852, 2
8099, 1
8674, 1
3252, 1
4875, 1
3897, 4
4489, 4
4240, 2
4490, 3
7994, 1
4878, 2
8727, 2
5387, 1
7600, 2
6813, 1
7807, 1
8324, 1
5386, 2
4973, 1
8139, 3
5210, 2
7635, 1
7841, 1
8088, 1
7748, 1
4705, 2
6713, 3
8569, 1
3494, 2
7404, 1
7865, 1
6832, 1
4026, 2
8318, 1
8189, 1
3572, 10
3571, 6
7300, 1
5045, 2
7242, 2
4744, 1
4716, 1
4393, 3
8095, 3
7682, 3
5237, 1
7757, 1
3856, 3
7021, 1
8163, 1
7546, 1
7864, 1
3164, 3
6998, 1
8388, 2
8010, 1
5454, 1
6800, 2
4296, 1
4777, 1
8624, 1
7828, 2
7351, 3
4441, 1
8395, 2
7702, 2
6499, 1
7211, 1
7386, 1
8418, 1
6913, 1
2350, 9
4444, 1
2315, 19
2169, 18
1629, 89
1560, 291
1630, 92
1705, 157
6792, 7
1697, 68
6784, 1
1702, 151
2231, 13
2095, 51
2069, 38
7156, 1
2383, 8
1582, 253
2326, 32
1535, 267
2345, 16
2234, 26
1622, 80
2181, 14
1617, 60
1559, 217
2172, 31
1619, 76
1597, 206
6684, 5
2146, 39
7233, 1
1601, 120
2137, 34
7224, 1
2029, 76
7116, 1
2128, 19
2127, 44
1525, 277
2165, 39
1970, 33
1707, 119
2300, 29
2008, 15
2255, 37
2311, 19
2318, 11
2041, 22
7128, 1
1633, 102
2045, 23
1621, 116
2218, 13
2043, 15
7130, 1
1412, 327
1922, 21
2258, 17
2135, 47
2079, 36
2090, 14
2349, 13
2102, 42
7189, 1
1858, 49
1411, 344
1780, 68
1808, 55
1812, 63
2238, 15
2042, 59
1855, 64
6942, 1
1827, 32
6914, 3
2144, 14
7231, 2
2085, 24
2019, 20
1849, 50
2213, 23
2003, 44
7090, 1
2030, 61
2200, 82
1956, 38
1940, 36
1437, 375
1925, 19
2299, 8
1720, 93
1791, 58
2096, 35
1814, 36
1782, 74
1932, 26
2279, 13
2017, 52
2015, 39
7102, 1
2016, 43
2294, 19
7381, 5
1954, 36
1955, 26
7042, 1
2302, 12
7389, 1
1758, 62
1610, 113
2163, 20
1576, 319
2136, 68
1816, 66
1799, 62
2013, 34
1561, 255
1568, 183
1774, 45
2113, 21
1536, 302
1558, 334
2178, 14
2177, 34
2332, 5
2109, 18
2009, 23
1759, 75
1853, 55
1442, 246
6529, 1
1859, 58
1715, 115
1662, 86
1830, 37
6917, 1
1643, 157
6730, 2
1846, 29
1988, 41
1889, 91
1900, 37
1913, 33
1906, 44
1926, 27
1691, 79
1694, 101
1928, 23
1695, 86
1959, 57
1310, 601
1755, 59
6842, 2
1569, 179
1745, 37
1484, 225
1912, 30
6999, 1
1667, 158
1920, 33
7007, 2
1674, 90
1665, 93
1710, 94
1635, 78
1503, 273
1724, 80
6811, 2
1794, 45
1366, 409
6453, 3
1669, 85
1641, 81
6728, 1
1786, 50
1636, 82
6723, 2
1651, 135
1778, 106
1781, 95
6868, 2
2340, 22
7427, 1
2337, 6
2342, 31
1772, 43
6859, 3
1828, 37
1572, 242
6659, 1
1762, 51
6849, 2
1474, 232
1797, 51
6884, 2
1811, 77
1748, 89
6835, 28
85, 674
1554, 191
2352, 13
2323, 15
2283, 15
2298, 38
2278, 29
1654, 98
1589, 135
6676, 10
2194, 27
7281, 1
2192, 32
1614, 110
2191, 12
1620, 132
6707, 1
2320, 15
1642, 103
1657, 88
1618, 127
2257, 33
1596, 134
6683, 1
1594, 136
1652, 98
1639, 111
2222, 26
2228, 16
1583, 175
2139, 16
2201, 18
1563, 159
1600, 104
1262, 1089
1577, 310
2249, 19
2233, 9
2248, 41
7335, 1
2247, 19
2312, 27
7399, 1
2210, 43
7297, 1
2211, 25
2237, 12
1546, 318
1983, 18
1984, 36
1515, 290
2289, 12
1537, 177
2199, 22
2198, 36
7285, 1
2203, 16
1417, 284
1359, 499
6446, 1
1490, 284
1472, 309
6559, 12
2010, 34
1296, 781
2002, 44
7089, 1
2339, 16
1996, 51
1466, 372
2254, 36
2226, 26
2334, 18
2119, 24
1938, 26
1398, 328
2328, 36
7415, 2
96, 920
5183, 3
1387, 408
1508, 243
2286, 17
226, 2394
2290, 22
2170, 16
7257, 1
2295, 50
1864, 30
2141, 16
7228, 1
1911, 39
2274, 54
1910, 52
2268, 16
1908, 37
1907, 103
1914, 41
7001, 1
2011, 18
2153, 35
7240, 3
2097, 26
7184, 2
2018, 43
7105, 1
2313, 26
2094, 28
2048, 40
1950, 35
2006, 31
7093, 1
2035, 47
1756, 100
2007, 22
2078, 25
2189, 25
1995, 37
2185, 45
2051, 28
2184, 17
1887, 46
1915, 57
2049, 25
1883, 45
1896, 30
2064, 38
2180, 15
7267, 1
2065, 29
1873, 71
6960, 1
1874, 51
1851, 38
2067, 35
1586, 167
6673, 4
1897, 31
6984, 1
2044, 27
7131, 1
1877, 48
2303, 18
7390, 1
1998, 27
2124, 21
1884, 34
2092, 16
2291, 26
1937, 26
7024, 4
1929, 24
2120, 11
2021, 23
2224, 24
1885, 22
1860, 47
2059, 36
1930, 43
1931, 66
1933, 31
2250, 14
1946, 49
7033, 1
1815, 67
1744, 70
1999, 23
7086, 1
1943, 28
1944, 40
1807, 50
1802, 56
2012, 28
1800, 86
1824, 67
1818, 83
1795, 55
2240, 10
1809, 60
1712, 69
1869, 46
1936, 24
7023, 1
1785, 56
6872, 22
2260, 24
2099, 26
1728, 95
1967, 42
1729, 78
6816, 3
2296, 22
7383, 2
1727, 74
2034, 42
1746, 76
1441, 288
6528, 1
1761, 73
1783, 52
6870, 2
1979, 31
2093, 24
1615, 97
2256, 17
2123, 26
1924, 41
2070, 23
1842, 45
1768, 78
1787, 47
1769, 75
1947, 43
1773, 98
1580, 106
1784, 50
6871, 2
1788, 71
6875, 2
1969, 33
1733, 82
2083, 32
7170, 1
1994, 15
1716, 114
1775, 81
1752, 108
1902, 84
1725, 106
1760, 79
1975, 17
1916, 29
7003, 1
1551, 435
1766, 85
1550, 218
1726, 133
1567, 245
1311, 750
1549, 199
1723, 120
1973, 31
1820, 49
2004, 49
1451, 344
1453, 348
6540, 2
1423, 343
1425, 288
2195, 17
1444, 222
6531, 3
1730, 103
2125, 21
7212, 1
1749, 60
1793, 54
6880, 1
1555, 211
1893, 50
1892, 28
1997, 37
7084, 1
2343, 14
2288, 10
2330, 22
2267, 17
2329, 23
7416, 1
2327, 9
7414, 1
2264, 17
2161, 22
1562, 165
2232, 11
2014, 66
1792, 66
1539, 307
1302, 656
6389, 1
2032, 34
7119, 1
2028, 43
1518, 240
1810, 58
1424, 305
1770, 132
1688, 95
1821, 73
1313, 757
6400, 1
1510, 183
1982, 36
1384, 424
1322, 615
1566, 161
1704, 170
6791, 2
1706, 142
1290, 901
6377, 1
2033, 21
1879, 56
1547, 270
1976, 23
1899, 33
1501, 270
1850, 63
6937, 1
1660, 83
6747, 1
1663, 87
1871, 74
1805, 78
6892, 1
1653, 122
1428, 225
1647, 136
6734, 1
1646, 51
1623, 103
1675, 116
1693, 232
1397, 362
1377, 398
1803, 46
1392, 341
6479, 1
1471, 278
1684, 56
1470, 215
6557, 2
1235, 1188
6322, 2
1416, 252
1616, 93
1429, 259
6516, 1
1500, 275
1452, 340
1939, 35
1410, 421
1446, 283
1516, 287
1447, 228
1519, 283
6606, 1
2564, 12
207, 8891
1523, 312
6610, 2
1530, 220
1878, 74
6965, 2
1700, 78
1801, 96
1680, 120
1699, 83
1592, 257
1701, 111
1813, 91
1590, 103
6677, 4
1432, 272
1402, 305
1678, 59
1789, 53
1348, 603
1598, 204
1739, 94
1587, 291
1528, 264
6615, 2
1677, 75
1764, 52
1765, 34
1867, 32
1718, 68
1644, 125
1588, 175
1584, 159
6671, 3
1585, 154
1495, 308
1736, 98
1737, 85
2022, 56
7109, 1
46, 422
1847, 66
2117, 22
7204, 1
1845, 80
6932, 1
1848, 55
1225, 1351
1731, 122
1548, 201
6635, 1
1740, 36
1840, 91
6927, 2
1686, 108
1953, 25
1574, 169
1751, 68
6838, 1
1734, 65
6821, 2
1804, 83
1687, 100
1826, 49
1763, 107
6850, 1
1888, 34
1753, 58
6840, 1
1206, 1563
1714, 56
1578, 150
6665, 2
1365, 453
6452, 2
1717, 67
6804, 2
1494, 297
1927, 65
1382, 429
1771, 72
1880, 57
1308, 740
1538, 261
1391, 370
1476, 302
1672, 91
1676, 82
1237, 1155
1389, 359
1415, 365
133, 11350
1634, 75
1378, 498
1606, 148
1400, 291
6487, 2
10317, 2
44, 8105
1541, 247
1624, 122
1430, 257
1632, 61
6719, 2
1524, 289
1747, 92
206, 113465
97, 26450
2487, 15
130, 633
1779, 45
1708, 93
1722, 120
6809, 2
1465, 431
1738, 96
1608, 115
1254, 932
1183, 2081
6270, 2
1542, 263
1552, 201
1553, 233
1199, 1600
1336, 573
1288, 821
1306, 767
6393, 2
1540, 300
1298, 849
1499, 250
6586, 2
1464, 442
1557, 220
1637, 93
1268, 1162
1362, 540
1534, 285
1581, 197
1603, 96
1627, 85
1475, 241
1609, 107
6696, 1
1255, 1015
1247, 1014
1511, 264
1467, 294
1422, 240
6509, 2
1436, 357
6523, 1
1409, 308
1445, 270
1520, 282
1526, 286
6613, 1
1396, 296
6483, 2
1379, 397
6466, 3
1210, 1616
1370, 427
1381, 473
1364, 643
6451, 3
1385, 470
1685, 111
1407, 301
1679, 100
1374, 432
1571, 351
6658, 1
2557, 51
7644, 2
200, 1938
5287, 2
1698, 138
6785, 3
1545, 206
1543, 278
1544, 205
6631, 1
1575, 134
229, 3591
1303, 614
1327, 566
1683, 76
1284, 980
1293, 946
1315, 613
6402, 1
1477, 284
1368, 492
1305, 806
1431, 278
1361, 415
1333, 643
1245, 1104
1517, 215
1367, 328
1299, 781
1682, 147
6769, 1
1286, 811
6373, 2
1497, 282
6584, 1
1369, 384
1295, 838
1244, 1191
1427, 344
1354, 368
1246, 1253
1573, 191
1533, 232
1267, 953
1316, 617
1485, 368
1489, 362
1249, 1004
2581, 11
224, 1214
1297, 693
1307, 790
1602, 201
1605, 100
1463, 297
1607, 142
1458, 420
1628, 111
1212, 1642
1438, 283
1180, 1978
6267, 2
1282, 857
1473, 281
1309, 577
1182, 1983
1184, 1885
1205, 1582
1498, 378
1114, 2356
1449, 249
1513, 237
1043, 4105
1265, 916
6352, 1
1164, 2754
6251, 1
2613, 8
256, 4409
2604, 13
247, 14239
1480, 242
1253, 1062
1276, 1234
6363, 2
1360, 542
6447, 2
1456, 338
1455, 278
1167, 1973
6254, 2
1496, 324
1514, 348
1185, 1835
1521, 432
1421, 203
1522, 382
1084, 3329
6171, 1
225, 2298
5312, 1
1383, 524
6470, 1
1022, 5917
1462, 269
1380, 488
6467, 1
1196, 1647
1005, 8656
1277, 833
6364, 1
1419, 306
1355, 472
1492, 306
1287, 880
1346, 657
1248, 883
1252, 1046
1433, 276
1468, 341
1045, 3876
1007, 7162
1009, 6757
6096, 3
1046, 4704
1236, 1086
6323, 2
1469, 245
1434, 235
6521, 2
1448, 209
1344, 625
1094, 3079
6181, 1
1454, 272
1330, 605
1426, 303
1229, 1734
1591, 169
222, 2100
1331, 689
1312, 648
1050, 4163
1326, 685
1044, 4264
1420, 372
1040, 4118
6127, 2
1488, 336
1019, 6216
1317, 646
1401, 306
1403, 264
1171, 2168
1175, 1886
1318, 758
1461, 368
1386, 324
1165, 2185
1166, 2263
1564, 226
1263, 896
1390, 319
6477, 1
1556, 266
2406, 17
49, 459
2754, 18
397, 3498
1529, 213
1275, 948
6362, 2
3583, 157
1226, 1380
6313, 1
1280, 1064
1239, 1236
6326, 2
1231, 1265
1372, 562
1091, 3359
6178, 1
1093, 3428
6180, 1
1512, 275
1531, 477
6618, 1
1024, 5905
1439, 284
1098, 3242
432, 26889
5519, 2
1220, 1548
1435, 313
1319, 743
1459, 372
1440, 293
2282, 17
7369, 1
1478, 279
1481, 243
6568, 1
1482, 414
1483, 195
1486, 377
6573, 1
1491, 255
1570, 285
1507, 228
6594, 1
1250, 951
1241, 1187
6328, 2
1156, 2628
1134, 3002
1493, 217
1085, 2823
1092, 3352
6179, 3
1281, 876
422, 4290
1067, 4260
1504, 230
6591, 1
1487, 284
1076, 3422
1030, 4326
1274, 920
1069, 4081
1100, 2808
1228, 1532
1095, 2794
6182, 1
2603, 18
10519, 1
246, 156682
5333, 2
1230, 1515
2325, 11
2443, 5
86, 804
78, 3384
2435, 15
7522, 2
964, 9411
1399, 401
6486, 1
1502, 274
1041, 4826
1088, 3062
1172, 2018
1187, 1900
1238, 1109
978, 9098
1155, 2377
6242, 3
2565, 33
208, 2431
1147, 2537
6234, 1
1251, 1050
1148, 2411
960, 9191
1126, 2986
1457, 244
1227, 1516
1291, 1027
1232, 1072
1133, 2601
1450, 292
6537, 2
1285, 955
1479, 222
6566, 1
938, 5977
1460, 395
1260, 1013
6347, 1
1234, 1469
1209, 1511
1073, 3604
1068, 4217
1219, 1567
1218, 1412
1240, 1335
6327, 2
3573, 7
1216, 1319
1278, 907
6365, 3
1279, 985
1158, 2300
1143, 2404
6230, 2
1055, 3980
6142, 3
1178, 2119
1021, 5876
1082, 3794
1086, 3229
6173, 2
967, 9941
1017, 6732
984, 10032
6071, 2
932, 5830
975, 9326
1215, 1206
6302, 1
2543, 45
186, 3455
3560, 11
1203, 1362
6290, 1
1129, 3219
1443, 254
1202, 1761
6289, 1
1052, 4612
1181, 2059
660, 19647
2546, 14
189, 8688
1213, 1426
268, 2970
2528, 10
171, 4695
1527, 246
1211, 1456
1214, 1501
1207, 1876
1223, 1222
252, 4197
3581, 6
1224, 1343
6311, 2
1222, 1769
1261, 1004
1198, 1588
6285, 1
1270, 1054
1658, 101
1269, 1055
6356, 1
149, 18980
5236, 4
1204, 1532
1393, 343
6480, 1
1405, 356
204, 3965
965, 9879
6052, 2
245, 6936
5332, 3
2742, 9
385, 63977
1002, 8962
1004, 8809
6091, 1
999, 8393
3554, 9
1197, 1804
1027, 4925
699, 9145
963, 9422
6050, 2
1194, 1708
981, 8535
1233, 1599
6320, 4
1035, 4493
1016, 6341
1394, 381
1026, 4736
1406, 399
1015, 6895
6102, 1
1221, 1470
1038, 4490
1395, 333
1029, 4772
655, 28660
416, 8447
5503, 2
386, 27737
1000, 8235
2511, 46
154, 36182
2473, 37
116, 6557
1375, 365
6462, 13
377, 28755
1132, 3141
919, 7354
6006, 2
973, 9825
3222, 13
865, 14987
5952, 1
1351, 577
1096, 2900
1347, 676
1140, 2289
6227, 2
2736, 3
379, 65542
953, 7255
6040, 1
948, 8310
1358, 558
1376, 370
6463, 1
940, 6668
1352, 562
6439, 4
1363, 477
1371, 403
1337, 574
1145, 2501
1141, 2860
921, 6207
6008, 1
1152, 2119
1137, 2376
2847, 7
7934, 1
490, 10313
241, 4153
1356, 537
6443, 2
267, 3718
1138, 3192
1075, 3257
1325, 690
1345, 601
6432, 2
1127, 3174
1130, 3303
844, 28370
1335, 611
1119, 2762
1121, 2535
6208, 1
1065, 4315
6152, 1
1053, 4441
1135, 2799
1353, 465
6440, 5
1058, 3807
1070, 4188
703, 46433
1064, 4111
3375, 9
1018, 6973
1104, 3452
1334, 603
1116, 3035
1323, 672
1090, 3437
1080, 3372
409, 6856
5496, 16
1329, 709
1108, 2735
6195, 1
1314, 638
1079, 3712
1292, 933
1342, 605
466, 14224
2771, 7
414, 6514
5501, 1
996, 9893
1289, 777
1071, 3832
2560, 20
203, 2584
5290, 1
1304, 712
389, 120235
997, 9408
1003, 8343
6090, 1
1063, 4120
1083, 3475
1357, 453
537, 79267
2872, 10
515, 7959
607, 29219
5694, 1
288, 28491
294, 9474
3112, 7
755, 84832
234, 14725
5321, 2
1343, 450
736, 12719
437, 107445
5524, 2
784, 106847
5871, 8
2631, 10
274, 33701
5361, 2
2608, 8
251, 10840
5338, 5
779, 24336
311, 73844
331, 90917
5418, 5
947, 8322
6034, 1
955, 8549
290, 6233
5377, 1
2697, 14
340, 42713
381, 95187
5468, 1
313, 160986
527, 45294
961, 9184
6048, 2
2855, 8
498, 17317
5585, 1
2854, 5
497, 15366
2842, 13
485, 6490
5572, 1
482, 26079
529, 30879
1638, 110
595, 65309
5682, 2
2819, 2
462, 80149
5549, 1
949, 7762
2765, 7
408, 5178
5495, 2
338, 139401
2698, 15
341, 40275
5428, 4
470, 15162
443, 5720
5530, 2
507, 13717
5594, 30
441, 19077
132, 406051
926, 6978
959, 10685
270, 11943
162, 3671
5249, 2
1271, 1204
301, 98753
1991, 28
882, 9386
2725, 37
368, 612456
5455, 1
585, 66314
956, 8208
371, 130842
5458, 3
582, 94199
567, 19173
939, 6547
6026, 3
3302, 3
945, 8855
532, 84787
10804, 1
531, 307782
5618, 1
449, 11246
446, 6733
5533, 4
426, 5611
5513, 2
304, 62564
5391, 4
1413, 358
6500, 2
474, 10175
2821, 9
464, 7936
447, 9452
590, 35608
511, 27148
5598, 2
2802, 11
445, 7810
777, 18343
5864, 1
10509, 1
236, 56245
5323, 1
2637, 30
280, 33141
5367, 15
2588, 20
231, 52190
1340, 599
2632, 11
275, 591427
369, 157916
5456, 2
825, 37670
1934, 35
325, 111060
5412, 2
287, 7803
828, 36352
302, 21384
5389, 3
3090, 4
733, 11373
5820, 1
10465, 1
192, 36149
5279, 2
1301, 720
88, 40509
2488, 16
7575, 2
131, 2074134
942, 7238
2724, 19
367, 397918
781, 26238
81, 37125
5168, 1
1190, 1362
6277, 2
786, 31163
264, 35877
1373, 400
805, 58963
10374, 1
101, 18887
163, 18865
1272, 759
704, 145615
906, 6975
355, 20949
896, 8189
1987, 51
878, 9461
905, 6794
596, 55509
2412, 20
55, 10953
58, 10954
5145, 1
2276, 21
750, 12914
2694, 13
337, 116271
5424, 2
315, 51396
856, 14876
745, 31631
763, 15116
197, 8289
2630, 5
273, 25176
5360, 2
966, 7838
425, 7205
271, 21778
216, 16448
2585, 19
228, 12436
272, 13180
5359, 1
218, 1235
346, 106176
5433, 2
266, 3410
5353, 1
3097, 5
740, 12069
2556, 21
199, 2854
5286, 1
2852, 35
7939, 2
495, 30202
5582, 1
1604, 107
2622, 15
265, 13436
3163, 4
806, 43897
2857, 27
500, 11445
5587, 2
3179, 3
822, 37155
219, 21509
1328, 519
282, 11228
5369, 19
893, 7833
393, 24262
62, 50490
743, 11533
1825, 78
6912, 3
3073, 27
716, 21815
5803, 1
314, 322904
851, 23881
310, 46146
2675, 9
318, 63990
5405, 5
107, 6578
1831, 38
3079, 9
722, 8968
239, 52836
5326, 1
902, 7505
361, 11681
5448, 1
332, 16007
2590, 51
233, 7437
903, 7364
5990, 3
362, 618998
5449, 2
725, 22837
10457, 1
184, 2881
899, 7682
2379, 11
7466, 1
22, 39083
1131, 2484
6218, 2
10633, 1
360, 22664
5447, 1
901, 7363
2708, 13
351, 18692
892, 8758
343, 30304
884, 9642
1993, 19
7080, 2
2693, 29
336, 16274
2692, 12
335, 41391
802, 34873
259, 3681
800, 87004
89, 21496
797, 85453
230, 2735
5317, 1
1339, 504
3052, 7
695, 33459
1777, 59
6864, 1
668, 19281
612, 59166
71, 12307
5158, 2
586, 64873
5673, 2
1668, 140
559, 86608
2402, 15
45, 11934
5132, 1
1154, 2398
2263, 25
2696, 6
339, 38058
5426, 1
998, 8348
151, 126658
5238, 2
751, 12172
5838, 3
1833, 55
724, 11400
1829, 51
720, 10838
691, 28198
150, 37309
1259, 1083
662, 18786
121, 33913
5208, 3
3350, 10
993, 9947
989, 9203
442, 12102
983, 8005
1838, 76
729, 17474
1742, 86
633, 33403
40, 1219
1149, 2353
513, 14644
1595, 149
486, 6646
517, 9394
1599, 152
530, 51801
1612, 142
503, 6876
5590, 10
635, 41978
5722, 3
91, 7256
1200, 1740
632, 35630
5719, 1
2983, 10
626, 48753
5713, 1
510, 24650
907, 6905
5994, 2
366, 91897
5453, 4
991, 9628
1532, 297
423, 5552
5510, 1
2850, 9
493, 18688
1034, 4024
1836, 27
727, 9458
754, 21369
3145, 19
788, 22428
326, 50068
2426, 21
69, 31315
3197, 10
840, 24682
2447, 36
10363, 1
90, 27288
888, 7534
347, 18147
891, 8618
350, 80246
2450, 19
93, 56238
2536, 30
7623, 1
179, 18322
693, 10628
5780, 1
181, 9610
3140, 7
783, 278697
242, 1389
2727, 26
7814, 1
370, 485076
5457, 12
2687, 6
330, 20338
2430, 12
73, 822
587, 62154
889, 7595
348, 105618
373, 48563
5460, 2
2732, 8
375, 952999
2475, 17
118, 696
211, 15215
5298, 1
1320, 962
6407, 9
723, 11476
5810, 2
182, 7926
5269, 2
2911, 12
554, 22811
5641, 1
2370, 42
13, 117658
1122, 3081
6209, 2
2484, 24
127, 15250
5214, 1
165, 110911
2523, 22
10439, 1
166, 23302
1796, 50
687, 9510
2530, 13
10446, 1
173, 1465
2529, 31
172, 2003
1243, 1128
2491, 17
10407, 1
134, 5082
161, 16743
105, 3360
2385, 43
10301, 1
28, 1289
5115, 1
696, 11590
155, 2315
1264, 902
518, 32175
4, 3168
5091, 1
1113, 3292
472, 11823
478, 7088
3074, 17
717, 14954
5804, 1
1258, 920
2533, 19
176, 19169
169, 46019
583, 188781
42, 117283
1151, 2819
2706, 25
349, 165734
5436, 1
92, 357335
1201, 1557
6288, 1
476, 10316
2993, 16
636, 68551
2452, 20
95, 64499
2830, 5
473, 17722
5560, 1
2400, 56
43, 3650
841, 23764
300, 20562
36, 2675
293, 16229
5380, 3
804, 41630
2620, 14
7707, 1
263, 1908
5350, 4
520, 11245
2907, 17
550, 25080
5637, 1
2366, 25
9, 536404
1118, 2737
6205, 1
523, 261478
2569, 24
212, 9374
5299, 2
1321, 666
6408, 1
753, 19325
1294, 774
6381, 1
185, 4433
5272, 1
2626, 13
269, 56281
2380, 19
7467, 1
23, 2368
2643, 14
286, 28147
2386, 17
29, 174
159, 57784
5246, 1
1655, 98
546, 35255
5633, 2
32, 9389
5119, 1
2646, 71
289, 12252
5376, 3
2933, 9
576, 84252
2392, 12
35, 29400
1144, 2505
1650, 82
6737, 1
541, 45230
10300, 1
27, 9123
5114, 2
1136, 2549
2525, 16
168, 40037
5255, 1
177, 14985
5264, 2
434, 12623
591, 36860
50, 38789
1159, 2340
227, 3654
5314, 1
2841, 9
484, 4942
2362, 23
5, 148958
5092, 1
2548, 17
191, 16021
1300, 694
605, 312720
10337, 3
64, 4344
5151, 1
1173, 2035
10594, 1
321, 33718
2547, 39
190, 9466
5277, 1
604, 23692
63, 284
2677, 19
320, 78475
5407, 2
374, 50505
117, 11746
5204, 1
2900, 18
543, 26955
2, 400894
1111, 2965
6198, 4
1819, 63
3067, 6
710, 6674
2553, 21
196, 2768
994, 10138
6081, 2
453, 6981
5540, 4
323, 128956
2427, 18
70, 4846
5157, 1
1179, 1614
327, 42083
5414, 5
602, 38847
2418, 11
61, 453306
5148, 1
1170, 2361
3189, 9
832, 38047
188, 25822
2483, 27
126, 41331
549, 86073
5636, 3
8, 127876
5095, 1
1117, 2955
6204, 1
522, 239613
67, 31867
5154, 2
1176, 1896
6263, 1
2681, 10
324, 93774
114, 14890
5201, 8
2432, 11
75, 6636
5162, 1
2481, 22
124, 71975
5211, 1
2422, 14
65, 20616
1174, 2057
295, 14501
5382, 2
1404, 349
3193, 7
836, 34274
5923, 3
322, 13873
2912, 14
555, 23968
5642, 2
14, 17930
1123, 3106
2524, 17
167, 11436
5254, 1
552, 47200
5639, 1
1661, 131
2368, 19
11, 124701
5098, 1
1120, 2740
679, 7735
2495, 16
10411, 1
138, 4348
395, 10695
2918, 14
561, 44907
1670, 101
20, 42353
534, 63046
277, 51723
5364, 33
79, 2171
5166, 2
1188, 1848
2950, 17
593, 49736
698, 8484
5785, 1
2514, 19
157, 9302
1266, 1076
3285, 4
928, 6373
6015, 1
2387, 13
30, 15145
1139, 2679
2416, 14
7503, 1
10332, 1
59, 1392
3525, 8
1168, 2252
6255, 3
2277, 15
1767, 68
658, 30224
5745, 1
144, 6281
2374, 13
7461, 1
17, 27991
2434, 24
77, 12625
1186, 2325
334, 95350
5421, 2
721, 23810
5808, 3
2537, 21
180, 304148
2951, 14
594, 60161
5681, 1
2410, 19
53, 867
1162, 2639
278, 45847
5365, 1
562, 30556
10294, 2
21, 86478
5108, 2
535, 550719
801, 41121
260, 21840
2901, 5
544, 49721
3, 33103
1112, 3275
158, 20290
31, 11996
5118, 2
2521, 11
164, 284866
5251, 1
1273, 998
615, 51674
74, 4468
556, 204434
2372, 13
15, 99927
1124, 2746
153, 112341
5240, 3
924, 6332
480, 9903
99, 26100
5186, 2
1208, 1317
6295, 1
897, 8479
356, 62441
5443, 1
669, 13662
128, 1659
542, 25615
5629, 3
1, 583005
1110, 3135
6197, 3
601, 35381
60, 56255
1169, 2163
3001, 15
644, 29437
2460, 13
103, 55959
557, 128116
2373, 9
16, 361935
5103, 1
1125, 2568
143, 5309
5230, 2
941, 6949
400, 12047
5487, 1
1509, 272
2505, 7
148, 82660
5235, 2
1257, 846
2425, 8
68, 446
5155, 3
1177, 2180
2946, 35
589, 39236
48, 11731
5135, 1
1157, 2184
6244, 1
2532, 11
175, 10328
5262, 1
597, 76955
56, 547993
701, 10521
160, 13807
592, 59002
2408, 15
51, 47479
1160, 2452
2381, 9
24, 7484
565, 100889
308, 500510
5395, 7
675, 14269
580, 137070
39, 850
2369, 12
12, 25171
5099, 1
553, 41004
5640, 3
34, 38635
2364, 15
7, 470281
2905, 10
548, 60995
900, 8058
359, 24676
102, 7216
894, 8280
353, 19599
2493, 17
136, 29941
5223, 3
80, 2848
1189, 1654
898, 8471
10630, 1
357, 35155
5444, 4
100, 157361
10456, 1
183, 8227
3261, 5
904, 7383
363, 211807
2792, 15
435, 28000
83, 82686
1192, 2012
637, 61730
5724, 2
670, 14340
129, 606
2480, 27
123, 7209
664, 13404
87, 281325
344, 39444
776, 20223
5863, 8
235, 12833
111, 10418
232, 11299
5319, 2
1341, 523
10, 549899
5097, 1
18, 29676
5105, 1
248, 9612
5335, 1
789, 21313
276, 102701
3174, 7
817, 42032
2376, 18
19, 13552
1128, 2891
560, 28474
5647, 3
10381, 1
108, 12966
3574, 10
1217, 1245
388, 14083
5475, 2
113, 112880
1195, 1790
654, 21616
140, 131514
6, 73569
5093, 5
1115, 2871
547, 32593
574, 40988
33, 2744
5120, 2
1142, 2475
540, 67758
5627, 1
431, 5741
5518, 19
205, 3410
76, 4853
5163, 2
3231, 6
874, 8794
2690, 8
7777, 1
333, 59547
5420, 30
10355, 1
82, 2337
5169, 2
1191, 2055
2812, 9
455, 20436
198, 3848
2955, 12
598, 40226
2414, 15
57, 2936
2686, 5
7773, 1
329, 30061
328, 32054
5415, 3
958, 8460
2544, 71
187, 3656
5274, 2
444, 85913
147, 13987
1256, 997
6343, 1
2477, 6
120, 21735
5207, 1
661, 14409
5748, 1
145, 9001
2498, 12
10414, 2
141, 24004
2636, 8
279, 62206
1388, 375
820, 36584
5907, 1
306, 36921
2649, 9
292, 24381
5379, 1
833, 38058
376, 419372
156, 3390
5243, 4
460, 10865
5547, 12
471, 9432
5558, 1
2461, 13
104, 25347
2982, 5
625, 72195
84, 27001
1193, 1749
6280, 1
0, 390
1109, 3045
923, 6461
430, 7704
5517, 1
3328, 5
971, 8819
6058, 3
653, 29130
112, 81995
5199, 3
2699, 12
342, 8575
5429, 2
883, 9874
2845, 21
488, 5939
2551, 54
7638, 1
194, 28923
249, 2803
174, 2015
5261, 1
1283, 802
6370, 3
3072, 2
8159, 1
715, 16585
726, 17038
170, 14087
857, 14581
5944, 3
37, 95937
5124, 2
1146, 2483
588, 34911
47, 42172
2558, 36
201, 10063
742, 11513
1648, 96
2896, 24
539, 41639
2382, 24
25, 5347
957, 9152
2666, 20
309, 73491
1418, 247
456, 16361
796, 45229
2612, 14
7699, 1
255, 1876
2654, 25
297, 2400
5384, 5
2702, 11
345, 73998
38, 29154
5125, 2
819, 59395
756, 80183
712, 10648
761, 17397
613, 39868
3165, 4
808, 37437
5895, 1
759, 23938
5846, 2
730, 13654
564, 18469
764, 29745
619, 60688
568, 26988
671, 10407
647, 31868
2978, 10
621, 192119
811, 43268
692, 20329
5779, 2
689, 10201
5776, 2
611, 118039
509, 30221
2977, 17
620, 85732
5707, 1
610, 111035
609, 30679
1817, 85
708, 7364
528, 21562
407, 8050
5494, 3
2818, 6
461, 15905
5548, 20
481, 8962
2834, 9
477, 7445
2853, 22
496, 37196
824, 40275
5911, 1
577, 49775
372, 107378
5459, 7
364, 35207
5451, 19
814, 52863
5901, 1
125, 49907
5212, 6
600, 77318
303, 148242
5390, 1
319, 63563
3184, 8
827, 41260
823, 34276
830, 40071
1001, 7864
794, 76819
5881, 2
142, 6037
5229, 2
2775, 33
418, 9238
5505, 5
2793, 6
436, 23678
2795, 8
438, 134075
5525, 1
2618, 16
261, 7296
391, 12600
5478, 4
387, 28700
2751, 10
394, 9738
2796, 150
439, 39833
250, 6696
834, 48707
831, 35431
5918, 1
433, 26505
2781, 8
424, 34262
378, 18828
403, 23184
3169, 2
812, 62939
5899, 2
2808, 17
451, 10460
768, 26391
617, 44021
760, 19922
5847, 1
634, 48900
5721, 1
767, 42847
766, 37009
5853, 1
3022, 73
665, 19673
5752, 2
673, 14415
674, 20312
569, 22791
774, 18077
681, 9983
221, 30030
5308, 2
1042, 4466
6129, 1
3039, 7
682, 8997
2986, 4
629, 51277
519, 14045
793, 37946
608, 18644
5695, 1
748, 12706
2973, 12
616, 52718
135, 4565
2979, 4
622, 739603
2936, 7
579, 111186
551, 44752
2673, 18
7760, 2
316, 261377
5403, 2
1037, 4003
1031, 5411
2756, 16
399, 4722
5486, 3
106, 1442
465, 8823
5552, 1
401, 8442
5488, 3
428, 11372
5515, 1
558, 54051
2711, 13
354, 44310
5441, 1
672, 13451
792, 24110
5879, 1
2869, 8
512, 12263
666, 15971
566, 45091
5653, 1
536, 145141
599, 49921
606, 121899
365, 16467
803, 31828
807, 41583
809, 32388
283, 531215
5370, 1
284, 70532
5371, 2
880, 9879
3238, 2
881, 9084
3178, 6
821, 33008
2709, 35
7796, 1
352, 29439
5439, 1
2814, 10
457, 19097
2871, 3
514, 43588
787, 26877
782, 39928
706, 11211
663, 15346
5750, 3
785, 48320
735, 13356
846, 22555
3096, 2
739, 13350
66, 7031
5153, 2
2494, 16
7581, 1
137, 21214
10811, 1
538, 36481
240, 19954
1349, 526
6436, 2
244, 51878
860, 13094
506, 13823
5593, 4
419, 5575
2858, 46
501, 19851
5588, 2
505, 13330
5592, 1
2739, 15
382, 61801
5469, 24
2859, 10
502, 8029
5589, 12
504, 23399
5591, 3
791, 16806
5878, 2
614, 40428
618, 55600
2999, 7
642, 34578
575, 111996
5662, 1
770, 24451
5857, 3
2941, 13
8028, 1
584, 99168
458, 20385
468, 42047
2849, 12
492, 15484
5579, 7
861, 12709
5948, 1
570, 47157
866, 13971
799, 64177
5886, 1
780, 20193
769, 31217
5856, 2
810, 61845
5897, 2
747, 25935
2988, 8
631, 26050
5718, 2
772, 18696
3130, 4
773, 19816
146, 3115
5233, 2
683, 7522
5770, 1
2987, 7
630, 31054
762, 17202
3085, 6
728, 25948
732, 13233
5819, 5
420, 6536
5507, 14
2856, 15
499, 12013
5586, 8
383, 39928
639, 76106
775, 19601
5862, 3
641, 41420
649, 25099
10854, 1
581, 53106
873, 7879
5960, 2
870, 9531
864, 14638
5951, 2
524, 147277
603, 19004
2844, 5
487, 6318
627, 44560
855, 19220
3211, 21
854, 19431
853, 19222
816, 45171
815, 67750
686, 9126
643, 30673
3122, 8
8209, 2
765, 30923
813, 50229
667, 13831
734, 10303
771, 25945
741, 9448
5828, 3
731, 14677
5818, 1
545, 97454
5632, 2
744, 32078
652, 28946
651, 17877
5738, 1
628, 34547
778, 20581
5865, 3
850, 20824
3199, 19
842, 27887
5929, 2
922, 6508
3204, 6
847, 24128
877, 9362
2664, 14
307, 42591
5394, 1
3216, 6
859, 13946
2741, 7
384, 58336
2820, 10
463, 11121
5550, 5
459, 13074
5546, 2
421, 4866
2811, 27
454, 12475
3147, 8
790, 20469
929, 6905
3275, 5
918, 6455
6005, 1
914, 6051
6001, 1
917, 6906
702, 12129
5789, 1
3075, 4
718, 26815
737, 10774
680, 12358
291, 3031
5378, 4
688, 11950
5775, 2
2832, 8
475, 8013
5562, 4
700, 9765
738, 10064
5825, 2
648, 31898
1757, 77
757, 25953
640, 78828
867, 11281
707, 8116
920, 6336
886, 7232
2763, 13
406, 7615
5493, 4
483, 5861
5570, 1
872, 8273
879, 10103
317, 119237
508, 29912
5595, 8
2786, 9
429, 8243
452, 7917
5539, 2
887, 7315
3002, 9
645, 78481
5732, 1
298, 3730
5385, 4
563, 33092
214, 1276
678, 10604
758, 23682
909, 6659
752, 13013
5839, 1
623, 237093
2479, 61
7566, 1
122, 26847
3070, 5
8157, 1
713, 9768
404, 6465
5491, 1
440, 15260
469, 14794
448, 12229
533, 35247
5620, 7
875, 8775
869, 9961
5956, 3
11019, 2
746, 11665
749, 11937
3003, 7
646, 47606
5733, 1
3205, 10
848, 20370
931, 6559
3200, 13
843, 27361
912, 6324
890, 8555
3209, 3
852, 21424
5939, 2
516, 8315
5603, 1
3062, 12
705, 29200
3068, 3
8155, 2
711, 14908
908, 6623
3194, 21
837, 27690
5924, 1
72, 11405
2848, 14
491, 8396
5578, 3
578, 130961
2411, 28
54, 859
1163, 2685
41, 2187
1150, 2744
178, 4711
946, 8542
943, 7607
962, 9782
6049, 1
417, 35120
5504, 3
450, 7635
826, 42575
3225, 19
868, 10674
862, 13121
925, 5907
876, 9316
849, 20281
2981, 8
624, 193742
690, 10931
5777, 2
489, 10931
935, 5736
571, 102761
572, 31460
885, 8789
380, 21414
10671, 3
398, 4884
479, 14737
5566, 1
976, 9826
6063, 1
944, 8189
913, 6680
937, 6170
638, 101990
798, 177832
795, 43121
951, 6695
911, 6975
152, 15776
254, 1497
5341, 3
296, 4382
5383, 3
299, 2604
1408, 301
521, 26043
5608, 1
818, 41008
2882, 26
525, 79723
2614, 22
7701, 1
257, 3455
10554, 1
281, 11514
5368, 16
934, 6354
1010, 6749
657, 18575
656, 22015
5743, 1
676, 15438
927, 6510
986, 10100
1006, 7751
6093, 1
1161, 2275
6248, 1
52, 2091
684, 8856
990, 9433
526, 44167
392, 44828
5479, 2
402, 4779
1013, 7162
659, 25533
467, 19568
987, 7971
305, 9903
1414, 304
916, 6617
494, 11306
972, 9135
982, 8042
977, 8798
995, 9951
3186, 6
829, 36371
5916, 1
952, 8055
573, 46493
936, 6033
358, 11182
5445, 2
677, 28108
1025, 4683
2134, 38
697, 8239
933, 6222
2167, 18
2168, 22
1059, 3988
2173, 22
2156, 26
1047, 4438
2175, 31
7262, 1
1066, 4084
262, 1995
5349, 1
2610, 33
253, 1852
5340, 1
110, 10175
2615, 9
258, 3112
1242, 1112
2182, 39
2186, 35
7273, 1
1077, 3586
6164, 1
2552, 13
195, 8188
5282, 1
2132, 36
1023, 6043
2158, 22
1049, 4334
6136, 1
2130, 24
2131, 27
2133, 20
2112, 35
1823, 94
714, 18519
2183, 27
1074, 3639
6161, 1
2179, 18
835, 35974
1506, 237
1505, 200
2753, 12
396, 8257
719, 10154
5806, 2
1008, 8123
6095, 2
2570, 14
213, 880
405, 6803
1153, 2563
650, 21104
411, 6244
209, 3487
410, 5298
412, 5753
5499, 1
238, 4562
1020, 6503
94, 19680
2496, 8
139, 14951
2550, 20
193, 6000
5280, 2
210, 3732
5297, 3
220, 35051
5307, 1
243, 1188
5330, 1
1099, 3711
1014, 7059
6101, 2
1033, 4329
1012, 7244
1106, 3257
1011, 7533
1087, 3389
6174, 3
312, 86257
217, 3980
237, 9996
871, 8915
992, 9640
985, 8686
709, 9500
5796, 2
968, 10262
1089, 3574
1107, 3041
1048, 4567
6135, 1
969, 8979
970, 8673
1036, 3908
979, 8480
1078, 3946
1072, 4557
6159, 1
2642, 15
285, 9133
1062, 3754
390, 43983
5477, 23
1060, 4676
1061, 4567
1057, 3298
685, 13586
5772, 1
1103, 2861
6190, 1
1101, 3374
6188, 1
694, 11771
5781, 3
1097, 2924
427, 7340
5514, 1
845, 27613
5932, 2
1105, 2966
863, 14616
1054, 4376
6141, 2
1056, 3975
6143, 1
3196, 6
8283, 2
839, 24455
3195, 3
838, 24722
5925, 2
1102, 3352
2472, 15
115, 1185
858, 14913
223, 8500
5310, 4
1332, 684
915, 6094
6002, 1
98, 4912
910, 7000
109, 53336
895, 8157
415, 9179
119, 2526
5206, 4
974, 9388
6061, 1
980, 9462
988, 9015
1324, 686
2572, 46
215, 968
5302, 5
1338, 435
2559, 15
202, 3790
5289, 1
930, 5641
6017, 1
1350, 547
1039, 4330
1032, 4838
1081, 3497
1028, 5093
954, 6998
413, 7724
1051, 4669
6138, 2
3307, 10
950, 6541
2462, 20
1659, 114
3229, 6
2538, 32
3158, 5
3365, 8
3370, 5
2217, 47
2601, 9
3392, 8
1692, 116
2657, 8
1640, 64
1981, 24
7068, 3
2375, 17
1741, 35
2738, 7
2399, 17
2363, 14
2555, 13
1856, 39
2413, 22
2246, 17
2507, 5
2419, 10
3280, 3
8367, 1
3292, 10
1666, 144
1664, 74
2377, 16
2000, 51
2729, 11
2500, 10
2497, 24
1901, 59
1985, 30
7072, 3
1992, 46
2695, 16
7782, 1
1977, 19
1852, 65
1895, 46
2691, 8
1894, 58
2721, 7
1754, 44
3361, 5
2769, 6
1671, 101
6758, 1
2438, 21
1776, 53
2005, 39
2492, 16
3337, 2
1673, 66
3340, 5
2682, 20
3400, 5
1835, 37
6922, 1
3386, 3
2592, 81
1841, 43
6928, 2
2672, 10
2670, 17
1611, 104
26, 149
5113, 1
2398, 16
3343, 3
1645, 116
2545, 14
2393, 15
3461, 5
3334, 8
1806, 92
2081, 25
1711, 67
2726, 5
3381, 6
1941, 30
3540, 5
2060, 37
1972, 63
2831, 11
2423, 11
2424, 18
2865, 9
2216, 15
1957, 34
2861, 6
1923, 56
1854, 29
1919, 68
3416, 6
2563, 31
2864, 12
7951, 1
1989, 42
3548, 3
3547, 4
1898, 33
2020, 21
2587, 15
1966, 81
3448, 10
2573, 28
1890, 44
2138, 13
2118, 21
2068, 27
3422, 5
3423, 4
3380, 5
1832, 97
2054, 26
2055, 25
1861, 51
6948, 1
1875, 64
2713, 9
1865, 40
1870, 37
1872, 47
6959, 1
2799, 8
2744, 8
1862, 52
6949, 2
3398, 3
1903, 45
2591, 28
3391, 12
2230, 42
3516, 4
2839, 5
2220, 15
1790, 55
2942, 13
1978, 32
2212, 17
3491, 9
1703, 122
2037, 28
1681, 127
1951, 25
2822, 4
2147, 26
2833, 5
7920, 2
3550, 2
1750, 63
1952, 63
3433, 2
2324, 29
2927, 8
1690, 83
2145, 30
7232, 1
2960, 9
1964, 42
2114, 30
1625, 86
3435, 3
2652, 31
1696, 105
6783, 2
1631, 135
3508, 9
2705, 6
2106, 44
2196, 22
2104, 18
3639, 3
1990, 40
3986, 5
3963, 2
3973, 5
1689, 92
1968, 25
2269, 29
3960, 5
3709, 17
3998, 2
3719, 9
1844, 54
1721, 126
2066, 16
2903, 8
3647, 4
2338, 11
2909, 8
2285, 17
2188, 22
3642, 9
3539, 2
2700, 15
1713, 105
2140, 18
3555, 5
1719, 77
2897, 12
2270, 18
7357, 1
2718, 14
7805, 1
2478, 11
2142, 22
2063, 32
2204, 13
1942, 48
2888, 3
2148, 16
2490, 6
2446, 13
3675, 7
2968, 19
3622, 6
2056, 16
2050, 23
2023, 31
3685, 9
2928, 8
2091, 39
3586, 3
2883, 23
2266, 14
2061, 14
1876, 47
2347, 18
2040, 23
2241, 14
2846, 16
7933, 1
2219, 29
2155, 28
3081, 6
1863, 61
2522, 21
2208, 21
7295, 2
2227, 45
3976, 2
3947, 20
3946, 6
3948, 11
3944, 8
1709, 97
6796, 1
1579, 164
2225, 13
7312, 3
1868, 43
6955, 2
2223, 28
1735, 83
3277, 2
3650, 35
3649, 91
3274, 11
3155, 12
3258, 5
3407, 7
3582, 20
3486, 8
3473, 4
3479, 2
3488, 24
3496, 2
3499, 20
3558, 3
3537, 4
3580, 7
3542, 3
3455, 4
3628, 7
3514, 32
3419, 5
3440, 5
3597, 4
3596, 12
3518, 7
3512, 19
3470, 4
3510, 20
3521, 4
4135, 1
3648, 22
3590, 21
3594, 4
3651, 12
3579, 4
1921, 36
3587, 2
3601, 8
4129, 3
3620, 7
3563, 6
3383, 3
3894, 3
2518, 22
1945, 41
2723, 6
1960, 33
3672, 3
2046, 18
7133, 1
2076, 69
1965, 30
2039, 16
1974, 29
1626, 96
2152, 32
2515, 13
2467, 18
2116, 21
2160, 19
7247, 1
2071, 24
2001, 31
7088, 1
2121, 27
1798, 71
2122, 11
2072, 43
3092, 4
2031, 37
1743, 46
6830, 1
2105, 30
1886, 53
2110, 15
3025, 18
3027, 9
3497, 2
2082, 37
2057, 16
2100, 51
1948, 71
7035, 1
3445, 3
3509, 1
2088, 15
2463, 31
2806, 9
3661, 3
2111, 26
1866, 50
2108, 17
1881, 124
6968, 1
2760, 6
2899, 12
2571, 12
3814, 2
2716, 8
2101, 41
2783, 13
2205, 14
2197, 27
2730, 15
2710, 6
2595, 30
4225, 4
3109, 12
3657, 3
3420, 4
3506, 1
3111, 6
3652, 3
2103, 39
3503, 5
3414, 4
3643, 9
2143, 21
3119, 8
3493, 7
3492, 3
3396, 6
3117, 28
2243, 14
2284, 16
2596, 32
2365, 12
3578, 5
3384, 5
2236, 16
3157, 11
3909, 3
2297, 36
2053, 28
2791, 31
7878, 1
2561, 43
3739, 3
3005, 15
2801, 9
2073, 30
3725, 2
3411, 8
2259, 33
3764, 6
2444, 15
3793, 1
2625, 4
2717, 36
2459, 13
2322, 13
3044, 10
3705, 4
3191, 6
2683, 15
3616, 3
2415, 17
2457, 14
2776, 32
7863, 1
2767, 9
2449, 32
2766, 10
3763, 9
2348, 14
2157, 42
2321, 18
3489, 1
2317, 32
2314, 6
2417, 14
7504, 1
2287, 25
2743, 33
3619, 8
3561, 9
3618, 3
2748, 5
2953, 25
2501, 12
2465, 25
3077, 2
2980, 8
2275, 23
2245, 28
2752, 8
3780, 5
2568, 43
2252, 30
3598, 4
3611, 6
2440, 13
2671, 8
3107, 6
3777, 4
3538, 2
2916, 10
2593, 22
2471, 15
3037, 7
2309, 16
2333, 15
7420, 1
3606, 6
3604, 6
2458, 8
3674, 5
3910, 3
3629, 19
3627, 8
3827, 5
2874, 18
3887, 5
2549, 55
2640, 8
2520, 15
2407, 19
2761, 4
2762, 3
3175, 3
2837, 8
3820, 2
2655, 13
2579, 3
3654, 7
3011, 6
8098, 1
3682, 4
2971, 5
2917, 8
3335, 5
3630, 3
2759, 16
2758, 11
3331, 4
3680, 6
3632, 28
3631, 4
2509, 37
2575, 19
7662, 1
2527, 15
2969, 9
2517, 23
3996, 2
3180, 7
2688, 7
3623, 8
3267, 4
3958, 3
3869, 3
3227, 4
3083, 6
3053, 10
1904, 107
3656, 2
2934, 26
8021, 3
3171, 6
2976, 12
2962, 23
2052, 33
3035, 9
3176, 8
3989, 3
2704, 10
2058, 32
3167, 2
2875, 10
2788, 23
3010, 3
3317, 11
2714, 6
2784, 6
2954, 3
8041, 1
1909, 49
3028, 6
3794, 3
3210, 5
1905, 48
3670, 1
2107, 15
3048, 24
3919, 6
3036, 10
3431, 3
2027, 41
7114, 2
2995, 11
2828, 5
3417, 2
3064, 4
3951, 3
2889, 7
3033, 9
2870, 6
7957, 1
3078, 11
2025, 19
3034, 7
3045, 4
3992, 5
3023, 5
2835, 9
3826, 5
3849, 3
3098, 16
2851, 11
3922, 1
2080, 25
3141, 16
1839, 46
3360, 7
3192, 5
3795, 3
3201, 4
8288, 1
3132, 7
3162, 3
3362, 7
2239, 30
3878, 3
2965, 4
2931, 6
2947, 6
2906, 8
4417, 1
3190, 2
4098, 2
4035, 3
3839, 1
4106, 6
4162, 2
3424, 2
2242, 32
3823, 7
1593, 161
3301, 2
1565, 433
4107, 7
3120, 4
2809, 6
4045, 3
3121, 6
1613, 85
4179, 3
2956, 12
2944, 2
3290, 14
3009, 8
4146, 6
3104, 4
2319, 58
3051, 5
8138, 1
3016, 9
3146, 13
4167, 1
3007, 7
3316, 9
3480, 6
4103, 2
1822, 75
2344, 14
7431, 3
3253, 5
3129, 9
3271, 9
3306, 8
3172, 5
2280, 16
3239, 2
3218, 8
3139, 4
8226, 1
3609, 2
3029, 13
3063, 5
3061, 31
2894, 56
2892, 5
2378, 9
2448, 26
2357, 20
3505, 7
3268, 6
2395, 5
4094, 5
3263, 2
1891, 29
3354, 5
4089, 3
1732, 81
3076, 5
3322, 4
3323, 6
1986, 18
3101, 2
3115, 4
3332, 3
3364, 8
2162, 10
3094, 2
3105, 6
3143, 7
3535, 7
3613, 4
2272, 30
3884, 3
4236, 4
2026, 23
1935, 34
7022, 1
3376, 15
4258, 3
3990, 2
3325, 7
1949, 71
3369, 5
2469, 20
7556, 2
3156, 20
2360, 49
3149, 36
3059, 9
2359, 20
3138, 4
8225, 5
3152, 31
3154, 7
2271, 11
2293, 21
7380, 3
4593, 1
2644, 27
3257, 3
3148, 4
1656, 94
1649, 94
6736, 1
2164, 32
4207, 1
4004, 2
2456, 33
7543, 1
1837, 34
2038, 19
4010, 1
3303, 4
3679, 2
2207, 33
2680, 15
2639, 14
4067, 3
2305, 9
2077, 19
3585, 4
3235, 1
3273, 11
2209, 21
4233, 2
3265, 5
3374, 4
2331, 7
3972, 1
2594, 23
3527, 2
3603, 3
3749, 4
1857, 45
3404, 3
2750, 10
2526, 43
4049, 4
2384, 12
2638, 16
4012, 4
2301, 33
3665, 4
3320, 6
2166, 13
7253, 1
3412, 4
4033, 3
2187, 15
2634, 7
4016, 4
4148, 2
3691, 4
4140, 3
1971, 25
4330, 1
4271, 3
4303, 1
2701, 10
3681, 4
4092, 2
3707, 5
4168, 2
3430, 4
2149, 28
2755, 16
3727, 3
2534, 12
4287, 3
4197, 1
2353, 10
2253, 16
3662, 3
3339, 5
4192, 3
1834, 30
3428, 9
2391, 34
2307, 20
3463, 1
4367, 5
2813, 9
2442, 35
3444, 2
4358, 1
4328, 2
3466, 1
3704, 3
3634, 4
2684, 18
3451, 9
2336, 34
2126, 69
7213, 1
3524, 2
4244, 5
2084, 31
3659, 4
3695, 3
4406, 2
2542, 20
3443, 2
2273, 16
4379, 4
2431, 18
2651, 14
2513, 11
3517, 5
3911, 2
2451, 27
2361, 27
4425, 2
3481, 3
3487, 17
1958, 37
2535, 7
3607, 1
2404, 7
3608, 4
3636, 2
3738, 4
3621, 5
2881, 8
2580, 12
4276, 3
2619, 43
2468, 13
7555, 1
1882, 48
4291, 2
2539, 43
3507, 2
2624, 13
3953, 1
2707, 8
2089, 11
2486, 23
2503, 9
3667, 2
3712, 3
2720, 9
1980, 32
4317, 2
3803, 4
3019, 5
3987, 3
2967, 5
3677, 2
2150, 9
4391, 3
4422, 2
3624, 4
2086, 17
2265, 34
4356, 2
4375, 2
2154, 28
3899, 2
2562, 7
2645, 7
2785, 10
4051, 2
4584, 2
2075, 45
4654, 1
3750, 1
4351, 3
2773, 12
7860, 1
2541, 35
3806, 3
3015, 7
4467, 2
4305, 5
2512, 28
1918, 39
2292, 56
7379, 4
4463, 2
4440, 4
2746, 4
3722, 2
3055, 3
3131, 5
8218, 3
2356, 15
2772, 9
4501, 4
3945, 2
4434, 2
3069, 9
2715, 14
2206, 40
3047, 22
2074, 23
2129, 18
4474, 1
2251, 30
7338, 1
2355, 16
2975, 4
3830, 5
2886, 8
2891, 14
2948, 15
3886, 4
4548, 2
4050, 4
2922, 6
2860, 12
4446, 2
2087, 21
2466, 21
4590, 1
2838, 6
4714, 3
2678, 10
4520, 4
2115, 12
2584, 32
2367, 9
2062, 44
2609, 8
2405, 12
4756, 1
2914, 18
2401, 15
2780, 12
7867, 1
2439, 27
7526, 1
2734, 9
2464, 6
1963, 46
4061, 4
3982, 2
2531, 5
2214, 44
7301, 1
2628, 12
2341, 14
3913, 4
2829, 12
4121, 1
4821, 1
3459, 3
3835, 14
3456, 13
3834, 26
3474, 3
3593, 1
3769, 154
3768, 6
3744, 3
3726, 5
3723, 3
3766, 18
3728, 1
3641, 5
3815, 4
3700, 26
3626, 4
3783, 6
3782, 15
3237, 5
3694, 19
3833, 13
3692, 14
3832, 71
3831, 28
3829, 19
3774, 19
3778, 6
3438, 2
3760, 4
3784, 9
3802, 5
4689, 4
2598, 12
3523, 2
2388, 16
2047, 40
2635, 10
2904, 2
3353, 3
2244, 10
2470, 6
2898, 5
3056, 4
3249, 6
2913, 10
4697, 1
3816, 3
2024, 34
7111, 4
3818, 13
3637, 7
2641, 11
4596, 3
3708, 4
3030, 5
4557, 2
2358, 66
2389, 13
2202, 13
2306, 31
7393, 1
2304, 16
3017, 4
2937, 9
3256, 3
4156, 2
3215, 8
2281, 7
4020, 1
2589, 34
2346, 9
2925, 8
4866, 3
2597, 10
3697, 25
4625, 3
3813, 6
3751, 18
3032, 10
3221, 5
2420, 18
7507, 1
3933, 6
4594, 2
2506, 15
7593, 2
2390, 15
3861, 1
3020, 5
2667, 4
3338, 5
3008, 4
2605, 15
2576, 45
2429, 15
3006, 4
4795, 4
3541, 3
2685, 10
4281, 2
2722, 8
4066, 1
4650, 1
3792, 10
3471, 6
2902, 5
3031, 6
2578, 8
3299, 7
3532, 6
4157, 1
4189, 2
3185, 6
3389, 3
4919, 3
3387, 3
3126, 8
3326, 4
2703, 2
3936, 1
3135, 4
8222, 2
2607, 12
3885, 5
3372, 3
3286, 10
3287, 4
3785, 26
3321, 6
3089, 6
2428, 13
4282, 1
4286, 1
2540, 7
3576, 1
2566, 49
3250, 7
2567, 16
7654, 1
2747, 13
3082, 6
3173, 5
4261, 8
3549, 2
3296, 2
2824, 5
2779, 23
3160, 7
2866, 5
3765, 6
3240, 3
3366, 2
4347, 5
3042, 3
4672, 3
2616, 24
3467, 5
3840, 4
4449, 1
3974, 1
2867, 22
4364, 2
3408, 12
3741, 6
3060, 7
3065, 7
2932, 9
3462, 11
4478, 1
3357, 3
2826, 1
4693, 2
3080, 7
4663, 5
4514, 11
4511, 2
4513, 10
3772, 1
3403, 5
3220, 20
4863, 1
3282, 4
3394, 12
4486, 4
4508, 5
3137, 12
4507, 4
3128, 14
4326, 1
3136, 18
2676, 8
3108, 2
4509, 1
3118, 11
8205, 1
3254, 6
4402, 5
4404, 1
3116, 6
3054, 11
3544, 5
3536, 4
4844, 1
4574, 1
4452, 1
4488, 4
4971, 2
3688, 2
5062, 33
3689, 3
3099, 6
4073, 1
3100, 5
3633, 3
2878, 6
4522, 4
2940, 3
2939, 9
1843, 40
6930, 2
4096, 14
2159, 11
3057, 7
4554, 1
4081, 9
3187, 6
3066, 3
8153, 1
3502, 3
2221, 25
3450, 2
2193, 19
7280, 1
3213, 14
3088, 7
3564, 2
3103, 2
3233, 3
3041, 6
3395, 4
2403, 30
2474, 24
7561, 2
3529, 2
3304, 2
3310, 2
3457, 3
3531, 4
3862, 3
2445, 17
4086, 4
4924, 2
3203, 6
3900, 6
3264, 4
3049, 17
3385, 7
4166, 2
3698, 3
3552, 2
3270, 8
3150, 5
3888, 2
2421, 14
4195, 4
2482, 6
3844, 1
4529, 1
4914, 3
2476, 10
3612, 4
2098, 8
3745, 5
3851, 6
3924, 4
3314, 5
4222, 2
3219, 5
3901, 3
4711, 2
3217, 4
2174, 7
3161, 8
4117, 2
3737, 5
3276, 9
3658, 1
4021, 1
4151, 1
2316, 9
7403, 1
5054, 1
4615, 2
1961, 35
7048, 2
4599, 4
3786, 2
4191, 4
4333, 3
3298, 6
4338, 1
3893, 3
5066, 2
3676, 2
3475, 1
4032, 3
3566, 1
3348, 1
4620, 4
3666, 3
4285, 1
1962, 47
3743, 8
2582, 14
3756, 4
3938, 3
4211, 4
2629, 18
3941, 5
4306, 2
2371, 12
3916, 2
4209, 1
4058, 4
4409, 4
3599, 3
4118, 2
3553, 4
3610, 4
3804, 2
4484, 1
4311, 7
3595, 4
2190, 17
7277, 7
4390, 2
3781, 1
3904, 1
4589, 2
3875, 3
3905, 2
4523, 2
3570, 4
3961, 1
3293, 3
3453, 4
2868, 15
5075, 12
4078, 2
4083, 8
4084, 1
4770, 4
3845, 2
4561, 3
4250, 2
3476, 2
2036, 15
4780, 2
3952, 3
4825, 2
2689, 6
4247, 1
4577, 2
4015, 4
4495, 5
3753, 4
3995, 2
4840, 18
3902, 1
4712, 2
2970, 1
4237, 1
2229, 10
4918, 1
3923, 4
3731, 5
3770, 5
3872, 3
2877, 4
4003, 1
2938, 13
4277, 6
4665, 1
4681, 2
4694, 3
4304, 3
2803, 9
4183, 4
2972, 3
4188, 2
4362, 1
4984, 23
4633, 3
3040, 9
4569, 1
2774, 10
4999, 3
2782, 38
2397, 21
4110, 4
3773, 1
4466, 2
4427, 2
2997, 2
1917, 25
2502, 24
2308, 26
3717, 6
3950, 1
2926, 5
2310, 8
3892, 3
4109, 13
4204, 2
4152, 7
2674, 8
4450, 2
2485, 8
3206, 3
3084, 4
3713, 5
4453, 3
4995, 1
3683, 9
2908, 4
7995, 2
2915, 11
8002, 2
3251, 4
3734, 2
3124, 8
4608, 2
4079, 4
2510, 15
7597, 2
4063, 7
4696, 1
2602, 4
2441, 10
3877, 2
2176, 17
3865, 4
4765, 2
4308, 1
2745, 5
4321, 4
2394, 10
4771, 2
4967, 3
4968, 5
3012, 6
2623, 4
7710, 1
4720, 2
4234, 1
4546, 1
3262, 7
3841, 2
2621, 6
7708, 1
4262, 9
2794, 23
2262, 11
4221, 3
3345, 5
3086, 3
3113, 4
3024, 11
8111, 1
3170, 9
3868, 4
5029, 4
3142, 1
4808, 7
2409, 15
3013, 1
4611, 3
4316, 6
3687, 2
2768, 21
2863, 3
7950, 1
2887, 7
3673, 4
4372, 5
2650, 8
2455, 10
4817, 1
4962, 2
2805, 4
7892, 1
2880, 11
4335, 1
2669, 5
2961, 7
4447, 3
4445, 2
2728, 11
4728, 3
2647, 47
2215, 30
3526, 3
2454, 6
2963, 13
2862, 5
4419, 2
3182, 5
4415, 2
3341, 3
4910, 3
4945, 1
2151, 23
4420, 2
2984, 6
3939, 2
4380, 1
3183, 6
2770, 8
4617, 7
4585, 1
4997, 4
3600, 5
4809, 8
2660, 7
3464, 12
3511, 3
4368, 1
3556, 3
2929, 4
3368, 6
3449, 3
3822, 5
4602, 2
3159, 4
4370, 6
2943, 7
2992, 4
3278, 4
2996, 5
2599, 12
3308, 4
3866, 2
2519, 14
4718, 2
3410, 5
2990, 5
2396, 17
3318, 6
2989, 3
4635, 3
3500, 6
4493, 5
4922, 19
3907, 3
5000, 5
3342, 8
4954, 1
3767, 3
2508, 11
3446, 5
4439, 3
3272, 15
3266, 2
2633, 10
4431, 5
4492, 5
4550, 2
3921, 2
2952, 14
3706, 5
2930, 10
2665, 11
3870, 1
4936, 3
4899, 1
4570, 2
5073, 6
4943, 4
4942, 2
3223, 8
4604, 1
3236, 3
3214, 8
3255, 2
3125, 2
8212, 1
3441, 5
4802, 1
3181, 3
3309, 2
3965, 6
2777, 6
5078, 1
4792, 1
4833, 3
3346, 6
3413, 3
4662, 2
3377, 5
4785, 3
4891, 2
3198, 7
2827, 6
3484, 9
3485, 3
3405, 3
2919, 2
3401, 2
3315, 9
4632, 3
4828, 3
4667, 4
2885, 8
3852, 6
3123, 5
3333, 4
4987, 3
2920, 11
3447, 14
4057, 4
3577, 1
3703, 1
3026, 3
5031, 2
3313, 11
3134, 4
5082, 3
2437, 15
3729, 2
5024, 2
4091, 4
3295, 4
4099, 2
3356, 3
3371, 3
3495, 3
4224, 5
4824, 1
4788, 3
5026, 2
5012, 4
4272, 4
3807, 1
4766, 5
4344, 3
3801, 1
2719, 5
2737, 7
2712, 5
7799, 1
3891, 14
4951, 13
4953, 3
4948, 2
4437, 11
4007, 4
4044, 3
3927, 1
3319, 1
3543, 2
2653, 24
4280, 2
4260, 4
2656, 4
3478, 3
4255, 7
4629, 2
4748, 5
4923, 150
4826, 1
4813, 2
4819, 1
4836, 1
4839, 13
4898, 1
4880, 2
4877, 3
4920, 1
4883, 1
3349, 3
4854, 26
4760, 2
4782, 1
4937, 2
4801, 1
4983, 20
4986, 27
4939, 8
4861, 5
4985, 3
4930, 18
4867, 2
4934, 3
4037, 6
4977, 5
4917, 5
4249, 1
4938, 4
4988, 44
4989, 28
4960, 9
4497, 6
4071, 1
4957, 1
4231, 2
4998, 6
4216, 7
4382, 4
4217, 5
4214, 2
3483, 5
4378, 4
4226, 4
3912, 5
5034, 1
4907, 2
2235, 6
2884, 1
3981, 3
2836, 7
2945, 2
2810, 6
4055, 2
3021, 6
2804, 5
2735, 9
2966, 4
3985, 1
5007, 2
4588, 3
3166, 3
4612, 2
4846, 3
2354, 8
4651, 3
2453, 21
5084, 1
3964, 4
4290, 4
4208, 2
4701, 1
4580, 1
3038, 2
4619, 2
3095, 5
3378, 5
3388, 3
3212, 4
3046, 20
2876, 12
2974, 6
8061, 1
3426, 11
2611, 7
4297, 4
4979, 1
2574, 17
4334, 3
4265, 2
4122, 2
3232, 5
2764, 13
4241, 3
3551, 3
4469, 2
4902, 2
3482, 4
3087, 3
3058, 6
4603, 1
2843, 12
4159, 2
4506, 2
4384, 2
2586, 4
4388, 3
5023, 21
4537, 1
5020, 14
5022, 1
2893, 6
3605, 5
2949, 5
4626, 2
3615, 2
4719, 1
4538, 4
3382, 6
3351, 1
3327, 5
4377, 3
3202, 19
3693, 2
4187, 1
3050, 6
4800, 2
2923, 4
3819, 1
4331, 2
3678, 2
3589, 2
3288, 2
3336, 3
3347, 8
4309, 2
3546, 4
3248, 4
4666, 2
4717, 1
5033, 2
3344, 2
3425, 3
8512, 1
4253, 1
4637, 1
5042, 2
4429, 1
3436, 1
3363, 29
3244, 3
4636, 2
4498, 2
4499, 4
4500, 5
3584, 7
3690, 2
3776, 2
3732, 3
3144, 5
3355, 4
2433, 8
7520, 2
3153, 17
3715, 2
4848, 1
3575, 2
4341, 2
3853, 2
3439, 3
4855, 1
3469, 3
3602, 3
3245, 3
3329, 15
4774, 1
3324, 4
4862, 1
4598, 1
4600, 2
3312, 8
3228, 8
3226, 14
3224, 40
4442, 1
3614, 3
4990, 2
4966, 1
3294, 6
4421, 1
3501, 4
4769, 7
4803, 5
3569, 4
4541, 3
3522, 2
4729, 1
3915, 7
4634, 1
3969, 2
3330, 3
3771, 1
3504, 5
3858, 2
3359, 5
3798, 3
3943, 2
4905, 2
3534, 1
5044, 1
4583, 1
4763, 3
4630, 1
2798, 8
2797, 8
3855, 3
4088, 3
4901, 2
4904, 8
3724, 1
3591, 3
3930, 3
4755, 4
3999, 1
3736, 5
4822, 1
3635, 2
4815, 1
4764, 3
5068, 10
4874, 1
4688, 8
4687, 1
4894, 4
2873, 8
7960, 3
4708, 2
4761, 1
3854, 3
3898, 2
2583, 10
4858, 4
5011, 1
4959, 1
2577, 11
4686, 1
4000, 2
4001, 4
2659, 8
4703, 2
3867, 3
3836, 1
3644, 5
4310, 2
4161, 1
3825, 1
4789, 3
4790, 2
3978, 3
2661, 14
3710, 1
3799, 1
4024, 3
4268, 1
4175, 3
4252, 2
4123, 3
4065, 2
4961, 11
3000, 5
2679, 11
3018, 3
5010, 1
2351, 18
4289, 1
4324, 1
3838, 2
2335, 7
5067, 3
4227, 3
3859, 3
4895, 1
3980, 2
2606, 6
4036, 2
3230, 3
5079, 1
2171, 13
2663, 4
3903, 1
4170, 2
2731, 9
4531, 2
2668, 7
4030, 2
4138, 1
2261, 16
7348, 1
2823, 6
7910, 1
5065, 3
4171, 1
2658, 8
2489, 17
4399, 1
4991, 4
4353, 1
2554, 41
3243, 7
4565, 2
4483, 1
4540, 1
4155, 1
4181, 8
4077, 6
4235, 1
4468, 3
2600, 9
4517, 3
2504, 17
4597, 1
3406, 2
3458, 7
4238, 2
3234, 2
3289, 1
2740, 3
4741, 3
4323, 3
3133, 4
4172, 1
4725, 8
5060, 10
5037, 3
5038, 28
3259, 5
2807, 4
3114, 2
4668, 1
2662, 12
3091, 3
4664, 1
3093, 3
4534, 1
2910, 7
3311, 4
4528, 2
2436, 12
4459, 14
2499, 8
3519, 6
4576, 2
4471, 1
4547, 4
4751, 2
4606, 2
4571, 1
4733, 1
4952, 2
4739, 2
4935, 1
2815, 4
3106, 6
4738, 3
4660, 3
4736, 2
2890, 2
5041, 3
4702, 1
2733, 20
4174, 2
2817, 4
4239, 1
4870, 2
5070, 2
3102, 1
2957, 1
5009, 1
3617, 3
3983, 3
2789, 2
7876, 2
3437, 2
4360, 2
5071, 1
2787, 7
3284, 3
3279, 2
3281, 4
4116, 3
3071, 1
4436, 1
3562, 6
3790, 1
3809, 2
2749, 2
2985, 3
4428, 1
2516, 22
3824, 2
2778, 6
3848, 2
3755, 2
3805, 3
3889, 5
3787, 7
4206, 2
4373, 1
4074, 3
4072, 7
4313, 2
3847, 1
2800, 7
7887, 1
4149, 2
4257, 2
2790, 27
3418, 1
3168, 3
3956, 8
3664, 1
4153, 1
4104, 2
4283, 1
4009, 2
4568, 2
3994, 1
3896, 2
3588, 3
2617, 22
3762, 6
4047, 1
4040, 2
4218, 2
2757, 7
7844, 1
3908, 1
4832, 1
4080, 3
5019, 2
3660, 3
4243, 1
3740, 5
4185, 2
4300, 2
4618, 9
3821, 1
3797, 1
4022, 3
4019, 4
2627, 5
4461, 1
3208, 4
4992, 1
4131, 2
4628, 3
3409, 5
3358, 4
8445, 2
3860, 2
4184, 2
3638, 2
3718, 4
4342, 2
3789, 1
3043, 5
4196, 2
4773, 2
3246, 1
3242, 2
3757, 3
3127, 3
4141, 2
3379, 2
3962, 2
2964, 6
3942, 1
3684, 2
3390, 10
5046, 1
3188, 2
4169, 1
2994, 1
4473, 1
4266, 1
3177, 2
3949, 1
4671, 1
4950, 3
3871, 2
3434, 4
4746, 1
3300, 1
4458, 1
3874, 1
2924, 4
3931, 1
4806, 3
4312, 1
4627, 4
4555, 1
5051, 5
4816, 1
4245, 4
4882, 4
3399, 1
2921, 2
2935, 2
4527, 2
3305, 1
4734, 1
4126, 1
3004, 5
4745, 1
3559, 2
2879, 5
4387, 1
4605, 2
4143, 3
4301, 1
8101, 1
3393, 8
4740, 2
2958, 2
4451, 1
5055, 1
4638, 3
4963, 3
3742, 3
