9029, 1
8387, 1
12847, 12
8379, 1
8311, 6
12825, 19
12824, 12
9194, 6
12674, 1
8694, 6
9085, 7
12829, 8
14466, 1
12649, 1
8161, 2
7445, 2
8658, 4
8636, 5
7633, 3
8542, 3
13246, 2
8581, 8
9008, 3
8550, 1
7937, 1
8593, 1
12666, 6
9079, 4
12774, 1
12602, 1
13140, 2
8508, 2
14354, 2
14415, 5
12563, 3
8384, 1
12629, 2
14679, 1
8653, 3
8287, 4
12559, 20
12557, 11
7614, 22
12891, 2
8624, 1
13179, 7
16052, 1
12941, 2
12920, 1
12565, 9
14422, 1
8050, 1
8150, 19
8232, 8
12586, 4
8719, 1
8294, 1
13235, 1
13321, 1
8842, 1
8894, 1
12725, 1
12604, 10
4868, 29
382, 356
10655, 6
4932, 73
8828, 21
4670, 71
2501, 423
2636, 304
2376, 895
705, 423
10978, 7
2946, 813
9246, 13
4934, 63
2344, 1041
2908, 247
2492, 1171
2885, 343
8643, 24
8606, 11
3682, 259
8731, 4
8758, 4
8757, 3
8778, 1
8779, 1
9151, 4
8592, 10
8584, 2
4948, 95
4935, 105
4953, 102
4939, 84
4861, 62
4987, 108
9094, 3
928, 105
9217, 5
4151, 277
4095, 129
4201, 218
5024, 110
4344, 101
4341, 99
4342, 219
2846, 213
4351, 130
5028, 75
4315, 271
5031, 76
4186, 154
4191, 102
4330, 122
4301, 202
4298, 68
4338, 147
4322, 298
3924, 128
4067, 272
4370, 100
4972, 121
4372, 277
4379, 259
8980, 2
4386, 102
4098, 177
4356, 215
4355, 435
4976, 126
4080, 81
488, 275
2484, 1076
3991, 159
5018, 64
9213, 5
4126, 89
4048, 55
4081, 84
4141, 119
3992, 161
3906, 128
3694, 497
3877, 260
3923, 130
3695, 145
3870, 219
4162, 219
3301, 365
3641, 196
9093, 6
4006, 303
3314, 421
4018, 97
3462, 294
3865, 270
3673, 257
4109, 99
3843, 167
3910, 180
3193, 246
4364, 321
3106, 143
3409, 467
3912, 258
3726, 609
3909, 180
3714, 194
3904, 94
14177, 2
2972, 177
3746, 212
970, 2476
2687, 101
8928, 11
9269, 2
9204, 3
8926, 18
2707, 453
2505, 559
12778, 2
9002, 4
8898, 1
3338, 287
3345, 757
3364, 180
3723, 182
4747, 124
960, 2280
9277, 73
4753, 51
808, 1453
11081, 3
8799, 1
3459, 364
2415, 748
8847, 7
3390, 512
3464, 227
8949, 1
2670, 266
3371, 337
2988, 98
965, 1383
3381, 478
3415, 1459
9575, 2
3321, 968
3368, 305
3411, 1041
8525, 11
3689, 248
3408, 366
3346, 307
3340, 525
3348, 397
3283, 600
3326, 716
2997, 175
3341, 250
3410, 883
3395, 374
3155, 138
3189, 272
3171, 156
3676, 300
3182, 268
3196, 331
3140, 168
3037, 212
3147, 169
2838, 197
3161, 308
3163, 311
4721, 210
3012, 147
3145, 201
3651, 576
88, 908
10361, 1
3402, 761
8489, 8
2894, 237
3061, 394
13334, 2
4183, 54
2880, 369
2797, 184
2824, 358
2974, 195
2855, 703
2878, 164
3058, 485
3107, 181
3005, 158
3003, 133
2483, 554
4650, 62
3528, 375
3516, 470
3537, 562
3195, 198
3490, 523
3451, 377
3143, 207
3141, 176
3498, 926
3190, 412
3184, 179
9279, 8
3199, 218
8775, 4
2426, 1023
796, 505
11069, 9
359, 307
3310, 299
4107, 131
2806, 252
2727, 408
2986, 282
8073, 6
2977, 112
8064, 16
8053, 16
2753, 83
3874, 382
3896, 531
3820, 186
807, 370
2596, 505
2603, 375
3795, 324
5672, 213
2515, 849
2513, 949
427, 550
10700, 8
3794, 131
14067, 1
3717, 521
3661, 347
3229, 182
2333, 784
12606, 8
7918, 21
2375, 667
12648, 9
3401, 910
8424, 12
3337, 503
7529, 18
7810, 7
2451, 1172
7832, 45
8288, 5
3378, 180
3503, 834
13776, 1
3501, 1172
3531, 464
7843, 113
3481, 459
562, 604
299, 1317
7976, 13
7471, 13
894, 304
8003, 16
3542, 472
3417, 1336
3380, 285
3372, 806
3376, 724
3329, 334
3349, 333
3086, 271
3216, 215
3476, 217
3330, 330
3361, 684
2686, 225
2639, 349
2758, 246
2641, 323
3336, 453
3119, 516
3120, 420
3362, 255
3629, 597
2837, 266
2850, 314
2849, 317
2726, 361
2993, 331
3030, 444
3220, 356
3102, 369
3022, 349
3104, 129
3101, 93
946, 744
933, 232
8022, 24
5482, 163
2762, 125
3114, 163
9326, 56
9235, 5
8743, 3
4106, 245
9193, 2
2853, 507
3187, 237
2828, 201
2701, 350
9240, 1
9131, 3
9118, 10
9190, 1
9089, 3
9046, 46
9164, 2
9019, 25
9218, 5
9005, 11
9106, 3
4054, 112
9141, 72
9119, 1
8862, 2
3754, 256
8841, 16
9325, 2
4475, 85
9572, 3
4485, 743
4471, 75
4484, 160
4699, 48
8701, 42
3466, 423
8553, 3
4565, 264
4631, 116
4287, 97
4669, 23
414, 475
10687, 1
4329, 304
961, 2066
4376, 108
872, 2016
9237, 15
4150, 124
2763, 215
4132, 139
4334, 493
4353, 233
792, 1016
4365, 77
4383, 664
9209, 8
4122, 67
4357, 319
4384, 520
4395, 92
4266, 86
4362, 61
4096, 118
4295, 160
9129, 2
4042, 78
4288, 615
8789, 1
3702, 386
4314, 105
4312, 187
4316, 139
3979, 301
4347, 100
3942, 92
4354, 112
3926, 182
4253, 79
4264, 77
3935, 262
3890, 272
3889, 251
3827, 367
8917, 6
3830, 189
3933, 51
9031, 2
3944, 240
2947, 464
8034, 37
3809, 179
8217, 22
3952, 286
3388, 367
3742, 161
8019, 23
2932, 179
2957, 323
3987, 164
14260, 2
3279, 208
8673, 7
3586, 375
4229, 175
3606, 368
4202, 66
8680, 14
3593, 643
13866, 5
2848, 404
3313, 450
3312, 1076
3103, 154
3483, 307
3738, 140
3480, 219
13753, 1
3698, 327
4110, 437
5231, 169
144, 518
3449, 453
13722, 21
3440, 353
892, 1009
2391, 417
7478, 48
2356, 479
7443, 12
7454, 18
2235, 1884
7322, 59
7290, 23
3540, 238
4566, 158
4447, 186
4739, 38
3826, 220
14099, 1
4741, 66
4742, 318
5014, 68
4996, 140
4874, 85
4660, 64
4974, 180
4984, 193
4971, 72
4705, 84
4945, 120
4611, 186
3293, 369
4944, 70
581, 1867
7394, 13
7820, 15
542, 2894
7805, 7
822, 442
793, 993
816, 742
912, 129
11185, 7
8147, 8
8000, 21
2640, 176
12913, 3
7997, 37
2914, 509
8001, 18
4703, 81
2673, 217
4697, 71
2587, 485
2586, 721
4690, 856
4720, 527
4692, 48
8176, 4
4724, 168
4921, 88
2944, 188
8031, 6
7876, 24
7891, 5
7864, 4
4924, 122
7877, 48
4848, 119
8077, 3
4826, 47
2540, 697
7627, 18
3092, 283
4804, 31
2798, 314
13071, 2
7885, 10
4812, 70
4789, 122
5537, 92
4803, 55
9109, 64
4022, 207
4842, 54
3387, 458
3194, 382
667, 12075
10940, 3
3115, 119
4320, 70
4756, 45
4744, 53
4754, 33
4764, 288
4735, 49
3744, 314
3036, 184
4768, 100
4678, 71
4740, 25
4679, 65
4680, 74
4729, 71
4242, 163
2904, 252
3290, 250
8074, 21
2987, 199
4589, 71
2688, 182
12961, 2
2996, 298
4599, 135
4601, 102
4604, 95
4813, 39
4844, 65
4828, 69
4610, 225
4620, 176
3352, 388
4823, 206
4827, 34
4600, 313
4171, 209
9243, 3
4156, 126
4245, 142
2252, 1781
4283, 111
4585, 68
4583, 45
4633, 127
9253, 335
4166, 104
4642, 47
2352, 843
4294, 305
4560, 96
4507, 121
4276, 157
4001, 64
5057, 117
4102, 159
4101, 207
7963, 8
2876, 336
4651, 66
4310, 142
4352, 128
4270, 199
4308, 226
4307, 139
4657, 62
4304, 207
4665, 125
3343, 567
2938, 350
2929, 362
2925, 182
2827, 211
2833, 413
4518, 268
913, 140
11186, 1
4687, 365
876, 3071
505, 182
5592, 694
8107, 7
2383, 1455
2434, 690
457, 218
5544, 758
7428, 4
2341, 1101
2359, 1208
2535, 1443
4737, 118
4313, 261
7791, 97
8076, 3
170, 393
87, 2162
4608, 63
5236, 127
149, 999
4837, 83
4286, 170
5589, 946
502, 388
336, 432
111, 2146
9187, 1
4100, 49
795, 784
5882, 95
3452, 591
3198, 454
8285, 16
5988, 21
901, 276
906, 225
11179, 2
3608, 375
731, 822
5818, 29
5578, 62
3181, 274
8268, 67
528, 9982
10801, 4
5615, 124
3296, 550
3297, 531
3432, 657
3383, 328
5504, 288
417, 1368
623, 632
274, 9908
10547, 1
403, 542
5481, 295
394, 332
10667, 1
5506, 252
419, 922
451, 123
8805, 1
3718, 246
8807, 3
3720, 248
2669, 103
3491, 422
8559, 2
3472, 431
3699, 682
3703, 376
2699, 425
3701, 538
3693, 427
2693, 370
8556, 6
3469, 472
3708, 288
3418, 384
3684, 355
13957, 3
3685, 222
3704, 595
904, 251
2783, 436
3066, 131
5225, 109
138, 1341
2559, 781
2562, 673
2568, 492
2994, 125
2930, 505
2476, 1016
3001, 335
8113, 28
3026, 344
2749, 199
2754, 246
2511, 762
2969, 281
5667, 441
580, 2281
10853, 1
3124, 218
3495, 552
4526, 229
2976, 135
3236, 262
3212, 255
2928, 263
3339, 368
8608, 38
3521, 240
3332, 622
3180, 180
2961, 223
924, 129
2566, 503
2473, 654
2454, 808
12727, 1
2668, 520
3599, 85
6010, 674
923, 104
1005, 432
2512, 1052
12785, 1
2525, 1048
2645, 195
2179, 2223
7705, 19
2618, 517
2550, 707
2560, 692
2557, 755
3645, 298
790, 614
2583, 1086
880, 1336
346, 455
5433, 148
5648, 233
561, 1158
3573, 242
2563, 563
2304, 1042
12577, 3
2538, 1139
2576, 501
5871, 469
784, 394
729, 445
3566, 514
2579, 526
2531, 590
420, 1189
2627, 703
2556, 552
3550, 319
910, 120
11183, 8
597, 6659
10870, 43
5510, 559
423, 263
832, 521
1002, 290
3997, 163
5458, 346
381, 573
5468, 236
2541, 572
3539, 544
2519, 1027
12792, 5
947, 986
6034, 346
5708, 299
621, 985
5876, 126
789, 685
5461, 429
7447, 14
2360, 1362
2145, 3075
12418, 1
2502, 969
8600, 6
3513, 677
3359, 616
3327, 285
2277, 1042
5488, 231
401, 277
10674, 8
717, 512
5804, 68
749, 4753
11022, 2
714, 547
936, 411
6023, 809
385, 653
370, 191
5457, 181
3252, 315
909, 132
3218, 525
3324, 736
146, 70561
5233, 236
7496, 394
2409, 1086
3360, 489
442, 206
10715, 1
3138, 195
3121, 323
889, 776
891, 1704
3029, 249
3067, 299
3055, 207
699, 773
10972, 1
3071, 303
8068, 11
2981, 567
3034, 95
13307, 1
723, 1172
4767, 288
3047, 179
8027, 19
2940, 817
2939, 220
3032, 226
746, 817
11019, 10
3045, 375
3048, 312
3015, 693
13288, 1
2982, 200
2872, 180
2877, 356
2874, 183
13147, 3
2984, 96
2858, 348
2792, 266
2840, 279
2729, 243
2725, 336
2742, 234
2743, 336
13016, 3
7931, 1
2844, 251
2852, 633
2845, 892
13118, 3
426, 417
10699, 3
2955, 173
8070, 57
2983, 263
2952, 205
2931, 415
2899, 280
2809, 414
4997, 93
8052, 10
2965, 127
2778, 166
2779, 162
2964, 211
3009, 510
4964, 101
2780, 411
7681, 25
2594, 621
2480, 1046
2588, 790
2589, 499
2590, 886
2592, 829
2782, 620
7636, 21
2549, 1448
2551, 766
825, 262
2630, 401
2552, 451
2546, 905
2553, 1015
12826, 3
2631, 427
2633, 340
2785, 490
2516, 784
2474, 808
2462, 869
2616, 786
2558, 570
2543, 615
2634, 425
7722, 5
2635, 881
4830, 52
5415, 404
328, 549
10601, 1
5427, 274
340, 127
10613, 4
966, 2195
6053, 196
310, 531
10583, 11
5394, 123
307, 606
3054, 194
3046, 281
5975, 1136
2392, 712
770, 572
5857, 103
6004, 53
421, 634
988, 475
6075, 75
360, 244
136, 192
794, 784
5881, 44
945, 1186
676, 538
5763, 262
5232, 351
145, 136
5084, 143
4290, 105
4273, 96
718, 443
5485, 168
4454, 49
4289, 285
4495, 34
4124, 163
4441, 151
4274, 151
4275, 339
4456, 70
4135, 157
5459, 344
2214, 1992
4133, 134
4116, 133
2194, 1885
2284, 1312
4160, 223
4219, 59
2281, 1765
4092, 214
4167, 95
4393, 66
4463, 81
9191, 1
4104, 72
9040, 50
3953, 476
4154, 133
7827, 37
2740, 671
2709, 256
4461, 62
4460, 48
3919, 163
4039, 124
4027, 66
3920, 223
4517, 183
4123, 188
2716, 244
2241, 1820
12514, 4
4046, 89
3883, 145
3999, 244
3881, 268
3886, 264
4045, 186
3888, 181
3892, 153
801, 244
11074, 2
9224, 1
4137, 203
4453, 123
4452, 121
4455, 242
4120, 78
9312, 22
4225, 93
3970, 203
3596, 596
3972, 407
4490, 35
8663, 7
3576, 339
9245, 3
4158, 105
4073, 144
4211, 157
3110, 209
3616, 554
4079, 170
3448, 510
4412, 240
4319, 159
4185, 121
3465, 394
13738, 3
3842, 353
8927, 10
3840, 296
3866, 572
3484, 596
3860, 132
3487, 579
3647, 250
3355, 608
3353, 398
3832, 297
3845, 232
3635, 721
3455, 536
4227, 195
3854, 556
3916, 160
9153, 4
4066, 124
4450, 83
9156, 7
4069, 183
9180, 1
4093, 172
3533, 719
2859, 268
3344, 354
3615, 230
8762, 1
3675, 249
8670, 1
3583, 465
13856, 18
3088, 182
3087, 363
3065, 78
3078, 170
3750, 166
3260, 545
2953, 78
2875, 267
13148, 2
3373, 472
3241, 494
3240, 588
3759, 210
3238, 315
3243, 402
3234, 551
3231, 388
3232, 276
8151, 6
3064, 156
3489, 1010
3535, 517
3160, 171
8310, 3
3223, 311
3525, 193
3510, 412
13783, 3
3739, 281
3527, 324
3529, 576
4494, 90
4534, 408
4530, 171
4451, 58
4506, 238
4509, 247
4373, 353
4346, 90
4444, 197
4551, 714
3715, 216
2866, 460
4442, 65
4435, 137
4411, 62
4549, 100
4426, 122
4525, 148
4468, 76
4510, 70
4671, 99
3004, 237
9321, 9
4234, 118
4540, 109
4536, 254
4532, 107
3797, 389
4486, 116
4458, 95
4511, 124
4544, 84
4546, 258
4543, 77
3737, 164
4547, 118
4542, 247
4538, 98
3486, 1129
13759, 1
3725, 402
3467, 840
4449, 93
4443, 88
4539, 44
5547, 309
460, 160
456, 444
506, 214
531, 616
495, 524
536, 216
4519, 528
4521, 147
4552, 325
4529, 268
5464, 109
377, 363
4421, 61
4380, 183
4371, 376
3096, 212
4554, 271
4550, 430
4545, 85
3711, 361
3365, 310
6058, 108
971, 1960
11244, 1
4176, 67
4557, 351
9225, 4
4138, 173
4139, 381
4558, 337
2374, 837
4556, 226
4559, 80
2314, 1836
7754, 7
2667, 566
2620, 247
2632, 337
2578, 740
2638, 533
5385, 168
298, 2064
2644, 437
2646, 635
12919, 1
2672, 288
2524, 1007
2523, 552
2561, 619
2534, 722
2430, 1082
2452, 1000
2506, 1823
2416, 671
12689, 1
2142, 3364
2445, 666
5530, 252
443, 166
10716, 11
2648, 279
2440, 1025
2438, 1014
2166, 1980
777, 856
11050, 3
722, 604
2494, 575
703, 820
7504, 40
2417, 817
2570, 844
2420, 1128
2065, 6080
487, 347
10760, 2
700, 561
5709, 681
622, 835
5306, 214
219, 906
10492, 4
698, 718
2288, 1618
12561, 2
2274, 1133
5068, 52
2413, 1174
2303, 965
2278, 1245
2187, 3005
51, 615
10324, 7
5138, 80
802, 727
884, 2623
7490, 17
2403, 1011
2216, 1771
12489, 13
2243, 1880
2263, 1425
2228, 2370
905, 257
2287, 1444
2472, 631
934, 287
2250, 2307
662, 80898
10935, 8
5588, 177
501, 585
10774, 1
5393, 124
306, 586
708, 517
2508, 797
4709, 49
2522, 821
2599, 393
5439, 165
352, 468
817, 767
11090, 11
4099, 89
2574, 808
2184, 2995
551, 998
2202, 2205
2135, 3193
12408, 11
584, 1458
10857, 6
589, 1621
10862, 7
2113, 3285
428, 361
5036, 33
4480, 104
3884, 224
805, 565
2146, 2666
12419, 4
2507, 731
2509, 1090
4469, 49
2231, 1548
387, 613
5860, 176
773, 680
11046, 4
2108, 5646
2520, 791
2443, 493
2573, 659
2495, 678
2043, 7121
788, 456
11061, 6
5731, 149
644, 1018
2199, 1954
809, 2350
4478, 166
5062, 88
2517, 565
5440, 202
353, 400
2058, 6102
12331, 1
351, 10437
5448, 751
361, 238
5678, 334
591, 1611
618, 853
4474, 118
4440, 313
2564, 730
7487, 155
2400, 1184
7617, 23
2530, 494
2132, 3607
12405, 1
590, 1090
384, 808
2545, 594
2461, 1171
7620, 2
2533, 817
2370, 687
4464, 97
2358, 1386
390, 136
10663, 1
655, 2081
10928, 4
2322, 883
2325, 895
2301, 2231
2291, 1146
2339, 1303
2353, 1127
2293, 1889
4979, 100
7450, 7
2363, 540
887, 3174
2338, 1595
12611, 3
2496, 882
7392, 20
2305, 1485
2343, 1204
2490, 525
4422, 466
2182, 1998
4408, 136
4975, 152
2334, 471
7441, 7
2354, 928
6093, 261
1006, 400
922, 172
4433, 77
994, 588
4446, 227
6097, 389
1010, 400
11283, 1
2498, 1139
208, 10570
10481, 3
5029, 80
86, 1370
10359, 2
522, 2035
5065, 95
995, 598
2104, 4702
2306, 1122
778, 514
5001, 834
2116, 3769
7320, 5
2233, 2182
4230, 217
2190, 2561
3994, 182
471, 553
5004, 211
2345, 1065
4982, 122
4983, 80
4967, 79
4962, 125
4970, 378
74, 522
532, 1904
10805, 7
529, 785
10802, 7
4966, 57
2298, 1581
12571, 4
2294, 1548
4282, 114
345, 356
10618, 104
4968, 123
797, 340
11070, 6
4989, 49
4911, 55
4806, 54
4808, 76
4805, 37
715, 531
4991, 71
9158, 52
4071, 142
799, 1406
4075, 204
2069, 5644
6056, 161
969, 3188
5009, 102
5045, 74
5047, 80
4990, 103
986, 886
11259, 4
4014, 137
435, 188
2143, 2553
12416, 4
4738, 35
4950, 164
813, 709
9054, 24
3967, 211
4922, 43
5074, 76
4936, 75
4708, 119
4013, 131
4748, 172
4938, 38
434, 870
10707, 2
4291, 139
2544, 707
4003, 481
9052, 16
3965, 221
4933, 92
5046, 50
3878, 407
9051, 5
3964, 200
4706, 22
5037, 83
8978, 4
3891, 277
3752, 399
544, 341
745, 622
217, 796
10490, 2
3911, 234
4717, 60
4693, 134
828, 529
3690, 559
3817, 341
4713, 16
3824, 261
3654, 549
3823, 159
4677, 49
3652, 478
3653, 394
3657, 312
3658, 346
3790, 240
3649, 389
3663, 224
742, 999
3648, 514
13921, 1
3781, 447
9030, 1
3943, 126
3646, 327
3399, 732
3379, 411
3776, 390
3557, 359
3806, 192
2898, 219
3416, 1165
3808, 249
3802, 430
3304, 663
3787, 383
3585, 260
3405, 434
4672, 99
3404, 471
3581, 584
13854, 7
3897, 324
4727, 36
4726, 43
4728, 71
4731, 61
4655, 77
4063, 69
4736, 57
4745, 55
4504, 239
4746, 136
4770, 42
2815, 328
3796, 166
3095, 402
3094, 172
3085, 182
3084, 221
3721, 354
2819, 349
3230, 255
3719, 394
3263, 288
3257, 341
3233, 177
3253, 458
3724, 456
2378, 633
3192, 293
3250, 235
3248, 177
3080, 238
3249, 183
3508, 516
8604, 6
3517, 385
3496, 504
3493, 335
3176, 181
3239, 312
3512, 786
3504, 702
539, 748
10812, 2
3492, 555
3488, 423
3731, 372
3509, 393
882, 884
5662, 145
575, 793
8598, 17
3511, 556
3502, 453
5082, 57
5048, 109
5000, 406
6018, 352
931, 110
5841, 141
754, 684
4890, 198
5713, 598
626, 363
10899, 3
4919, 87
4914, 90
4940, 14
5077, 152
3298, 635
871, 1997
11144, 1
869, 2011
852, 820
3125, 223
4985, 242
5007, 70
4978, 93
4954, 123
4969, 324
5064, 60
5070, 58
5055, 462
3319, 354
3454, 261
3077, 272
2927, 177
5083, 54
4345, 118
4200, 341
5033, 71
4993, 106
5027, 37
5005, 40
5058, 48
5076, 21
4179, 95
5075, 77
131, 314
4285, 58
4011, 245
4992, 290
600, 5520
10873, 11
5079, 50
3335, 214
508, 653
533, 2426
538, 631
5059, 55
593, 1137
10866, 10
5061, 130
596, 7706
10869, 28
5067, 68
5498, 459
411, 503
5449, 695
362, 248
10635, 1
4963, 50
4965, 62
5466, 316
379, 354
10652, 1
3256, 249
4960, 136
4843, 79
4918, 150
3637, 643
3053, 271
2433, 730
12706, 3
4252, 54
3905, 150
6077, 62
990, 702
2933, 136
462, 373
6031, 152
944, 953
98, 39
5185, 130
2881, 326
2865, 401
13138, 1
4711, 80
4673, 47
4674, 132
4682, 65
96, 163
10369, 2
5183, 230
8095, 20
3008, 327
3213, 304
2722, 424
3172, 233
2795, 226
841, 1093
3316, 702
7834, 63
2747, 276
6059, 133
972, 2380
5184, 74
2761, 501
2703, 534
2732, 334
812, 379
2697, 238
3023, 335
3175, 593
2720, 667
2748, 351
2774, 206
2713, 191
12986, 1
2615, 375
3152, 124
2614, 661
2731, 363
3185, 284
2692, 245
2666, 511
2719, 302
5422, 216
335, 1460
10608, 1
2999, 360
5837, 546
750, 2787
695, 894
3165, 410
2453, 784
2457, 771
7833, 53
2746, 216
3191, 292
2714, 118
2649, 779
2456, 1194
2691, 239
2942, 390
8066, 17
2979, 337
2886, 331
2794, 452
2992, 333
2331, 796
2478, 998
2449, 470
7542, 70
2455, 766
2111, 4763
2101, 4397
2201, 2449
2191, 2536
2609, 944
2446, 768
2464, 1434
12737, 2
2465, 1354
2467, 948
2471, 975
2131, 3722
76, 740
165, 5069
10438, 7
5234, 575
147, 241
10420, 6
5503, 149
416, 2822
5502, 629
415, 1153
10688, 11
5182, 102
95, 1668
10368, 5
110, 1476
5197, 80
3052, 381
4790, 65
619, 1121
5706, 125
5049, 66
629, 378
10902, 2
156, 214
10429, 2
222, 541
5051, 175
5040, 76
5017, 71
5013, 81
5011, 42
5026, 224
66, 3522
5043, 71
5038, 151
2521, 1030
2659, 604
2040, 6734
5080, 75
2283, 1759
12556, 5
2569, 776
950, 1061
11223, 2
2597, 525
2439, 615
4618, 20
5032, 73
2279, 1127
2500, 1078
2260, 1643
5796, 95
709, 910
2591, 620
836, 242
7522, 8
2435, 597
12708, 3
2210, 3008
12483, 1
2485, 774
820, 319
7518, 83
2431, 997
4662, 34
2488, 623
2195, 1652
2619, 215
2139, 2742
12412, 13
7197, 18
2110, 3597
2105, 4557
2226, 2485
2487, 945
12760, 3
2536, 659
7477, 16
2390, 928
2624, 559
5044, 107
2149, 2411
12422, 5
2093, 4737
12366, 2
2154, 2123
2395, 625
5897, 57
810, 232
2528, 1086
5086, 188
2209, 3271
2565, 659
2542, 762
5590, 357
503, 249
5445, 219
358, 357
10631, 2
4652, 72
2450, 775
818, 807
7473, 16
2386, 752
12659, 3
4647, 102
5512, 390
425, 189
10698, 5
2150, 2634
2448, 681
12721, 1
5463, 248
376, 325
373, 485
4640, 232
7698, 21
2611, 612
2612, 197
5300, 247
213, 887
214, 1029
10487, 1
4548, 360
4636, 61
2607, 754
4635, 119
4632, 205
4630, 201
7672, 69
2585, 727
7573, 12
2486, 870
2581, 716
4623, 83
2580, 353
2577, 566
5462, 704
375, 322
2165, 1864
5362, 665
275, 1814
5431, 198
344, 313
4625, 123
2181, 2020
2246, 1222
2373, 750
7458, 4
2371, 1187
2317, 819
819, 1132
7491, 25
2404, 854
7466, 46
2379, 1011
2394, 1206
5020, 88
7480, 9
2393, 431
2396, 889
2039, 8249
4427, 150
612, 2567
10885, 325
5870, 125
783, 313
2276, 1195
4487, 126
4432, 81
2207, 2085
2094, 4139
2208, 2553
918, 188
2308, 1444
12581, 1
2321, 1755
12594, 1
2366, 821
7451, 9
2364, 771
2381, 758
7492, 36
2405, 850
7489, 46
2402, 675
2463, 810
4333, 452
2475, 1021
4413, 96
2477, 845
4416, 69
3895, 255
5798, 227
711, 514
5085, 88
2245, 1142
5015, 120
363, 290
10636, 1
5450, 554
5066, 18
702, 407
720, 310
5807, 286
6055, 118
968, 4221
4325, 93
4904, 990
6074, 65
987, 504
5041, 61
4541, 104
5808, 78
721, 369
4359, 249
4389, 166
4390, 106
684, 907
10957, 7
4340, 175
5722, 153
635, 615
4402, 88
4375, 125
634, 550
4394, 338
4399, 127
4929, 38
4930, 29
4280, 51
4923, 40
4339, 99
5918, 144
831, 1132
4892, 39
4326, 170
2791, 226
2760, 204
4928, 42
4378, 239
4498, 89
4377, 261
4999, 123
3812, 318
4249, 140
4925, 79
4913, 75
821, 896
11094, 1
2662, 199
4367, 136
4321, 181
4318, 160
4986, 128
4482, 330
911, 160
4358, 379
4015, 245
4299, 96
4336, 252
4243, 212
954, 2474
4349, 223
4086, 325
4908, 53
4884, 50
4056, 285
9099, 4
4012, 76
4879, 109
3756, 287
4909, 210
939, 912
11212, 9
1016, 612
4942, 79
4466, 56
4062, 232
638, 499
4894, 225
4084, 255
4010, 324
4052, 156
4028, 86
4108, 128
4477, 316
3936, 183
9142, 2
4055, 222
4112, 139
4476, 281
3758, 221
4038, 193
4029, 85
3917, 215
4035, 90
3768, 388
4907, 47
3880, 448
4020, 209
3764, 306
3879, 255
3793, 143
2215, 2118
3898, 267
4448, 132
4030, 57
3941, 203
3753, 109
3836, 279
9140, 4
4053, 118
4946, 143
4091, 108
8920, 8
3833, 193
3303, 810
3835, 290
3666, 512
915, 149
2870, 175
3333, 478
3331, 146
2863, 159
3499, 890
3732, 137
3730, 115
4905, 132
8605, 13
3518, 456
3831, 216
407, 259
10680, 22
3520, 562
13793, 11
3391, 695
4959, 98
3389, 461
3803, 173
3816, 297
8594, 12
3507, 277
4065, 162
3506, 849
8601, 21
3514, 642
3679, 350
8602, 50
3515, 686
3534, 544
4017, 118
4305, 330
3958, 229
4306, 221
4309, 160
4235, 124
8513, 8
3426, 609
4691, 100
4311, 140
4328, 122
3705, 471
4332, 208
3149, 151
3442, 817
3268, 273
3259, 431
3258, 739
3786, 436
3134, 119
3056, 140
3400, 552
3437, 713
3626, 253
3620, 261
2300, 1129
3430, 329
3407, 552
3427, 314
2292, 1285
3428, 540
3433, 956
3611, 542
3366, 266
3421, 660
3254, 373
3612, 448
3784, 416
3350, 674
3413, 693
3779, 281
3755, 481
3751, 80
3769, 276
3772, 149
886, 7422
3774, 387
4886, 44
4851, 47
4849, 26
881, 1447
4859, 52
4862, 40
4701, 93
630, 629
10903, 2
2960, 166
4730, 127
4725, 273
4698, 60
4751, 53
4796, 52
3623, 213
251, 1590
10524, 3
2320, 882
8112, 13
3025, 138
4794, 34
4816, 42
4787, 76
4763, 49
4902, 174
4872, 41
4878, 38
4821, 31
4863, 58
4903, 1163
3083, 212
3041, 330
3033, 275
4588, 150
2818, 179
579, 1025
4893, 64
4889, 325
4885, 60
4839, 136
4799, 50
4833, 58
4811, 31
4864, 35
4882, 67
3983, 193
4881, 73
4899, 226
128, 489
4089, 178
4895, 53
4891, 67
4901, 1009
15174, 1
8924, 21
3837, 421
4076, 96
3807, 236
4801, 28
4795, 25
602, 3032
4887, 88
4900, 186
4937, 32
459, 219
535, 2167
4865, 18
4867, 124
907, 114
11180, 3
4873, 90
592, 857
791, 533
11064, 8
5451, 615
364, 268
10637, 10
2120, 5663
4769, 729
4898, 210
2842, 210
677, 558
4766, 377
675, 877
4765, 105
908, 161
4897, 171
7403, 9
2316, 1245
4648, 42
4723, 235
4714, 320
3441, 394
4896, 109
2152, 2182
410, 208
3921, 276
5390, 131
303, 529
2239, 1716
620, 641
10893, 1
252, 2297
10525, 4
4784, 51
4472, 77
4776, 54
4771, 192
4782, 123
4783, 95
7597, 10
2510, 1060
3939, 274
4781, 220
2922, 281
13195, 2
786, 255
5437, 304
350, 349
89, 1367
10362, 1
4425, 176
4778, 42
4387, 187
4388, 86
4396, 122
4779, 535
2879, 186
4846, 26
3027, 125
4777, 343
2070, 6264
1001, 267
11274, 24
4780, 30
2118, 2951
957, 2107
7556, 34
2469, 771
12742, 3
2923, 419
875, 1877
5861, 105
774, 800
5519, 223
432, 859
5806, 402
719, 535
2860, 253
7190, 15
2103, 4570
2248, 1769
2257, 2150
2227, 2996
2862, 130
5533, 449
7889, 20
2802, 186
2917, 243
2839, 319
2896, 362
2873, 275
2803, 352
7506, 13
2419, 1183
7499, 49
2412, 663
2428, 827
2418, 940
7516, 8
2429, 638
2857, 341
7514, 19
2427, 1045
2362, 722
2422, 521
2424, 759
2340, 665
12613, 3
2444, 620
2140, 2704
2092, 5206
12365, 4
2421, 609
2125, 4291
955, 3276
11228, 3
2911, 314
5532, 383
2830, 123
2805, 350
343, 418
108, 1571
10381, 5
7859, 7
2772, 225
2067, 7251
2059, 6587
12332, 2
7484, 16
2397, 795
7501, 27
2414, 516
803, 397
5669, 229
582, 1822
2049, 6279
12322, 2
5395, 219
308, 447
10581, 1
5396, 335
309, 463
10582, 5
318, 396
2796, 204
7930, 16
2843, 257
2810, 449
2271, 2108
2851, 186
2776, 374
2856, 507
2240, 1952
2868, 229
2741, 330
2377, 728
12650, 1
2738, 198
2775, 258
5406, 272
319, 193
4785, 27
713, 1635
2882, 179
2567, 747
2063, 6788
4761, 86
2095, 5573
7626, 26
2539, 591
2784, 348
7206, 12
2119, 3000
2537, 592
2034, 7348
12307, 2
2572, 871
4528, 120
586, 661
583, 2231
4718, 48
8115, 51
3028, 360
671, 1504
157, 212
10430, 2
2514, 965
6072, 57
985, 1023
5122, 102
35, 51706
10308, 24
3551, 289
6281, 142
1194, 2053
11467, 1
2674, 188
317, 1403
920, 120
3277, 345
902, 443
11175, 1
780, 860
6361, 107
1274, 3088
8718, 14
3631, 528
220, 362
1329, 6505
1051, 5990
1052, 7484
1841, 29864
1775, 39297
1584, 36570
1563, 34791
1568, 30777
11841, 4
1566, 30229
1658, 43037
11931, 2
1723, 121333
11996, 4
1729, 100910
1819, 38001
1514, 98776
11787, 1
3871, 332
14144, 1
1521, 86325
11794, 3
1831, 31814
12104, 1
9275, 2
4188, 126
1832, 33974
12105, 10
1862, 22829
1213, 2483
963, 1274
3320, 343
1198, 2266
11471, 1
3555, 431
1044, 4450
2051, 5917
6905, 30
1818, 41890
1350, 5145
3707, 377
1302, 4683
11575, 9
3659, 276
1046, 4068
11319, 3
3403, 1344
1036, 4339
692, 1166
1801, 44366
1180, 3289
6172, 31
1085, 2492
1660, 39076
11933, 27
1737, 74531
1208, 2047
3565, 335
6130, 52
1043, 3612
11316, 7
2056, 4880
2282, 1605
6902, 23
1815, 45215
5261, 200
174, 1425
10447, 1
6904, 23
1817, 42388
874, 1750
1400, 36255
775, 995
857, 1168
6440, 151
1353, 5312
1279, 1936
11552, 20
1258, 4174
1253, 4916
3610, 335
1355, 4447
1096, 3646
1056, 6525
11329, 8
1057, 4828
3414, 578
1055, 5237
1045, 3990
11318, 20
1447, 41138
11720, 1
1829, 32054
1326, 6901
11599, 4
6259, 72
1172, 3186
1830, 38383
2045, 6243
2044, 6595
1693, 55987
11966, 5
1695, 62653
1536, 51503
2937, 321
1828, 38725
1813, 40960
1491, 125474
6552, 599
1465, 37590
11738, 3
3822, 195
14095, 1
1802, 37217
6593, 33
1506, 137326
8950, 1
3863, 312
1843, 25581
12116, 1
734, 1355
3091, 245
212, 462
4926, 62
1321, 6558
3678, 392
1504, 137647
3861, 342
6283, 104
1196, 2148
1760, 44935
5210, 147
123, 12517
10396, 1
1766, 39893
1418, 100937
1759, 49282
1412, 49480
1368, 4175
11641, 6
1362, 4251
11635, 1
1270, 3624
5342, 1037
255, 2234
10528, 3
1364, 4037
11637, 7
1358, 4664
1065, 2636
11338, 13
3422, 1149
1064, 3455
1054, 5526
6541, 56
1454, 31461
2027, 6954
12300, 1
5420, 422
333, 3308
2690, 849
6559, 74
1472, 40593
1094, 3107
6272, 46
1185, 2485
1090, 2423
3447, 739
2022, 5294
12295, 2
991, 759
5735, 54
648, 4659
1701, 62474
11974, 28
4058, 99
1652, 73773
11925, 5
9096, 2
4009, 192
1572, 29694
1544, 40838
3901, 239
1539, 46160
1646, 98175
11919, 1
1405, 62645
3762, 261
1347, 5374
1607, 35679
1804, 45151
2017, 6643
564, 8131
2921, 205
1978, 11101
2269, 1730
1980, 9584
1986, 9725
1979, 11506
12252, 1
2892, 418
1783, 39845
4140, 150
2001, 8071
1755, 46327
1756, 48422
8969, 8
3882, 355
1525, 66468
1664, 36984
11937, 20
7293, 56
2206, 2352
1785, 33679
5139, 128
52, 9561
10325, 2
2270, 1418
2211, 2371
1777, 40593
12050, 10
162, 853
10435, 4
2380, 700
12653, 30
5110, 183
23, 54940
10296, 7
1774, 39318
1936, 19842
4293, 142
2178, 2177
6858, 156
1771, 44537
1145, 3970
7341, 17
2254, 1741
1849, 25047
4206, 244
1769, 40865
1857, 24980
1855, 27431
12128, 3
4212, 194
1728, 88351
679, 1016
1788, 33471
12061, 8
1839, 31220
12112, 6
1834, 32495
652, 60512
1761, 48870
1738, 83577
1852, 20162
12125, 6
1523, 79008
738, 3388
1847, 22876
6937, 91
1850, 23935
1743, 63543
1740, 82040
1797, 44819
1877, 20469
625, 486
1265, 2594
1255, 4675
11528, 1
7485, 29
2398, 661
5128, 120
41, 392198
85, 9610
10358, 2
6448, 117
1361, 5366
1307, 7485
1183, 2411
1744, 59710
2090, 5452
2084, 5511
12357, 7
1733, 99163
4090, 243
1404, 77885
8848, 27
3761, 229
829, 1727
11102, 1
3186, 209
1989, 10165
1731, 104723
5242, 205
155, 122
1264, 3230
6477, 56
1390, 12312
231, 1625
10504, 2
1340, 5509
11613, 6
3697, 499
1042, 6100
6127, 39
1040, 5375
1997, 7662
1768, 41432
5746, 170
659, 2393
1297, 3933
1967, 11966
1428, 83365
1091, 2985
1982, 9352
12255, 1
6155, 304
1068, 1841
3425, 591
2003, 7619
12276, 3
1670, 31715
11943, 2
2083, 6626
12356, 3
6061, 73
974, 1341
1671, 34153
11944, 2
1575, 35704
1684, 40571
11957, 1
4041, 130
5949, 121
862, 2580
1971, 11163
12244, 9
1972, 11339
12245, 1
2005, 7970
12278, 1
6174, 75
1087, 1855
3444, 318
1095, 3693
11368, 1
2212, 2214
5634, 363
547, 1195
10820, 6
1977, 10123
12250, 3
6616, 42
1529, 52051
1998, 6739
1474, 51054
365, 486
10638, 3
1527, 56693
1667, 36833
1691, 46922
11964, 8
1995, 10411
6424, 31
1337, 5669
11610, 22
1675, 37578
566, 5523
1317, 7485
860, 2835
3217, 259
1969, 12013
6924, 12
1837, 33820
728, 415
11001, 1
470, 4231
1429, 98909
1782, 40766
673, 1784
1431, 91031
11704, 1
2048, 6680
6594, 30
1507, 126395
1688, 36878
943, 1026
1105, 2850
1957, 12784
1689, 45791
2071, 6590
1956, 12512
1075, 3192
1612, 42197
11885, 2
1595, 34923
1846, 25981
4203, 100
5824, 402
737, 3778
1600, 40749
1551, 41788
1453, 31370
1526, 60038
1248, 4515
3605, 229
8921, 14
3834, 192
6564, 100
1477, 59020
11750, 3
1616, 56442
3973, 142
1508, 111932
6324, 565
1237, 4866
11510, 8
8681, 73
3594, 540
1835, 31990
12108, 22
1636, 102564
11909, 7
3993, 250
1836, 35045
1487, 78984
5465, 566
378, 411
10651, 2
126, 619
2082, 6401
4439, 50
166, 200
2079, 6774
7160, 27
2073, 7070
5296, 270
209, 700
6432, 58
1345, 5728
236, 3830
10509, 8
2593, 857
5643, 176
556, 3289
1047, 3370
2156, 2687
1975, 10538
1981, 8787
6553, 295
1466, 34529
357, 581
1597, 33142
9041, 4
3954, 574
1497, 82365
1814, 38895
1351, 5204
11624, 4
6542, 25
1455, 37414
6532, 41
1445, 41221
6329, 275
1242, 3695
2275, 1591
12548, 1
5144, 290
57, 8048
1166, 2040
3523, 240
1732, 113529
1617, 60716
3974, 316
6941, 33
1854, 25278
1844, 28872
1580, 33844
658, 17980
6777, 53
1690, 46527
1692, 55980
9136, 3
4049, 51
1628, 64276
3985, 160
519, 759
2642, 696
12915, 1
285, 1950
10558, 16
1533, 52157
1528, 54277
3885, 233
1687, 37056
2700, 450
1591, 43236
1376, 5362
1336, 5650
1706, 101529
2705, 116
1596, 38635
5685, 410
598, 3775
10871, 1
6794, 90
1707, 108083
1725, 98843
1098, 2897
1106, 2740
3463, 395
6571, 113
1484, 60764
5455, 173
368, 295
10641, 3
1485, 57587
11758, 8
1457, 45188
1482, 68638
747, 1731
6943, 26
1856, 24041
1424, 60516
315, 8058
1842, 29940
12115, 26
733, 883
3090, 218
5765, 129
678, 685
10951, 49
6291, 79
1204, 1794
3561, 436
1311, 7753
1301, 4068
1177, 2721
6186, 116
1099, 2441
11372, 1
3456, 358
1023, 1025
1483, 53080
1810, 41377
106, 4101
2012, 8639
169, 625
1410, 41232
3767, 354
854, 914
3211, 418
2643, 537
286, 2108
1869, 26959
5847, 198
760, 549
3117, 324
1383, 6075
11656, 6
3740, 145
1328, 6336
1385, 6753
6321, 203
1234, 4938
11507, 1
6323, 295
1236, 5027
5358, 914
271, 11119
2628, 201
6467, 29
1380, 6858
11653, 8
1324, 7253
1071, 2584
11344, 1
6118, 181
1031, 2458
1399, 39152
6119, 144
1032, 3349
11305, 1
1030, 2243
11303, 3
1615, 43023
11888, 2
312, 487
1421, 66915
1613, 44283
1419, 138060
550, 2631
10823, 1
2934, 91
5664, 346
577, 1040
204, 3656
5291, 215
1825, 38504
1826, 39456
1610, 34456
11883, 1
1490, 110430
2936, 319
1827, 35928
12100, 2
4184, 57
1820, 42301
4177, 199
1330, 6117
513, 2180
1622, 65709
6325, 274
1238, 4608
3595, 329
1709, 114052
6677, 113
1590, 43502
11863, 41
983, 813
594, 3212
10867, 34
1703, 74138
1654, 43199
11927, 1
1705, 90299
11978, 2
1546, 42195
1554, 36212
1548, 42565
1648, 72136
4005, 223
6494, 52
1407, 68245
604, 2312
10877, 11
1713, 96558
11986, 2
1716, 108832
11989, 31
3567, 899
6297, 102
1210, 2232
1349, 5174
3706, 383
1609, 30920
3966, 100
5584, 116
497, 891
1606, 38475
11879, 1
3963, 207
1928, 19902
1941, 15812
12214, 2
1141, 5295
1629, 80073
3986, 137
664, 3145
10937, 3
1773, 37067
12046, 4
1259, 3292
11532, 2
150, 351
1700, 61538
11973, 1
4057, 237
77, 2659
2268, 1784
12541, 1
1159, 2590
1789, 33005
707, 508
1216, 2236
5194, 143
107, 204010
10380, 10
1468, 37972
6798, 15
1711, 93265
4068, 111
5148, 48
61, 8100
10334, 3
6257, 149
1170, 2957
6284, 165
1197, 1924
3554, 527
115, 2724
10388, 2
5743, 463
656, 4352
5741, 427
654, 2980
10927, 4
113, 30621
2470, 724
5135, 109
48, 141969
10321, 3
1864, 25037
12137, 1
2973, 300
616, 1454
10889, 1
1319, 9120
11592, 2
1833, 33684
724, 973
3081, 75
1912, 17383
12185, 2
4269, 78
1860, 24054
4217, 111
751, 1628
1911, 15298
9355, 1
4268, 68
1334, 6812
11607, 1
225, 1206
2582, 548
2238, 2127
5107, 166
20, 2392
1577, 35077
806, 601
11079, 1
3592, 343
6322, 398
1235, 4569
6461, 87
1374, 4651
2622, 574
1320, 6918
11593, 1
5866, 1173
779, 587
1209, 1983
5728, 209
641, 2234
10914, 2
6837, 5
1750, 59055
73, 328
10346, 2
1343, 5289
3700, 300
234, 3024
10507, 3
2033, 6873
12306, 2
2060, 6356
12333, 2
951, 1347
11224, 5
3308, 891
2601, 968
6579, 360
1492, 124931
3849, 230
1221, 3231
5199, 89
112, 18137
10385, 1
5740, 762
653, 84543
3010, 368
5196, 175
109, 910
10382, 11
2466, 835
1231, 3239
11504, 8
122, 170630
2479, 604
1780, 38535
12053, 1
6326, 519
1239, 3864
1268, 3330
11541, 2
5246, 193
159, 2548
1948, 12502
1708, 110536
6024, 86
937, 450
1505, 125542
7345, 29
2258, 1010
5127, 167
40, 1681
6528, 22
1441, 50080
6538, 25
1451, 40746
5429, 359
342, 10421
5263, 91
176, 60921
10449, 4
6873, 38
1786, 38443
4143, 250
1339, 5484
8783, 1
3696, 433
230, 101412
1312, 7167
6328, 142
1241, 4075
8685, 56
3598, 477
5219, 298
132, 1892
10405, 2
1809, 44617
1715, 97172
5260, 174
173, 243851
1796, 42254
75, 61254
10348, 1
2432, 990
1698, 60837
1308, 6473
11581, 1
199, 11401
1822, 37016
6313, 182
1226, 3913
11499, 4
117, 43896
10390, 1
1346, 5940
1116, 4317
3473, 368
5094, 680
7, 105202
1089, 2543
3446, 455
13719, 10
521, 1879
10794, 11
1630, 116160
1142, 4400
33, 102940
10306, 2
2224, 2322
5093, 300
6, 130787
10279, 6
6202, 74
1115, 4639
1661, 35560
552, 5065
10825, 1
1120, 3493
3477, 216
11, 21954
2368, 453
12641, 2
1066, 2953
3423, 834
7262, 2
2175, 2007
3852, 204
1495, 106867
1634, 103417
11907, 10
6234, 49
1147, 3293
38, 204162
10311, 7
1014, 529
11287, 8
1555, 39357
1017, 767
11290, 1
3374, 236
1585, 32815
5563, 175
476, 2386
2900, 202
682, 1375
3039, 121
1791, 34511
1020, 916
1588, 37689
11861, 6
5566, 230
479, 676
10752, 3
999, 267
5545, 408
458, 127
10731, 3
997, 883
11270, 10
3354, 450
1538, 49629
998, 579
11271, 2
6235, 40
1148, 2771
5126, 245
39, 23828
10312, 1
1067, 3428
3424, 530
1608, 34938
1294, 3408
11567, 4
185, 42249
10458, 18
1808, 40498
9252, 6
4165, 120
956, 2275
11229, 6
1751, 59490
1291, 2797
5269, 217
182, 102537
1805, 43772
12078, 27
6040, 67
953, 1647
1599, 34574
490, 234
1004, 401
949, 888
3306, 490
6100, 189
1013, 447
3370, 281
472, 8672
10745, 2
1022, 1341
1408, 63475
3765, 268
1435, 70276
326, 635
2683, 208
867, 1210
3224, 461
1015, 488
474, 2561
101, 454
10374, 3
5188, 148
1359, 5257
1900, 18807
12173, 4
4257, 196
1162, 2077
5140, 114
53, 41827
10326, 3
7497, 74
2410, 931
1081, 2968
11354, 6
1107, 3157
11380, 1
1576, 31883
1035, 4458
3392, 1444
6230, 103
1143, 3526
3500, 513
5121, 442
34, 149765
10307, 1
1131, 4995
22, 2032
10295, 12
1645, 86918
11918, 1
1569, 27131
81, 64752
10354, 1
6791, 4
1704, 83839
4061, 335
5142, 113
55, 9254
10328, 3
6808, 24
1721, 122837
1207, 2218
6375, 47
1288, 2314
179, 20393
2654, 252
297, 6227
1545, 44793
5496, 452
409, 280
10682, 3
6605, 30
1518, 109153
6213, 115
1126, 5945
5104, 96
17, 961
10290, 1
1640, 74644
11913, 1
5124, 132
37, 55313
10310, 4
266, 69993
2623, 725
1375, 4991
90, 22116
10363, 12
7534, 3
2447, 634
12720, 1
6543, 18
1456, 34207
5434, 600
347, 832
10620, 6
1119, 4375
10, 376790
10283, 1
1633, 103345
11906, 6
3990, 168
570, 2917
10843, 1
1679, 33160
5143, 131
56, 14738
10329, 4
47, 2226
16, 269240
1639, 72740
3996, 169
1041, 5656
11314, 5
1122, 4385
3479, 526
13, 45469
10286, 47
2221, 2077
6199, 44
1112, 3939
11385, 6
5090, 327
3, 900019
10276, 5
1626, 62052
1025, 1452
1620, 84627
3977, 124
511, 3584
1593, 39273
11866, 4
5227, 240
140, 607
2497, 693
1249, 4219
2385, 918
28, 32306
10301, 2
5254, 174
167, 320
2696, 209
12969, 1
339, 353
478, 1435
10751, 2
1019, 921
1560, 34237
5349, 442
262, 1373
6201, 45
1114, 4035
5092, 1276
5, 291330
3855, 146
1498, 87050
1637, 80248
11910, 3
1250, 3872
141, 2588
1409, 57850
3766, 371
300, 932
1923, 19673
6239, 128
1152, 3012
11425, 13
5130, 203
43, 8532
10316, 13
2267, 1146
5136, 155
49, 143267
7493, 99
2406, 978
29, 82651
10302, 4
1389, 10596
280, 10908
921, 89
3278, 321
1462, 35854
560, 2851
7838, 45
2751, 425
1642, 85342
2711, 268
354, 345
10627, 2
1602, 34706
493, 515
1360, 5273
11633, 1
6217, 122
1130, 5482
5108, 230
21, 126351
10294, 4
1644, 78198
689, 2602
916, 278
3273, 544
1366, 4166
257, 5332
10530, 3
6196, 45
1109, 3581
2218, 1761
5087, 188
0, 1395084
10273, 2
2357, 782
5628, 370
541, 788
1623, 64374
3980, 127
514, 4357
10787, 1
2871, 245
1263, 3045
154, 136
10427, 1
5207, 133
120, 15918
6289, 178
1202, 1846
11475, 2
1111, 3731
11384, 6
5089, 1366
2, 2092182
10275, 1
6171, 85
1084, 1905
6734, 26
1647, 93086
11920, 1
4004, 153
1674, 32925
565, 33627
83, 1233
1108, 3659
11381, 2
6222, 474
1135, 4781
26, 1407548
1676, 37738
567, 2245
8011, 22
2924, 211
1189, 2211
3546, 641
80, 41770
6533, 41
1446, 43362
5424, 460
337, 189
10610, 1
2694, 198
1618, 56589
5596, 126
509, 3512
6137, 53
1050, 4599
7474, 4
2387, 1131
1680, 40684
571, 4410
10844, 2
1653, 65624
1344, 5777
492, 528
2115, 4042
1137, 5490
569, 4311
10842, 2
938, 480
2285, 1517
5154, 328
67, 3261
5095, 958
8, 10614223
2365, 557
1631, 143841
11904, 1
1677, 33784
2272, 1418
4629, 106
1163, 1718
5141, 97
54, 749
7498, 10
2411, 622
12684, 4
2698, 286
5428, 595
341, 119
10614, 1
1589, 40181
3946, 165
5567, 218
480, 773
3856, 202
1499, 82467
1638, 76792
3995, 113
1118, 3821
11391, 4
3475, 524
5096, 88
9, 131178
1632, 136091
11905, 3
523, 2671
496, 811
10769, 3
1605, 36883
1262, 2978
5240, 411
153, 334
10426, 1
1776, 38853
1643, 86716
4000, 149
534, 2225
10807, 1
2891, 259
5091, 649
4, 7629262
2361, 422
1627, 64581
3984, 205
1594, 33937
3951, 133
191, 2146
2548, 1114
1300, 3899
1840, 27556
12113, 1
2259, 1418
14, 2248
6210, 79
1123, 4690
1531, 52089
422, 336
10695, 3
1127, 6435
18, 2118
10291, 2
4732, 48
1641, 77602
11914, 2
3998, 218
7317, 78
2230, 1973
5099, 165
12, 67266891
10285, 2
2369, 700
1635, 112540
11908, 25
6320, 261
1233, 5457
11506, 2
8677, 1
3590, 490
5211, 139
124, 5018
10397, 2
2481, 1121
4838, 68
6293, 15
1206, 1995
3563, 639
1574, 31242
465, 645
10738, 2
2822, 353
1520, 94270
2629, 312
5359, 239
272, 2634
6634, 23
1547, 44718
5129, 838
42, 20423
10315, 3
7486, 3
2399, 929
15, 22159
7459, 47
2372, 839
1124, 4383
6301, 66
1214, 2687
3571, 568
105, 5206
10378, 11
6806, 37
1719, 136945
610, 3702
10883, 3
6441, 131
1354, 5024
5332, 120
245, 5498
10518, 2
2602, 357
5305, 269
218, 541
2575, 682
1327, 6104
103, 11342
7547, 11
2460, 602
1726, 93997
279, 7993
1388, 8853
6444, 61
1357, 5187
2605, 478
762, 978
1871, 23806
1029, 1667
11302, 3
5345, 334
258, 4409
10531, 3
1367, 4406
1908, 16980
82, 8942
1906, 14951
4263, 85
1365, 3934
78, 825
84, 1731
10357, 4
2441, 514
1450, 36056
11723, 4
1951, 11767
12224, 4
842, 1471
7011, 9
1924, 19425
4281, 95
1480, 77416
1561, 34466
5539, 650
452, 158
2671, 220
314, 494
10587, 5
1562, 36222
453, 259
1535, 57476
6330, 95
1243, 3418
8687, 15
3600, 398
134, 10449
5088, 616
1, 333164
1624, 68874
3981, 175
515, 7191
1286, 2420
3643, 322
5264, 217
177, 20655
10450, 129
1540, 38543
431, 1527
10704, 5
2788, 348
1513, 89407
1682, 39894
11955, 3
573, 2468
5145, 276
58, 1403
1140, 5456
572, 1518
10845, 1
1298, 4678
11571, 4
5276, 287
189, 3215
1325, 7484
5303, 749
216, 1171
6223, 678
1136, 4931
5114, 95
27, 2931
6523, 454
1436, 78135
190, 1317
10463, 2
2547, 595
12820, 1
163, 21568
1272, 2632
1556, 37582
3913, 150
5534, 310
447, 167
10720, 1
1558, 29923
449, 177
10722, 7
1296, 4120
187, 21309
10460, 7
1423, 70199
1396, 21317
11669, 4
5133, 124
46, 42082
10319, 1
1696, 64584
587, 613
2237, 2085
4594, 434
5106, 274
19, 2205
1128, 5517
3485, 569
1598, 35189
5576, 253
489, 367
10762, 2
1564, 30961
455, 229
10728, 2
2812, 383
6083, 49
996, 811
6624, 36
1537, 50733
3894, 352
1310, 6673
11583, 1
5288, 351
201, 281
1824, 37763
12097, 2
1420, 93123
2529, 795
5259, 170
172, 425
10445, 1
5398, 217
311, 1011
1393, 9820
11666, 4
1823, 39466
5189, 713
102, 1737
2459, 608
1387, 8472
1614, 46236
3971, 369
512, 1966
2869, 327
1621, 69581
1080, 3178
1619, 88916
3976, 105
1625, 70083
5603, 334
516, 10535
10789, 1
1778, 36781
1727, 96448
649, 6718
3006, 541
1772, 38273
12045, 2
690, 2098
1794, 35911
1821, 39952
712, 948
1795, 37906
6341, 75
1254, 4537
1717, 112741
11990, 5
94, 8771
10367, 1
1720, 137800
70, 3649
1179, 2957
11452, 1
1722, 130718
1685, 43150
1724, 115910
148, 249
10421, 6
1257, 4177
11530, 1
1335, 6351
11608, 11
6547, 59
1460, 40808
1461, 38599
3818, 201
14091, 6
1448, 38791
11721, 1
1470, 42195
1471, 47716
3828, 344
186, 21568
1295, 3835
1261, 2636
11534, 1
5239, 366
152, 4815
1315, 8263
206, 127968
1710, 104372
5688, 443
601, 4276
1316, 7725
5294, 394
207, 28521
5283, 234
196, 12563
6588, 93
1501, 97905
3858, 220
5479, 708
392, 4790
3549, 452
13822, 1
1192, 2367
1331, 6122
1440, 40975
11713, 1
5418, 384
331, 887
10604, 7
1413, 68465
3770, 190
1954, 11163
1604, 36017
6953, 24
1866, 21664
12139, 3
9310, 5
4223, 166
8062, 20
2975, 342
6439, 99
1352, 4514
3709, 241
1438, 50256
11711, 3
1437, 64104
1038, 6071
2157, 2241
1048, 4145
5287, 678
200, 726
6396, 30
1309, 6610
3524, 686
13797, 1
1167, 2384
11440, 1
5284, 433
197, 2635
10470, 30
2554, 859
1306, 6734
11579, 5
1417, 124999
849, 1401
1958, 11217
1049, 6066
11322, 19
3406, 1125
1414, 104327
3771, 296
1411, 53973
1952, 13300
6503, 86
1416, 160218
3773, 426
6530, 127
1443, 42797
5421, 226
334, 4447
10607, 2
3560, 559
6290, 32
1203, 1987
233, 7632
1342, 4930
1883, 20392
12156, 2
9327, 209
4240, 168
6425, 47
1338, 5465
11611, 7
1348, 5085
11621, 5
5376, 131
289, 10062
1398, 31847
11671, 1
137, 72623
10410, 1
6333, 41
1246, 5027
3603, 469
143, 12786
10416, 1
6339, 37
1252, 4107
5222, 122
135, 341
1244, 3626
8688, 15
3601, 247
1256, 4476
1403, 93901
1401, 54439
1942, 14138
1878, 21927
5856, 179
769, 617
396, 438
10669, 17
5483, 120
1898, 14836
4255, 84
288, 5114
10561, 1
5002, 112
1397, 30606
11670, 8
3633, 461
1276, 2188
1415, 160899
1897, 19422
12170, 56
4254, 43
1267, 3347
5245, 290
158, 1488
1895, 18350
5208, 146
121, 113037
10394, 5
6039, 151
952, 1579
6580, 119
1493, 118458
3850, 211
1496, 97458
6400, 76
1313, 7306
1322, 7105
1323, 5845
3680, 140
386, 843
10659, 1
1251, 4272
5229, 95
142, 13855
10415, 8
2499, 568
1792, 31046
4149, 128
5770, 236
683, 944
1260, 3361
151, 19834
7510, 4
2423, 892
205, 39776
1790, 38647
4147, 252
681, 1421
3038, 121
3522, 644
1165, 1968
1304, 6410
195, 10518
10468, 4
2954, 255
5823, 151
736, 2866
1500, 96756
391, 19283
10664, 1
6560, 115
1473, 46808
469, 48468
10742, 1
5357, 1261
270, 8157
10543, 19
1379, 6612
11652, 4
3002, 748
645, 1112
5436, 265
15709, 12
349, 300
10622, 21
2706, 324
1458, 39358
1481, 87664
11754, 1
6596, 35
1509, 99000
1510, 107358
1503, 147667
1502, 132723
11775, 1
3859, 211
24, 532038
1133, 4491
11406, 89
1394, 12159
609, 5359
10882, 67
6805, 28
1718, 139264
1712, 99143
1171, 3185
6493, 44
1406, 42027
3763, 384
1433, 66705
11706, 6
5411, 209
324, 365
2712, 620
1603, 41027
1699, 56181
5531, 278
444, 148
10717, 37
1553, 30830
1557, 34508
1552, 34795
11825, 1
2682, 515
325, 259
464, 495
1573, 30799
1702, 74260
11975, 1
4059, 153
992, 783
1076, 3259
11349, 29
1714, 93432
1247, 4769
11520, 1
6536, 20
1449, 38287
6546, 109
1459, 47391
7349, 106
2262, 1014
5131, 153
44, 219906
10317, 2
7488, 21
2401, 871
6465, 36
1378, 7042
5356, 539
269, 67464
10542, 68
2626, 248
12899, 1
1432, 87705
323, 276
1422, 76092
313, 755
1395, 18012
1876, 21517
9320, 12
4233, 129
767, 720
1752, 55234
1867, 26529
1754, 51160
4111, 91
844, 1278
1953, 12855
1439, 45380
5417, 167
330, 1270
10603, 14
1559, 34553
1753, 60019
60, 1783
10333, 2
1169, 2734
11442, 1
5408, 204
321, 240
10594, 2
2678, 261
5035, 82
1430, 98373
11703, 3
1427, 92358
1532, 59680
1228, 3248
1425, 66992
1463, 30612
1469, 53876
1519, 98839
11792, 1
2621, 204
1373, 4624
1377, 6627
5350, 687
263, 3172
1372, 5196
11645, 1
1524, 68958
1467, 40550
11740, 1
5500, 982
413, 1347
2770, 398
1522, 78294
1970, 8955
861, 2604
5495, 689
408, 272
2765, 338
1517, 103480
2650, 785
293, 3812
10566, 1
1541, 46944
11814, 1
2651, 333
5381, 413
294, 2833
10567, 7
1542, 40918
3899, 178
2652, 231
295, 3676
1543, 44234
3900, 204
1875, 21972
4232, 109
1873, 20899
1332, 6555
3068, 100
850, 1666
1959, 12038
232, 2003
10505, 1
1341, 5726
11614, 3
1220, 3393
406, 447
10679, 9
1515, 97832
1853, 24715
4210, 131
744, 863
1516, 102783
1917, 20239
1384, 7237
6599, 21
1512, 89804
11785, 2
6563, 384
1476, 48897
11749, 4
402, 516
10675, 4
1511, 82720
6562, 474
1475, 48124
1940, 14664
5112, 403
25, 61786
2382, 1467
1134, 4825
1592, 46064
4847, 12
215, 658
99, 296
5456, 77
369, 168
3024, 151
5475, 225
388, 502
5480, 474
393, 201
5132, 131
45, 393
114, 3317
3743, 223
1386, 7848
3821, 330
1464, 36200
11737, 1
2087, 5640
7815, 7
2728, 387
2336, 1244
12609, 1
2091, 5318
2089, 4464
12362, 1
7495, 428
2408, 880
2174, 3196
7494, 45
2407, 897
50, 12889
10323, 5
628, 548
383, 776
2137, 3585
12410, 1
1996, 8142
1984, 9685
2006, 7654
2007, 8568
6013, 409
926, 106
1886, 18377
2054, 6354
12327, 1
814, 497
11087, 3
2715, 391
2148, 3478
4505, 178
2147, 3134
859, 2413
3264, 432
6226, 280
1139, 4507
11412, 13
4051, 81
1694, 57717
3269, 187
6236, 192
1149, 2866
11422, 4
3242, 190
3261, 743
3244, 198
3247, 187
890, 1431
3246, 263
223, 978
10496, 35
36, 1480
5624, 105
537, 472
10810, 3
1363, 4581
5326, 397
239, 1320
10512, 2
5279, 140
192, 869
10465, 9
5281, 193
194, 1519
10467, 4
3394, 840
1037, 4349
5340, 105
253, 4699
2610, 588
242, 7695
10515, 7
5328, 584
241, 1696
2598, 559
5285, 177
198, 691
2555, 1097
367, 447
2724, 595
243, 3620
2600, 400
3470, 372
6200, 43
1113, 4715
11386, 8
8561, 5
3474, 255
1117, 4149
11390, 3
5348, 604
261, 3545
3122, 288
5852, 72
765, 838
2176, 3193
2186, 2991
2188, 2782
7874, 53
2787, 369
430, 709
10703, 6
2189, 2530
2168, 1675
2193, 2706
12466, 3
5555, 552
468, 1077
2786, 239
5516, 243
429, 1044
10702, 9
2769, 397
5499, 559
412, 1009
2773, 303
694, 827
2658, 225
301, 1396
2661, 380
304, 648
2771, 523
7855, 10
2768, 718
2656, 595
2679, 204
2752, 764
2608, 579
2606, 1382
5336, 234
249, 4934
7844, 155
2757, 487
5487, 346
400, 401
10673, 4
2755, 228
2021, 5754
12294, 8
7868, 14
2781, 186
5511, 267
424, 301
2155, 2969
2158, 2647
12431, 1
2159, 2489
7159, 32
2072, 6406
6175, 79
1088, 2574
3445, 328
7123, 10
2036, 6676
2075, 5107
2077, 6157
1894, 18500
1882, 23799
1904, 17248
1905, 19382
12178, 9
4262, 109
2078, 6983
611, 2382
10884, 6
666, 10994
2950, 255
2081, 6632
3357, 498
1000, 263
2074, 6102
2064, 7537
2915, 379
558, 1357
10831, 3
1955, 13508
2062, 6396
2918, 219
2061, 6451
2903, 186
546, 599
2905, 264
548, 1297
2057, 6159
1434, 72052
11707, 7
1303, 5497
1086, 2319
11359, 4
6191, 78
1104, 2196
3461, 864
1269, 3251
838, 294
11111, 1
756, 349
2893, 450
2906, 533
549, 669
10822, 13
1402, 55209
837, 722
2100, 4777
12373, 3
2266, 1901
2962, 131
605, 6778
5205, 157
118, 5160
10391, 2
1012, 556
11285, 4
6029, 144
942, 1088
11215, 25
2912, 214
555, 4776
1289, 2569
1290, 2654
1277, 2278
11550, 2
3634, 474
1299, 4993
3311, 922
3431, 680
1074, 3048
2571, 477
3222, 248
865, 2307
3237, 403
3245, 276
3235, 290
878, 1103
227, 1638
10500, 1
2584, 848
290, 6752
10563, 6
291, 11228
5368, 1156
281, 1863
554, 6137
811, 262
11084, 4
438, 1617
10711, 4
5525, 215
7438, 2
2351, 746
5737, 326
650, 4050
3215, 300
858, 1608
2330, 787
2329, 1057
2328, 1314
12601, 4
2327, 1298
2172, 2804
636, 916
1193, 2117
11466, 1
1195, 2298
475, 1396
1175, 2689
3532, 260
1200, 1844
3439, 767
1082, 1793
11355, 1
1910, 17257
4267, 117
1892, 18458
1896, 18550
12169, 13
1909, 20054
3070, 244
6760, 37
1673, 38223
11946, 4
1668, 37841
1764, 41795
4121, 88
1767, 43405
12040, 1
980, 2160
1669, 29509
1763, 43896
1494, 115154
3851, 351
2342, 758
3014, 262
657, 12799
284, 1658
10557, 2
5371, 603
6899, 24
1812, 47555
4169, 131
6121, 62
1034, 4224
1293, 2873
1033, 3564
1073, 2348
6469, 88
1382, 6970
11655, 2
1223, 3008
3580, 614
6317, 432
1230, 2961
11503, 3
3587, 293
6327, 551
1240, 3881
11513, 2
8684, 30
3597, 189
6468, 52
1381, 5623
3044, 597
687, 1366
10960, 188
1100, 2283
1178, 2351
1486, 75905
1314, 7596
3042, 247
685, 821
10958, 2
1488, 91061
1930, 18512
12203, 1
7014, 42
1927, 21153
4284, 203
484, 738
10757, 13
984, 657
3062, 246
3059, 511
329, 1054
10602, 1
5416, 135
1939, 16595
1916, 19866
1915, 18690
4272, 160
1686, 36877
1914, 18290
4271, 104
651, 8226
10924, 3
278, 1805
5365, 138
1730, 104089
3076, 431
1146, 3153
11419, 2
1186, 2324
3543, 861
6456, 105
1369, 4761
11642, 1
1907, 18804
5247, 254
160, 233
3073, 320
716, 334
3072, 123
2436, 679
5166, 432
79, 3517
6126, 37
1039, 4560
11312, 1
1848, 28566
1125, 4446
3482, 485
6225, 593
1138, 5303
11411, 4
2013, 6778
1649, 68473
1549, 44185
11822, 2
1655, 44637
11928, 1
1205, 2061
3562, 208
1950, 12732
6539, 46
1452, 33409
11725, 3
5935, 114
848, 1495
766, 546
3123, 330
1935, 19051
1838, 30510
1960, 12268
7545, 7
2458, 1010
12731, 3
962, 1203
11235, 26
2000, 7574
1885, 16138
5819, 141
732, 686
246, 10339
10519, 3
787, 837
1550, 41386
3907, 158
1884, 20715
9328, 53
4241, 102
1187, 2221
3544, 399
1190, 2425
1870, 26314
1992, 8637
1659, 32791
4016, 266
1662, 39450
11935, 19
1442, 41900
11715, 4
3799, 305
1657, 47106
11930, 3
1601, 33830
11874, 9
1611, 35735
1758, 44947
993, 1009
11266, 14
1742, 70090
1762, 45317
4119, 88
1077, 2991
11350, 9
3434, 373
1861, 28764
12134, 28
1803, 37722
7101, 20
2014, 6339
847, 1484
3267, 306
6278, 50
1191, 2413
11464, 2
3548, 343
5759, 188
672, 3018
10945, 19
5814, 837
727, 1016
1734, 102096
6457, 159
1370, 4541
2468, 1221
3270, 471
6216, 162
1129, 4653
1132, 4835
11405, 7
1987, 8712
1650, 72560
1889, 16400
4246, 218
228, 1476
5324, 165
237, 2866
696, 1611
292, 5725
5006, 135
282, 1092
477, 1939
557, 2650
2038, 7941
1745, 65446
1739, 87601
1926, 17922
12199, 5
1534, 55555
1919, 19171
12192, 11
1920, 18977
12193, 3
9364, 1
4277, 188
3274, 246
2004, 8486
3276, 269
1578, 33677
1026, 821
11299, 2
1102, 2064
6576, 28
1489, 98271
1918, 18727
1902, 16350
4259, 83
1888, 15829
7025, 37
1938, 16227
1736, 94984
1305, 5160
1245, 4972
3602, 371
6360, 126
1273, 2659
3275, 251
2026, 7081
1478, 59339
11751, 1
1121, 4375
11394, 25
467, 762
1333, 6397
11606, 2
1697, 70431
11970, 3
6478, 88
1391, 11429
3748, 348
1530, 55368
3887, 268
967, 2592
11240, 5
1683, 31348
6309, 141
1222, 3562
11495, 3
2028, 7121
12301, 4
1027, 1065
11300, 1
1285, 2846
1028, 1785
3385, 986
1283, 1900
6305, 92
1218, 2176
6312, 195
1225, 3831
839, 319
757, 767
11030, 1
6886, 74
1799, 36097
2002, 8332
1988, 8510
12261, 1
1184, 2602
11457, 1
3541, 456
958, 3357
3315, 846
1318, 9360
1964, 11691
1962, 13615
5858, 188
771, 459
11044, 5
826, 393
11099, 2
1579, 34281
5724, 348
637, 785
10910, 1
264, 13433
5351, 312
1571, 27626
6299, 49
1212, 2071
6304, 114
1217, 2214
11490, 6
6898, 10
1811, 43083
12084, 4
4168, 122
6885, 44
1798, 41391
4155, 103
1781, 44725
1779, 34275
9223, 1
4136, 119
977, 2350
1765, 41764
1787, 33666
4144, 128
1160, 2342
1943, 13534
1922, 19055
12195, 27
4279, 223
1974, 9354
2031, 7867
1921, 19080
4278, 98
2011, 7459
6288, 35
1201, 2145
1949, 12012
5355, 766
268, 41373
10541, 39
2625, 435
1934, 18147
1933, 17536
1925, 19026
1994, 8677
5316, 251
229, 1500
5325, 302
238, 2611
2595, 653
283, 1176
10556, 10
1863, 21859
1931, 20416
12204, 6
5747, 211
660, 9041
846, 1485
11119, 1
3530, 337
1173, 2566
1973, 11954
941, 954
11214, 1
1581, 41203
752, 2008
11025, 1
5374, 901
287, 5702
10560, 28
5364, 481
277, 819
5363, 346
276, 1403
2029, 7261
12302, 14
524, 315
10797, 2
1097, 3180
1101, 2555
3458, 505
6652, 87
1565, 30879
1678, 33302
1672, 38162
1586, 35273
1932, 17353
1929, 19360
12202, 8
595, 1232
10868, 9
3307, 616
1872, 23305
2299, 1562
1859, 25427
873, 2386
11146, 3
1868, 24505
3156, 239
2037, 6821
12310, 2
1053, 5808
6046, 921
959, 2537
11232, 1
5492, 735
405, 665
10678, 3
3209, 309
8389, 19
3302, 1119
3265, 414
1651, 81854
6367, 109
1280, 1970
11553, 1
1292, 2940
11565, 4
643, 928
10916, 2
1874, 20380
1800, 39164
1806, 47687
1858, 25349
9302, 15
4215, 149
6828, 3
1741, 69221
2055, 6224
2050, 6228
6968, 20
1881, 20110
1879, 21159
4236, 485
1880, 19222
608, 4159
10881, 90
235, 22455
10508, 7
5322, 365
663, 2229
6857, 154
1770, 50079
404, 634
10677, 7
5655, 136
568, 3124
6149, 31
1062, 4335
3419, 797
6150, 101
1063, 2796
11336, 4
1103, 2292
3460, 550
1356, 4256
1266, 2948
11539, 1
2151, 2165
868, 1252
688, 1330
5830, 186
743, 1572
11016, 3
2198, 2638
2162, 1990
332, 726
10605, 1
2015, 7076
5572, 667
485, 556
2164, 2669
7095, 17
2008, 9116
1174, 2572
11447, 3
2023, 5815
6145, 45
1058, 3580
776, 1035
870, 1593
11143, 2
2217, 2370
168, 781
10441, 7
3323, 807
1865, 24254
4222, 86
2020, 7097
12293, 13
1747, 55330
1746, 56565
2232, 2538
2200, 2368
2185, 2249
1587, 38945
833, 360
11106, 1
1816, 39312
834, 493
7270, 34
2183, 1779
1007, 458
6170, 133
1083, 2474
11356, 1
1161, 1861
1284, 2420
726, 1535
316, 3631
975, 1643
1069, 2291
1793, 39413
1164, 2175
6319, 570
1232, 4267
11505, 1
843, 1364
5848, 176
761, 530
1735, 105444
2695, 514
338, 146
10611, 2
2219, 2558
12492, 1
202, 709
441, 313
10714, 2
1392, 12778
11665, 1
1021, 1084
5453, 224
366, 384
10639, 2
6566, 23
1479, 75593
1899, 16145
2086, 6752
1092, 3759
11365, 5
6197, 39
1110, 3781
11383, 8
1275, 2475
7342, 14
2255, 1469
4612, 36
879, 1409
2244, 1531
6051, 175
964, 3129
11237, 20
693, 1137
5835, 880
748, 4422
1150, 3096
11423, 9
1151, 2705
11424, 9
6242, 125
1155, 2499
1656, 42597
1570, 32866
3927, 160
1567, 23555
1757, 45911
5726, 97
639, 1199
6180, 198
1093, 4005
3450, 469
1963, 12687
6255, 45
1168, 2656
6306, 118
1219, 2815
11492, 2
1976, 10190
12249, 2
1966, 11115
5573, 438
486, 609
10759, 19
1144, 3959
2249, 1491
1582, 37652
11855, 6
1072, 2505
3429, 621
2253, 1622
900, 199
11173, 1
1070, 2133
1224, 3843
11497, 29
851, 1267
5938, 185
710, 629
642, 1834
10915, 3
1156, 2304
1748, 62876
1784, 34588
12057, 1
1851, 27043
12124, 36
3367, 137
1807, 48341
9251, 8
4164, 176
1913, 18305
12186, 7
2236, 1915
2280, 948
2229, 1381
2261, 1226
2242, 1323
12515, 7
768, 600
823, 367
6316, 389
1229, 3079
1891, 17828
12164, 1
4248, 98
1681, 38595
1893, 17979
6166, 157
1079, 2448
3436, 441
1999, 8433
2052, 7610
2016, 7190
6286, 51
1199, 2214
2068, 7403
1937, 18409
6066, 22
979, 1948
1444, 39083
3801, 407
2009, 10380
2080, 6816
6263, 61
1176, 2864
1287, 2120
11560, 1
2247, 1911
2085, 5530
104, 5434
10377, 6
863, 2513
781, 800
2251, 1794
7406, 7
2319, 1107
12592, 1
2098, 3759
498, 539
10771, 1
2047, 6546
864, 2054
5869, 626
782, 555
866, 1106
11139, 6
2710, 171
5661, 74
574, 1051
5587, 178
500, 540
7399, 23
2312, 1822
2286, 1692
2289, 1604
7424, 11
2337, 1001
499, 583
10772, 6
7214, 16
2127, 2431
520, 1665
5605, 382
518, 754
10791, 4
1003, 461
11276, 12
1749, 59705
6269, 22
1182, 2441
6513, 88
1426, 66969
1078, 2657
11351, 1
3435, 465
13708, 1
2315, 1695
2335, 740
2133, 3105
178, 478
10451, 218
183, 1478
10456, 4
5267, 75
180, 671
10453, 8
5275, 143
188, 2112
10461, 3
164, 217
10437, 2
2124, 3451
1583, 36419
11856, 5
935, 282
11208, 6
1011, 441
11284, 1
856, 1067
483, 1253
5570, 338
588, 547
2945, 359
5663, 271
576, 958
203, 7205
5290, 226
2296, 1251
5258, 226
171, 703
2943, 223
1890, 16616
12163, 8
226, 1174
10499, 1
6302, 49
1215, 2521
1281, 1913
11554, 1
7140, 50
2053, 7666
440, 1980
10713, 1
5686, 226
599, 6714
10872, 28
5788, 358
701, 423
526, 863
527, 7341
10800, 25
2884, 272
525, 307
7196, 64
2109, 4241
12382, 4
5476, 640
389, 550
5118, 141
31, 424
10304, 5
7475, 59
2388, 586
510, 948
2867, 223
559, 1460
624, 341
10897, 4
5718, 235
631, 491
617, 663
244, 6279
5331, 452
59, 894
10332, 2
2106, 2534
5212, 260
125, 906
10398, 1
927, 322
5828, 86
741, 3498
129, 693
686, 1411
10959, 23
5550, 98
463, 357
615, 1016
5701, 148
614, 1591
466, 606
2297, 1175
7901, 11
2814, 425
5846, 240
759, 556
11032, 1
256, 1268
127, 778
72, 1366
161, 289
2518, 987
578, 1241
10851, 4
553, 2231
3057, 330
2167, 1800
8082, 4
2995, 387
265, 43838
5352, 380
5119, 274
32, 1229
10305, 17
7476, 24
2389, 920
853, 573
855, 708
3280, 263
5526, 185
439, 2947
10712, 8
2332, 984
5505, 104
418, 506
250, 1549
10523, 3
627, 645
10900, 5
755, 697
6019, 505
932, 199
11205, 8
71, 1943
10344, 2
64, 2816
5149, 131
62, 8775
5150, 168
63, 5257
69, 949
10342, 5
5152, 463
65, 1557
10338, 5
100, 844
221, 610
10494, 1
5179, 65
15452, 1
92, 1165
883, 1455
2035, 6504
3584, 545
1227, 2876
11500, 2
540, 1124
739, 2522
545, 217
327, 580
10600, 16
3351, 368
2130, 2556
12403, 1
2129, 2838
6990, 17
1903, 14004
1946, 15462
1944, 13638
2030, 6745
12303, 1
669, 3402
3075, 231
3153, 221
3287, 259
3288, 471
248, 10984
5335, 320
211, 1092
5298, 161
210, 1055
10483, 1
5297, 255
133, 233
5220, 342
3545, 437
13818, 4
6275, 92
1188, 2095
11461, 3
91, 533
93, 61
10366, 1
3097, 135
5827, 123
740, 2335
3099, 181
929, 144
1945, 16120
4302, 80
5354, 187
267, 14194
10540, 196
5346, 508
259, 1099
1153, 2520
11426, 2
976, 2020
1060, 3844
5203, 87
116, 2335
10389, 3
764, 1397
680, 895
735, 1320
5568, 272
481, 1059
981, 1192
845, 882
763, 955
830, 915
5206, 274
119, 5436
10392, 28
563, 2140
10836, 6
6458, 107
1371, 4674
6245, 22
1158, 2293
1024, 1535
5327, 484
240, 1148
10513, 1
815, 781
11088, 6
646, 2019
273, 6514
10546, 1
5360, 211
2653, 655
296, 4749
10569, 2
5010, 32
2136, 2370
5271, 187
184, 2452
5280, 238
193, 2058
247, 26379
10520, 3
2604, 616
5520, 392
433, 1628
5778, 892
691, 1310
607, 5335
1663, 34948
1901, 16245
4258, 84
1282, 2155
6069, 96
982, 1278
1845, 27553
380, 516
10653, 1
5467, 306
753, 535
800, 1819
647, 2428
1665, 36800
11938, 9
1666, 40739
5155, 97
68, 2699
10341, 5
5569, 517
482, 1343
2220, 1982
1961, 11904
2222, 2234
1181, 3171
11454, 3
2128, 3752
2205, 2153
4562, 71
2144, 2444
12417, 1
2138, 2829
12411, 1
2122, 2261
7199, 37
2112, 3253
2114, 3875
254, 6158
517, 2049
697, 1470
613, 3060
2121, 5553
1154, 2411
1947, 16631
12220, 1
772, 510
5914, 157
827, 1147
2117, 3429
5748, 183
661, 59505
6298, 37
1211, 2026
2097, 4858
1271, 2882
5755, 314
668, 1598
2123, 2943
2096, 4433
2025, 8213
1983, 9248
877, 2735
2099, 4312
348, 656
10621, 6
5435, 734
2675, 218
1968, 11886
1157, 2967
11430, 3
1993, 9995
2041, 5679
12314, 9
632, 416
10905, 31
5594, 250
507, 1844
2864, 205
603, 2763
606, 5401
2126, 3957
181, 800
10454, 5
5791, 81
704, 615
2088, 5209
12361, 9
2019, 7886
12292, 8
940, 659
640, 1263
2010, 8711
2265, 1711
2295, 1312
1061, 3381
2076, 5245
2018, 6070
12291, 5
2046, 6501
2161, 2604
260, 1923
5347, 149
633, 609
10906, 2
2204, 2535
2102, 4132
2066, 5923
2170, 2191
2107, 4501
224, 732
10497, 6
473, 1622
2192, 2051
2160, 3005
2134, 3439
2196, 2818
2163, 2344
2273, 1009
7228, 13
2141, 2682
706, 639
5389, 251
302, 580
674, 652
7377, 17
2290, 1226
1965, 11438
2180, 2321
1991, 8679
12264, 3
1278, 1787
835, 315
1008, 745
670, 9104
10943, 5
725, 1465
7389, 22
2302, 1107
973, 1522
2197, 1569
2234, 1887
824, 804
11097, 3
2042, 5717
6076, 28
989, 958
1985, 10283
2318, 1192
175, 194
10448, 11
5591, 687
504, 275
2503, 983
12776, 2
139, 159
10412, 2
4628, 75
4621, 252
2264, 1255
4590, 132
30, 103551
10303, 84
5117, 141
4571, 309
4870, 53
4603, 145
130, 616
10403, 1
5217, 423
7442, 6
2355, 934
5050, 44
2177, 2039
12450, 4
6096, 305
1009, 1311
2173, 2876
2171, 1798
494, 414
2153, 1976
2032, 7740
12305, 24
2024, 6194
12297, 1
2225, 2444
2309, 1161
2169, 1933
2310, 1309
7434, 7
2347, 773
12620, 1
2223, 1788
2350, 1208
12623, 5
2348, 929
12621, 2
7300, 48
2213, 2427
4696, 55
2324, 761
7343, 30
2256, 1994
7433, 12
2346, 675
12619, 3
2311, 1278
1059, 4374
11332, 2
2313, 2110
730, 862
11003, 5
5872, 145
785, 413
2323, 1036
1018, 827
840, 963
5845, 456
758, 1073
1990, 8344
978, 2793
11251, 4
5535, 369
1887, 18759
12160, 1
5392, 402
305, 1115
665, 2301
10938, 5
356, 160
10629, 1
436, 1193
10709, 3
5523, 86
2887, 337
437, 2300
10710, 1
5524, 182
2890, 238
5680, 128
6855, 316
6833, 21
4700, 77
898, 194
11171, 8
9078, 21
798, 574
4888, 79
5692, 232
5691, 946
4860, 27
6824, 161
5698, 145
3811, 200
4078, 167
6861, 33
4007, 395
4152, 131
3135, 130
4609, 72
4819, 33
4876, 64
4788, 22
3968, 179
9148, 4
6862, 63
4797, 54
4752, 46
4615, 85
4702, 46
4850, 32
4852, 52
3497, 499
13770, 1
3453, 380
3902, 174
3640, 212
3591, 591
2926, 259
3457, 617
5800, 178
5473, 186
3286, 569
4527, 171
5407, 462
8790, 3
8595, 4
4622, 78
4535, 160
4117, 143
4533, 135
3505, 281
5413, 234
4479, 89
4762, 55
4587, 66
5410, 164
5790, 297
4760, 223
4757, 28
4606, 73
5833, 93
4947, 216
3618, 487
3614, 433
3570, 87
3613, 280
3285, 665
3289, 549
3589, 457
5799, 233
3819, 358
9331, 26
3815, 90
9299, 3
4694, 48
948, 926
4792, 53
3868, 351
4810, 77
3864, 347
3930, 204
4973, 76
3931, 156
3925, 195
4798, 47
4238, 169
4800, 61
4791, 209
3908, 217
4207, 55
5844, 335
4198, 172
4037, 86
3932, 288
3947, 302
4980, 72
9304, 29
9112, 10
3960, 206
14233, 1
4802, 91
4047, 58
3959, 151
4260, 223
4226, 81
4981, 98
4220, 95
8836, 1
5895, 115
4492, 55
5425, 926
5426, 348
804, 433
4831, 70
4815, 37
4835, 195
4323, 510
4374, 141
5377, 297
5383, 275
4958, 73
5023, 545
4197, 74
5559, 702
5851, 61
5387, 154
4204, 138
7069, 57
8839, 1
4871, 76
5902, 223
9270, 4
5419, 276
885, 5438
5472, 162
9322, 9
4431, 52
5432, 416
5452, 633
4406, 204
4405, 132
4410, 90
5447, 295
9137, 4
4424, 178
4397, 110
5934, 1222
4943, 70
899, 261
4434, 263
4956, 77
5878, 59
5923, 64
9335, 1
9340, 1
320, 355
4502, 188
5071, 121
5924, 108
2491, 900
5100, 55
5873, 84
2493, 1220
2489, 1171
5102, 132
6946, 69
2613, 323
2203, 2548
5928, 102
2637, 502
4567, 59
4417, 58
5078, 182
8830, 18
4617, 233
5922, 120
4586, 87
4597, 105
5072, 111
5771, 88
5926, 134
5105, 152
5098, 289
8959, 7
8831, 12
6913, 10
9038, 24
6732, 83
8850, 6
5025, 358
5836, 59
4915, 214
5169, 736
4917, 47
6095, 252
4912, 18
5772, 60
4927, 137
5760, 46
3317, 612
925, 150
897, 186
893, 402
896, 406
3111, 190
5253, 154
3150, 425
5738, 204
3146, 191
2734, 228
2736, 362
3183, 424
3178, 138
5744, 254
5301, 283
5161, 80
2532, 872
3049, 273
2811, 380
2909, 271
3468, 534
3118, 241
2817, 328
5158, 117
6042, 292
2825, 838
3142, 278
2826, 488
3369, 264
3356, 436
2847, 494
2888, 368
3019, 307
2883, 124
5177, 71
7173, 39
3113, 214
2998, 105
9388, 2
3208, 208
3397, 689
6071, 29
3384, 550
3569, 425
7077, 24
5768, 221
4957, 45
4949, 77
5767, 367
3552, 517
6036, 25
5769, 205
9272, 4
3174, 367
4174, 105
5430, 134
5758, 99
6011, 105
9394, 8
5484, 97
5293, 212
5221, 182
9215, 1
5341, 615
5339, 404
5443, 270
5470, 468
5829, 116
4369, 180
4638, 48
5460, 654
4653, 209
5477, 279
5446, 1080
5375, 502
5397, 885
5403, 152
4568, 42
3131, 234
5694, 193
5721, 184
5733, 117
5497, 797
5361, 475
5414, 213
903, 320
11176, 6
3846, 227
4146, 92
5295, 175
5854, 55
5401, 1243
917, 116
5494, 543
5490, 400
4131, 186
3876, 235
3903, 229
5486, 243
3412, 697
13685, 2
3420, 497
5230, 170
9286, 2
9259, 7
5223, 264
5235, 698
3139, 129
3782, 216
3760, 250
3777, 188
3775, 556
3575, 381
3556, 350
3604, 349
3588, 278
5471, 74
3572, 181
3785, 292
3914, 165
5409, 68
3948, 222
5317, 460
3945, 315
4190, 286
4019, 149
4343, 135
4040, 230
5321, 328
4350, 240
4205, 88
4209, 116
4031, 172
4497, 125
5412, 474
5307, 199
4366, 174
9262, 1
5444, 150
4381, 166
9287, 19
4382, 360
5438, 114
15711, 11
5311, 281
5666, 323
5859, 266
4097, 125
9460, 1
9306, 3
4420, 228
4085, 134
5687, 144
5697, 128
4614, 133
5388, 190
4634, 57
4145, 139
371, 119
4025, 195
4512, 180
5491, 123
5097, 118
4602, 94
4363, 203
4237, 49
4663, 38
5874, 120
6144, 73
4825, 22
4667, 25
4465, 91
9298, 1
355, 275
4582, 148
5725, 291
2349, 1121
9062, 1
9294, 17
5478, 467
4553, 192
9063, 10
5454, 184
6177, 50
6176, 175
9308, 1
9293, 1
2482, 1080
5542, 387
5528, 190
9324, 6
7168, 65
4733, 29
5730, 140
4686, 136
4683, 115
5954, 956
7171, 51
2647, 324
9305, 4
7172, 14
491, 275
10764, 1
9330, 9
4684, 130
5507, 246
5983, 130
4807, 22
5582, 99
4814, 25
543, 1124
5554, 140
5987, 60
2307, 1236
2617, 593
5553, 231
5501, 847
6205, 56
5218, 504
5216, 369
5174, 68
5172, 390
5191, 112
5493, 699
5405, 356
5400, 1023
4955, 93
2789, 412
5551, 177
5575, 160
5378, 999
2425, 771
9007, 9
395, 361
5548, 353
4809, 40
4489, 129
2951, 237
3309, 537
2902, 238
2744, 226
2919, 274
2920, 254
9494, 2
2829, 335
2777, 420
2991, 282
2801, 342
3177, 239
5994, 30
6194, 126
2717, 212
4032, 84
3294, 373
6187, 87
5649, 130
5993, 39
398, 356
10671, 1
4335, 709
399, 382
10672, 4
3857, 181
5165, 91
5719, 150
5702, 136
5674, 721
7198, 33
5338, 88
5265, 482
5727, 173
4409, 89
5343, 256
5272, 349
4430, 76
4575, 83
2910, 180
5302, 488
5204, 88
5213, 206
4419, 129
4400, 79
5153, 68
3013, 201
5282, 287
5304, 555
5310, 345
5270, 221
3251, 215
13524, 4
5333, 318
3969, 241
585, 1077
10858, 3
3950, 260
3940, 218
3955, 510
3961, 281
14234, 14
3494, 348
3813, 104
3893, 521
3989, 218
2971, 474
5732, 130
4404, 196
3255, 149
5676, 321
2916, 319
4214, 80
4159, 136
3628, 233
5021, 198
3639, 181
5353, 670
3644, 397
13917, 1
3655, 265
3627, 442
3789, 136
9471, 12
4161, 129
6033, 80
5243, 128
4148, 188
3838, 126
4192, 93
3848, 413
6231, 102
4228, 119
4994, 97
4256, 71
5054, 48
7211, 14
5056, 438
4508, 75
5250, 326
9368, 1
5318, 402
5039, 82
9354, 13
5314, 268
4531, 96
6045, 169
5146, 81
5187, 235
5373, 205
9351, 2
5101, 338
6043, 426
5257, 115
5109, 108
5334, 184
5215, 182
5251, 636
5337, 589
9122, 4
6009, 322
5723, 78
5268, 264
5598, 122
5850, 99
5842, 195
4247, 56
4303, 108
9473, 2
9479, 8
9127, 3
5289, 387
7897, 9
450, 288
10723, 2
895, 352
888, 3103
11161, 3
5585, 131
9496, 14
97, 240
10370, 2
4457, 129
7285, 5
445, 101
9526, 3
372, 325
10645, 1
914, 170
11187, 3
9528, 6
9179, 1
9527, 7
6087, 105
374, 297
5626, 120
9448, 5
9183, 1
5278, 134
6090, 122
5939, 79
9536, 3
4488, 89
5639, 182
4385, 339
3386, 527
3978, 209
4195, 147
5896, 219
5629, 72
5899, 245
9595, 7
4239, 42
397, 524
10670, 9
5625, 181
3179, 100
6148, 35
9570, 2
3568, 518
5608, 129
3625, 244
4087, 101
6146, 102
4244, 98
4297, 115
3574, 355
6147, 43
4173, 92
4083, 213
4337, 79
4368, 176
4361, 139
2813, 197
2807, 493
2832, 465
2836, 191
2841, 232
13114, 1
2990, 290
2664, 215
3112, 412
3204, 220
3938, 136
3227, 189
4578, 236
14851, 4
4129, 109
4664, 93
4324, 104
4598, 89
4391, 156
4157, 197
5906, 295
4194, 278
4415, 156
4196, 158
3665, 667
3934, 229
4170, 80
4023, 137
4118, 86
4024, 276
4428, 233
3783, 180
4128, 144
4348, 118
4221, 174
4401, 112
4296, 104
4418, 224
5514, 308
4392, 157
4437, 126
4292, 269
4331, 103
4637, 57
4398, 144
5521, 730
4403, 156
5891, 63
4520, 154
6384, 36
5391, 279
4499, 67
6386, 39
6195, 191
4866, 27
5574, 289
5581, 219
2526, 1189
4772, 350
6190, 134
4572, 50
4561, 74
5380, 623
5274, 273
4676, 118
9547, 2
6140, 47
5995, 46
5441, 121
3169, 304
4854, 55
930, 240
9531, 2
2718, 185
5518, 277
2735, 143
2764, 355
5515, 233
2854, 241
2913, 120
2907, 639
9534, 6
5838, 111
5657, 210
5529, 223
5620, 289
2897, 186
2956, 154
3016, 328
3262, 350
2959, 242
322, 251
5256, 49
5641, 684
2963, 147
3205, 186
6430, 30
3203, 373
9525, 2
3318, 505
3201, 177
3266, 337
5635, 138
3282, 318
448, 418
10721, 17
3210, 417
3291, 318
3271, 601
3299, 391
5562, 192
5556, 955
5632, 276
3322, 365
5319, 372
5309, 627
5577, 97
5299, 300
5793, 34
9673, 5
6073, 116
5404, 198
5382, 282
5402, 310
2384, 1005
919, 99
7404, 20
3363, 828
5968, 1032
3129, 329
3098, 155
9970, 16
5970, 462
6219, 206
5967, 291
6221, 144
7401, 87
5957, 269
9222, 23
9497, 5
7417, 113
7414, 64
9943, 6
6104, 136
6106, 261
6373, 100
7015, 27
9990, 48
9551, 9
6714, 52
9313, 5
9979, 9
9983, 92
7701, 6
3393, 431
6706, 68
9973, 15
6310, 69
9731, 87
6781, 42
10004, 5
6520, 53
6355, 69
3853, 214
6078, 25
6488, 20
3839, 79
6934, 35
7649, 16
3841, 226
7645, 19
7814, 16
6957, 30
7647, 26
4021, 144
7036, 28
7038, 51
6908, 10
6912, 22
6909, 10
6878, 34
6876, 48
6874, 20
9994, 16
7022, 18
9772, 104
9687, 10
9732, 2
9740, 4
6583, 129
9686, 6
4115, 115
3206, 283
4130, 138
7156, 44
7154, 5
7003, 14
7153, 40
7946, 26
6138, 38
8140, 31
8139, 11
3093, 488
13366, 4
3089, 179
3272, 483
6558, 98
3281, 371
3136, 155
2793, 340
3007, 161
13280, 2
3438, 981
13711, 4
3018, 220
3221, 402
3158, 167
3130, 209
3226, 810
3043, 231
3228, 479
3805, 210
3164, 335
3170, 184
3396, 279
2834, 206
3632, 344
4193, 240
3672, 428
4182, 116
4327, 101
3712, 152
3918, 187
6699, 25
3862, 187
3844, 207
3829, 172
6377, 45
4224, 77
4231, 137
6369, 40
4172, 108
6685, 18
4178, 213
4072, 99
6601, 25
4153, 80
4265, 95
6682, 90
6610, 8
4213, 88
7186, 5
9965, 27
6661, 14
10148, 3
6711, 19
4251, 192
6708, 39
6659, 66
6660, 84
6664, 24
446, 111
6655, 31
6749, 36
2442, 857
6658, 53
2326, 1167
4513, 317
6463, 161
6735, 69
2504, 740
4360, 161
3547, 242
3295, 552
4180, 268
3688, 344
4515, 218
3011, 120
6944, 21
3636, 499
3642, 401
9967, 10
7179, 52
7139, 5
7182, 92
6816, 48
6817, 21
7155, 39
3692, 264
4573, 67
3670, 383
3949, 265
3677, 465
3662, 141
3660, 233
3148, 120
4459, 101
6754, 45
2808, 440
2367, 658
3553, 376
2804, 710
2790, 373
3020, 272
2816, 127
2835, 113
2821, 380
2901, 181
2948, 428
3334, 311
7120, 54
6818, 104
6821, 503
6514, 214
6740, 56
4688, 88
6511, 39
6060, 84
6052, 77
6739, 26
6089, 25
7229, 26
3300, 619
10032, 2
6736, 173
8802, 2
6561, 420
5630, 119
6935, 34
6938, 47
6914, 3
6567, 94
6745, 27
7231, 42
6270, 53
6276, 96
6446, 92
6204, 56
6447, 57
6318, 397
6450, 168
6426, 21
6452, 314
6939, 37
6455, 96
6422, 21
6442, 16
6349, 327
6350, 23
6451, 99
8178, 9
6449, 556
5644, 585
6445, 51
6429, 43
5538, 107
6412, 550
6359, 25
6381, 68
6347, 25
6387, 107
5704, 187
6433, 42
6437, 36
6141, 79
3151, 208
6160, 498
6409, 90
6418, 23
6337, 52
6365, 58
6344, 125
4734, 31
6901, 59
6774, 74
6345, 74
6300, 60
6247, 27
6274, 34
6279, 26
6250, 89
6453, 50
10045, 10
6454, 145
6402, 51
6393, 21
3867, 323
3398, 532
3536, 755
6262, 83
3342, 423
6917, 32
3126, 174
3162, 407
5757, 157
5593, 314
3471, 233
4300, 66
6788, 142
3578, 253
3582, 296
13855, 1
6779, 21
3667, 538
4082, 204
3197, 169
3745, 324
3788, 536
6366, 30
6307, 225
5162, 58
5163, 185
6331, 254
7165, 31
5156, 69
4189, 128
6368, 29
5214, 233
5273, 657
6364, 63
5168, 211
6335, 135
5224, 143
5186, 182
5209, 277
6336, 102
5320, 88
5262, 225
5330, 187
5248, 231
6356, 100
5237, 306
4429, 79
4423, 79
4414, 105
7410, 67
6370, 33
6479, 35
6380, 24
6989, 10
4445, 289
5312, 221
5252, 389
10158, 18
2958, 185
6948, 52
2966, 182
13239, 1
2733, 214
3686, 354
5081, 125
2889, 197
2681, 352
3082, 556
2823, 123
3144, 475
3159, 315
6793, 17
6900, 30
5137, 50
3109, 453
3137, 162
3100, 104
3202, 508
3214, 229
2660, 642
5372, 722
2685, 241
7225, 2
7223, 30
7126, 17
7222, 69
5308, 272
6436, 49
6807, 43
7219, 53
3305, 572
7085, 12
7218, 51
7043, 16
7134, 7
6820, 134
2437, 1017
7215, 12
7094, 45
7052, 11
7303, 16
7280, 4
10183, 31
7281, 8
9986, 8
3154, 162
7380, 28
6378, 13
5469, 209
7294, 82
6395, 49
5862, 456
5901, 270
5875, 135
7060, 45
7288, 20
7291, 29
7067, 13
5888, 74
2949, 263
2980, 78
2766, 491
2941, 119
3668, 238
2967, 439
3638, 303
2970, 425
3710, 315
2978, 196
3579, 368
3074, 123
3069, 312
3564, 320
3219, 143
3167, 205
5600, 420
5606, 246
10116, 7
5609, 283
3716, 226
3577, 380
3526, 876
3538, 696
3607, 255
3617, 517
5631, 466
10206, 2
7220, 3
10207, 22
3727, 435
10195, 4
10208, 11
10209, 1
10185, 44
10205, 1
6353, 259
8298, 29
6604, 54
6498, 20
6292, 207
8084, 33
6294, 104
6030, 60
7362, 11
5805, 499
7295, 10
5825, 162
6124, 19
6152, 53
6153, 85
8393, 80
8403, 28
3127, 218
2730, 304
2985, 161
7472, 40
3105, 94
3443, 466
4033, 128
4044, 90
4060, 134
7242, 28
7241, 27
7310, 15
7244, 27
4181, 71
4064, 248
8404, 14
3671, 251
2708, 280
7481, 10
8405, 7
3691, 215
7517, 10
4103, 85
3729, 159
4187, 53
2527, 627
7511, 10
2689, 291
2684, 273
10271, 16
4077, 168
14350, 3
3621, 168
3207, 99
3128, 202
10127, 1
6065, 44
4043, 80
6870, 30
6067, 57
3650, 511
3735, 456
3872, 340
2750, 175
2767, 156
13040, 11
2799, 556
3108, 137
3656, 328
3168, 396
6832, 110
3519, 408
6839, 23
3558, 478
3747, 454
3728, 280
3736, 330
4175, 142
6092, 182
3079, 188
3060, 606
7408, 20
7409, 16
4036, 124
4034, 111
10214, 2
3741, 221
2861, 248
3734, 294
2800, 163
2989, 121
3000, 175
3133, 309
7532, 6
3347, 200
10227, 5
5710, 160
5739, 588
6103, 42
7297, 38
7152, 11
7372, 37
6105, 361
2935, 192
7151, 6
6961, 13
6098, 56
7147, 76
7144, 27
7146, 50
7143, 62
7382, 11
6206, 251
7121, 19
6048, 215
6224, 114
5972, 93
7313, 48
6088, 67
6094, 408
7568, 14
6182, 28
7106, 10
6207, 96
6220, 205
7138, 42
6212, 68
7569, 13
6203, 199
6133, 38
6161, 312
5474, 344
6218, 137
6211, 224
6215, 18
6183, 77
6198, 47
6192, 122
6099, 47
6084, 95
6108, 114
6115, 144
7141, 20
6114, 161
6068, 75
6015, 151
6047, 249
6178, 232
6120, 40
6209, 299
7305, 25
5729, 243
3687, 384
6163, 57
7124, 60
6695, 18
3630, 191
3683, 306
3988, 151
5783, 422
4125, 103
4163, 107
4584, 64
4570, 158
5784, 923
4593, 478
5292, 299
4579, 132
4580, 174
4491, 159
5789, 213
4496, 92
4462, 78
4470, 166
4500, 136
4501, 106
5344, 313
15617, 2
4555, 97
3800, 314
5792, 46
7348, 13
5063, 62
5052, 45
5019, 55
6164, 58
5610, 160
7000, 13
5611, 112
5948, 71
6139, 98
6107, 68
5379, 453
5366, 91
6006, 71
3292, 758
5509, 214
3166, 360
3173, 212
6000, 149
5513, 274
5255, 152
6101, 148
6233, 26
3017, 153
13290, 4
5947, 134
5558, 279
7276, 62
6314, 73
7311, 17
4008, 239
6392, 58
6389, 87
5315, 297
7263, 12
5113, 125
6401, 74
7257, 24
5160, 94
5164, 180
7384, 15
6399, 83
5313, 186
4250, 47
7444, 15
4503, 120
6403, 40
7387, 16
5241, 131
4564, 263
6405, 12
5134, 51
6404, 30
5249, 607
3478, 345
3325, 478
7530, 13
7520, 7
3609, 367
3722, 349
7346, 14
5226, 158
3962, 192
7340, 41
4438, 35
5546, 128
4050, 42
5565, 224
6135, 96
5751, 212
5749, 429
4613, 69
5715, 202
5286, 121
4473, 131
6214, 178
5370, 180
7411, 30
5621, 130
4649, 96
6162, 178
7548, 19
5627, 135
4481, 90
7539, 31
7549, 16
7275, 27
5034, 23
4988, 112
7541, 16
5277, 270
7278, 53
8540, 17
5849, 124
7193, 31
6169, 18
5774, 87
5489, 151
6173, 206
3200, 301
5517, 586
3051, 453
3328, 442
2663, 403
5840, 217
5734, 311
5736, 178
4841, 46
4832, 35
6517, 152
4407, 260
5656, 100
6519, 343
5683, 243
5069, 128
7650, 12
9219, 5
7330, 40
5115, 112
7325, 47
5228, 109
5238, 214
5202, 217
5171, 79
6423, 67
6416, 21
5190, 139
7581, 15
5766, 398
5180, 72
5173, 167
3713, 327
5170, 130
5527, 104
3624, 244
7467, 8
3669, 439
3664, 189
5244, 150
5181, 112
3922, 158
3810, 212
3804, 108
6397, 92
5200, 65
5195, 1031
2655, 412
4523, 155
5933, 180
6266, 60
5839, 85
6334, 53
5919, 59
5944, 599
4581, 111
4574, 206
5951, 311
530, 337
4563, 54
5941, 176
5962, 82
5946, 44
5060, 67
5016, 31
5266, 184
7751, 24
4643, 63
7360, 39
7582, 3
2756, 214
6157, 113
3225, 404
5980, 90
5682, 217
3116, 319
5681, 103
4845, 46
5654, 99
5908, 385
7396, 102
5647, 179
5650, 151
5192, 83
5903, 35
5536, 350
4070, 188
4875, 79
5123, 220
5030, 56
6600, 15
5111, 304
4952, 107
3040, 335
5116, 122
7449, 9
3780, 181
3681, 279
5508, 837
7431, 2
3778, 376
4916, 76
5103, 99
5877, 86
5120, 125
4127, 66
5022, 92
7461, 29
4074, 156
14347, 1
5696, 91
5695, 388
5053, 18
6007, 129
8574, 38
5176, 82
8575, 82
7393, 80
4774, 231
6482, 37
4750, 50
6688, 196
6379, 72
7724, 27
8573, 199
6383, 83
6385, 56
7728, 11
8571, 2
8056, 12
8092, 31
8498, 335
8497, 6
8363, 8
8385, 7
8349, 7
8248, 14
8275, 6
8462, 3
8262, 106
8469, 7
8273, 27
8283, 1
8408, 2
8290, 2
8373, 5
8341, 8
8402, 1
8335, 17
8435, 7
8364, 23
8382, 11
8377, 3
8485, 9
7576, 32
6406, 54
8436, 3
8496, 15
8438, 15
8558, 19
8548, 20
8482, 7
7759, 29
7757, 52
5660, 113
7020, 103
7017, 16
7018, 21
5703, 130
5201, 314
2676, 547
2677, 305
2680, 495
6012, 113
6724, 14
6021, 263
5700, 392
5638, 53
5717, 225
6028, 105
6057, 168
6723, 16
6354, 73
6134, 75
5764, 216
3928, 121
3619, 161
6151, 120
6167, 46
7013, 6
8543, 5
7421, 5
7902, 19
3674, 142
8037, 7
8507, 2
8509, 2
8629, 2
6585, 27
8639, 3
7150, 10
5961, 59
8426, 2
8742, 10
8749, 5
6731, 22
6729, 36
8755, 40
8745, 18
8787, 11
8750, 9
9344, 1
6853, 158
8338, 3
5907, 113
8933, 12
8941, 111
4951, 61
6537, 103
4869, 15
8678, 6
6848, 21
6952, 20
8932, 41
8912, 7
8578, 35
8940, 15
8309, 2
7519, 12
6358, 37
7426, 5
8210, 35
6535, 47
8937, 3
6586, 23
6648, 18
3031, 348
2820, 476
3982, 100
3050, 162
6864, 119
6589, 68
7005, 12
7356, 12
6578, 290
6591, 10
7010, 27
8562, 6
7366, 29
7338, 30
7370, 22
7543, 42
8517, 52
8332, 1
8523, 15
8519, 5
8526, 74
4261, 90
8516, 5
7221, 33
6796, 22
6795, 18
8881, 1
8632, 1
8827, 16
7720, 26
6966, 25
6932, 56
2831, 290
4961, 52
6956, 21
3929, 240
3875, 284
14148, 1
6971, 71
6963, 19
7879, 44
7878, 54
7687, 33
7768, 26
6881, 52
454, 174
7359, 13
6984, 23
6880, 18
7770, 271
7012, 28
7777, 26
7773, 55
7361, 7
6992, 5
7354, 13
7747, 11
7546, 43
7034, 12
4134, 312
7938, 2
7881, 127
7839, 20
4113, 90
4114, 67
7858, 13
4142, 244
9229, 6
9747, 1
10174, 11
10150, 5
9329, 3
10131, 4
10170, 8
10169, 6
10172, 7
10157, 1
9523, 3
10171, 12
10168, 4
9300, 2
9297, 32
9296, 1
9303, 3
9319, 1
9363, 27
9348, 2
9349, 3
9369, 5
9391, 13
9463, 1
9901, 17
9464, 4
9512, 6
9469, 4
9545, 1
9407, 1
9455, 1
9495, 46
9641, 14
9530, 1
9538, 2
9642, 3
9541, 3
9643, 6
9546, 3
9613, 1
9647, 349
9636, 30
9537, 1
9583, 4
9649, 10
9638, 5
9584, 3
9639, 6
9585, 2
9640, 8
9559, 8
9654, 17
9651, 4
9650, 31
9653, 1
9648, 2
9552, 4
9652, 2
9681, 2
9689, 22
9688, 8
9695, 6
9715, 2
9817, 6
4576, 240
9855, 1
7233, 29
9864, 1
6705, 35
4834, 88
6629, 17
6654, 40
6623, 20
6663, 10
10223, 1
6683, 33
6676, 32
6678, 49
6673, 54
6549, 83
6672, 7
10201, 9
6650, 55
10197, 78
9964, 6
10019, 2
10212, 12
9678, 4
8146, 3
10188, 3
10191, 4
10192, 3
7766, 34
8472, 5
8668, 5
7763, 2
6829, 53
7764, 32
4094, 93
10160, 4
10161, 6
10162, 10
10164, 11
10115, 5
10133, 6
10135, 18
10145, 2
10143, 4
10142, 5
10167, 22
10165, 5
10166, 2
10155, 7
10156, 24
10152, 1
9317, 1
8230, 9
9013, 26
8825, 5
9811, 10
6527, 377
4836, 48
6518, 88
4002, 104
14275, 2
4218, 71
4199, 186
4088, 135
8091, 13
4659, 286
4592, 124
4596, 413
4689, 52
9842, 5
8205, 4
5042, 45
4616, 31
4654, 41
4712, 53
4661, 90
4646, 159
4666, 59
9049, 2
8211, 10
4695, 232
5167, 307
8216, 10
9050, 1
5742, 674
9816, 1
5151, 40
8102, 8
8100, 12
6657, 49
8101, 68
7798, 9
7790, 29
7789, 59
8414, 35
8127, 200
8125, 443
8124, 297
8123, 14
8117, 30
8665, 7
6896, 17
7952, 53
4026, 138
10015, 1
8390, 3
7993, 9
7994, 8
7995, 78
8099, 18
8118, 17
9205, 1
8121, 232
8122, 113
8089, 20
461, 100
8109, 19
8020, 16
8023, 6
7245, 14
7256, 26
8570, 19
8119, 54
8120, 15
8105, 31
7423, 12
8106, 3
8088, 4
8035, 12
8057, 15
8063, 4
7589, 16
8378, 1
8857, 10
8014, 9
5008, 101
8858, 3
4853, 46
6256, 121
8017, 33
7972, 13
7919, 4
7951, 13
7922, 7
9203, 14
8078, 11
8075, 4
8337, 2
8026, 9
8079, 10
8111, 6
8104, 8
3622, 263
2968, 366
3358, 901
3377, 283
3382, 924
7177, 20
8264, 11
6622, 30
8267, 25
7180, 13
4818, 105
6466, 97
7149, 27
8263, 23
6474, 9
8554, 3
7274, 7
7181, 46
8266, 5
9542, 4
6972, 62
8834, 35
8398, 1
8399, 6
9150, 10
8837, 21
3915, 216
6940, 26
6751, 9
8245, 23
6762, 85
6931, 179
6783, 24
6765, 37
6782, 20
6813, 25
6809, 11
8233, 11
7314, 10
6812, 13
6920, 14
4773, 343
9248, 5
6916, 38
6919, 76
6922, 10
9899, 3
6802, 12
6869, 18
6193, 27
6891, 46
6962, 14
6960, 3
4758, 164
6997, 6
6965, 32
4759, 61
6933, 18
8986, 11
6967, 46
4775, 43
6964, 22
6936, 22
4817, 54
6954, 78
8226, 6
8964, 3
8228, 6
6951, 95
6950, 13
4906, 87
4858, 52
4857, 38
6987, 29
7339, 8
8815, 1
8244, 8
6995, 8
7002, 15
7001, 19
8249, 4
8397, 1
7008, 17
7006, 18
8544, 7
4877, 38
8319, 13
8786, 53
7677, 13
8782, 50
5552, 410
4995, 141
8621, 11
8454, 12
9830, 2
8456, 4
9835, 11
4998, 250
8635, 9
4977, 86
8599, 26
8461, 12
8460, 41
5073, 101
8463, 26
3975, 286
9247, 11
3792, 207
3132, 215
4605, 50
8707, 6
8944, 2
8725, 5
7212, 49
4524, 100
4317, 170
4658, 67
8721, 4
8514, 2
4436, 38
9025, 8
9311, 11
7567, 7
8809, 39
8563, 7
7565, 48
7533, 10
8946, 8
7562, 90
9234, 3
9824, 24
8951, 9
5716, 91
8471, 12
9730, 4
7259, 19
7258, 29
7230, 27
5618, 195
5668, 258
7251, 18
9260, 9
7615, 26
9814, 3
9818, 5
7625, 7
9815, 12
9280, 2
8093, 16
8832, 11
9813, 1
9004, 4
7644, 10
7468, 16
7739, 7
8622, 12
5794, 124
5782, 943
7292, 17
5795, 94
5797, 133
9708, 37
7505, 24
7857, 24
5964, 81
5963, 117
5965, 105
5940, 85
5943, 197
9565, 11
7637, 10
7817, 13
8339, 2
9564, 85
9480, 19
9476, 2
9470, 1
9477, 14
2737, 260
5386, 124
9117, 3
4824, 76
3063, 108
5720, 131
5637, 105
5677, 732
5670, 195
5653, 129
2657, 441
9404, 37
5659, 84
5826, 336
10119, 1
9168, 1
6064, 66
5745, 374
5820, 311
5750, 219
5753, 93
5178, 130
8784, 1
6035, 65
9003, 1
8905, 1
5711, 1037
5714, 190
5607, 356
8998, 2
9001, 23
8982, 5
9881, 1
5586, 259
6050, 168
8936, 5
5597, 160
5580, 74
8996, 8
5602, 285
8995, 2
5561, 336
5384, 141
8838, 4
5583, 96
5579, 132
8953, 14
5595, 203
5832, 409
5905, 445
3937, 246
9065, 39
6081, 55
9656, 3
10056, 6
10028, 6
5651, 332
5910, 153
8054, 1
7808, 14
3847, 297
5930, 102
5969, 74
5642, 444
10134, 1
9995, 8
7819, 8
7799, 11
7825, 31
9985, 15
9944, 3
7096, 19
9957, 10
9954, 6
5693, 341
7299, 22
9980, 1
9989, 4
8970, 1
5999, 227
9623, 2
6020, 403
9533, 37
10002, 2
9543, 19
5777, 693
6332, 128
4607, 109
6143, 87
5904, 137
9165, 6
6156, 173
4627, 43
6109, 195
6086, 63
4656, 35
6154, 110
4626, 56
9154, 5
8240, 12
5911, 166
10089, 200
7911, 14
5894, 45
5863, 336
5442, 225
9061, 12
9059, 24
5752, 111
5612, 270
7840, 20
6080, 62
2745, 195
9462, 9
3284, 396
6113, 174
9210, 1
9408, 13
9138, 5
6117, 820
6363, 220
9429, 1
6362, 74
9406, 4
9670, 2
6142, 9
8317, 3
6376, 202
9716, 3
9097, 5
4685, 81
6575, 52
6574, 30
5898, 38
5920, 51
7999, 3
9948, 1
5927, 270
9949, 3
5916, 295
2739, 329
13012, 1
5831, 125
9149, 7
6492, 27
10144, 2
2665, 262
9667, 2
6577, 310
6342, 59
6340, 48
6181, 88
6185, 196
8154, 12
9352, 5
8159, 17
6240, 141
6016, 366
6550, 396
6394, 33
6608, 88
6606, 77
9174, 11
9675, 3
3956, 183
9393, 4
2895, 390
9233, 2
9680, 1
9184, 2
6620, 50
6407, 61
9239, 2
9420, 1
8466, 8
8464, 1
9261, 7
6649, 8
9236, 6
5950, 292
3957, 132
6598, 37
9421, 8
6602, 77
6008, 132
5817, 68
6005, 81
5616, 411
9801, 1
5880, 43
5984, 20
5976, 52
5996, 64
6002, 460
5193, 220
5990, 136
5991, 116
5973, 101
5942, 128
5998, 63
5985, 81
5979, 14
5889, 71
9425, 3
6551, 41
6548, 168
5811, 909
5921, 31
5959, 53
6003, 64
3757, 302
9288, 18
3375, 400
3035, 86
9520, 9
4516, 442
6646, 32
5679, 204
4704, 41
5925, 178
9754, 4
5864, 363
5813, 390
5815, 193
6581, 40
5883, 94
5157, 108
5879, 47
5198, 101
5323, 106
5329, 892
6054, 214
9440, 1
2721, 430
6102, 94
3021, 277
9276, 5
5147, 81
5159, 77
5125, 116
10257, 25
8524, 9
4941, 53
5981, 111
5756, 397
8162, 4
8157, 6
6417, 78
8166, 39
5786, 202
4829, 19
6704, 75
6750, 14
5958, 94
9384, 1
9844, 28
9837, 10
2723, 92
5810, 230
6669, 23
4840, 113
6041, 47
4716, 59
6017, 290
4722, 123
4755, 36
4743, 302
4715, 83
4749, 27
4619, 53
4883, 19
6063, 170
4820, 31
6049, 599
9751, 9
9728, 22
4537, 66
10251, 3
6159, 486
9734, 2
8259, 5
5821, 520
8256, 33
6208, 122
5761, 495
5689, 313
3157, 78
5809, 125
9472, 2
9467, 9
9415, 1
9860, 8
10215, 6
6079, 107
9416, 4
2704, 567
9418, 2
2759, 265
5937, 120
9561, 1
9553, 1
9562, 2
10076, 1
6295, 241
5633, 93
9567, 2
6850, 13
9451, 1
5622, 62
2702, 300
6254, 135
5571, 992
5175, 86
5853, 260
10242, 1
5399, 900
5423, 274
5560, 206
10219, 1
6835, 111
6836, 18
5369, 333
6903, 13
3733, 146
4493, 187
4467, 75
9452, 2
6843, 15
6014, 97
6918, 9
10236, 1
9474, 7
8717, 33
6868, 89
7058, 282
6865, 93
9436, 11
6849, 124
6748, 29
6893, 37
6894, 29
10140, 4
6764, 39
6770, 19
8748, 18
6871, 29
9413, 12
6273, 41
10105, 5
6910, 7
8923, 12
6999, 49
6642, 30
6644, 58
6641, 41
6618, 26
6614, 25
6976, 6
7194, 19
6822, 13
5909, 196
6834, 35
5913, 132
5822, 243
6592, 20
5801, 290
5684, 161
6070, 43
6615, 66
7115, 4
9885, 5
6085, 42
10249, 1
6801, 36
5929, 181
6116, 136
6128, 55
5936, 337
5932, 67
6632, 24
10261, 2
7009, 18
6026, 167
5956, 193
6789, 24
6348, 322
5966, 97
6165, 287
6158, 69
9963, 2
6351, 33
10268, 9
9903, 1
10187, 1
9914, 31
6168, 110
10090, 295
6184, 147
8866, 1
9076, 4
6287, 50
6613, 32
9301, 7
9307, 24
6229, 63
7117, 8
3798, 316
6391, 42
6875, 117
6866, 17
6854, 186
6851, 43
6860, 86
6427, 11
7080, 6
7267, 54
7048, 26
7040, 12
6883, 121
6621, 36
4569, 250
7082, 25
7081, 16
6473, 35
6693, 17
6490, 30
6694, 21
7250, 23
6502, 37
10063, 4
6489, 75
6631, 13
7246, 15
6701, 33
9291, 32
4514, 170
9284, 12
7779, 49
7574, 26
7324, 41
9267, 7
9278, 11
10125, 3
10128, 3
6743, 58
10266, 3
7828, 28
6877, 94
6747, 8
6863, 34
8505, 2
3791, 286
6784, 18
6856, 52
6983, 10
6823, 18
6804, 55
4920, 48
9353, 3
9361, 2
4105, 146
7064, 8
7602, 2
7286, 8
6887, 19
6906, 18
9519, 13
7983, 7
6955, 27
6557, 110
6587, 19
7326, 16
6110, 49
6930, 24
7652, 43
7323, 39
7329, 18
7049, 33
6859, 18
7037, 47
7985, 39
7063, 87
7059, 73
7061, 49
7030, 32
7741, 25
7050, 4
7351, 49
6958, 24
5974, 230
7352, 22
7057, 516
6251, 43
7053, 19
7072, 18
7055, 11
6315, 136
7041, 4
7045, 35
6767, 31
6975, 29
7032, 17
7026, 6
7056, 30
4793, 18
7054, 10
6884, 7
6889, 10
7021, 28
6970, 27
7065, 26
7062, 159
7353, 16
3825, 346
7176, 11
7738, 22
6296, 137
7029, 18
6844, 28
7024, 6
6464, 45
7023, 31
7187, 4
7191, 36
6253, 92
4208, 154
7209, 9
7201, 13
5890, 213
5886, 161
7703, 13
5885, 162
7216, 19
7590, 5
7971, 9
6986, 22
6371, 45
7965, 28
7974, 16
5955, 123
7004, 38
5931, 204
6497, 33
5915, 142
7979, 14
6890, 13
6495, 162
6692, 123
5997, 56
9540, 5
9548, 27
8252, 19
8010, 121
7926, 26
7916, 4
7923, 8
7942, 27
7977, 39
8009, 18
7786, 22
5887, 175
6831, 34
6709, 36
6710, 24
3814, 73
6696, 36
5978, 40
5989, 51
6346, 393
6730, 28
6728, 62
6720, 71
6769, 146
6189, 208
5712, 168
5773, 74
7523, 52
7692, 20
7524, 10
6022, 329
7507, 24
8090, 14
5986, 137
7699, 10
5992, 138
7508, 4
6025, 193
7482, 15
6841, 14
7456, 3
6797, 40
5599, 234
6434, 19
6811, 27
8133, 14
7913, 13
7910, 38
8137, 29
6475, 21
8142, 17
6122, 84
4641, 51
7793, 70
4719, 365
6526, 332
6419, 31
6420, 28
6555, 45
6415, 45
8138, 16
9524, 4
6398, 37
7648, 38
7623, 9
7600, 9
7949, 7
7611, 78
7638, 13
6772, 159
6435, 47
5367, 249
7662, 28
7975, 18
7896, 17
3869, 171
7936, 26
4591, 122
4639, 69
8242, 5
7920, 3
4710, 35
7945, 9
9717, 2
6499, 76
7875, 6
7870, 65
9668, 4
7871, 4
6508, 50
9685, 1
6258, 45
7904, 5
7740, 15
6565, 454
7769, 16
6506, 42
6470, 39
8174, 6
9804, 4
5652, 83
5787, 251
5675, 289
3188, 288
5803, 98
9895, 3
9896, 7
9875, 31
8305, 2
6136, 38
7479, 33
8370, 3
8301, 30
5699, 143
8300, 5
3559, 261
7865, 7
8006, 7
6125, 38
7835, 43
6485, 99
6524, 244
8295, 13
6525, 315
7836, 39
7111, 10
4624, 42
7076, 5
6534, 5
5636, 395
7369, 23
6261, 192
6260, 51
3873, 92
6038, 70
6001, 288
6911, 11
6892, 18
6268, 92
6267, 23
7364, 9
7315, 18
8304, 6
7935, 13
6716, 29
5707, 91
5705, 112
6882, 23
5834, 292
5003, 41
5775, 180
8152, 1
5780, 190
5802, 271
5785, 191
5779, 260
8172, 19
7379, 12
6037, 65
4483, 73
7383, 13
8189, 2
8193, 1
8315, 2
8184, 11
8182, 1
8192, 3
8191, 5
8354, 53
6815, 24
5645, 187
7202, 16
7553, 121
7084, 10
8330, 1
7395, 21
8348, 16
8375, 15
6945, 63
9935, 3
8340, 2
8218, 4
6388, 20
5671, 217
8353, 3
8083, 8
8167, 18
8086, 30
8254, 26
8351, 29
8365, 3
8347, 2
6303, 112
8081, 5
4644, 177
4707, 69
5522, 278
8131, 7
6982, 17
9987, 3
5623, 229
5640, 126
7260, 25
5604, 339
7217, 50
6282, 87
5917, 208
4675, 46
4822, 25
4645, 35
4931, 69
5012, 158
6044, 216
7283, 30
8247, 10
6635, 17
4910, 29
5843, 647
8241, 14
7282, 41
7321, 4
6625, 93
5754, 247
7744, 5
6758, 12
5865, 325
6637, 41
5868, 259
5812, 882
6132, 99
7385, 12
6638, 43
7683, 100
10070, 6
7691, 77
7042, 11
10069, 14
7690, 30
8312, 25
5549, 89
5557, 908
5564, 136
6840, 8
6780, 81
7563, 7
8270, 6
7898, 5
7388, 25
7749, 48
7760, 27
7753, 64
7755, 15
8441, 1
7550, 7
6462, 21
6280, 70
6428, 69
8313, 12
6612, 74
3749, 99
6717, 15
6590, 53
7748, 21
8418, 21
8568, 22
4880, 19
6374, 195
8552, 52
8545, 11
8551, 20
8455, 9
7365, 21
6681, 60
6607, 20
6609, 63
8002, 4
6545, 94
4681, 18
7792, 47
7591, 45
10048, 11
8488, 2
8490, 1
10037, 1
7609, 42
7585, 5
7607, 72
7605, 19
6771, 11
5613, 382
6674, 48
6595, 30
6338, 81
6582, 14
7178, 95
6584, 74
6675, 35
8609, 16
6570, 29
6472, 70
6471, 13
6091, 79
6123, 39
6285, 67
6238, 31
7306, 15
8416, 10
7732, 14
7307, 21
6665, 17
6232, 97
7752, 45
6252, 32
7746, 2
7319, 52
8530, 34
5673, 1011
6372, 28
6867, 23
7807, 8
5762, 666
6237, 69
8527, 4
6826, 65
7347, 31
5912, 82
5960, 113
6611, 46
6897, 23
5893, 44
6842, 21
8615, 22
8539, 11
7811, 7
8662, 5
7970, 2
6509, 52
6500, 29
6507, 48
7078, 32
7452, 5
6188, 46
6228, 140
7174, 13
7170, 14
7268, 18
7866, 31
7869, 9
7336, 5
7337, 18
7867, 3
6505, 19
6246, 182
6244, 123
6243, 29
7205, 25
7961, 1
7289, 6
6308, 108
6027, 40
5952, 171
7167, 14
6653, 20
6670, 17
7166, 38
5665, 153
6942, 125
6959, 7
5658, 108
7908, 58
8470, 1
6382, 19
10237, 4
6647, 64
9658, 3
8910, 1
5953, 314
7163, 31
5945, 79
7686, 14
6501, 18
7561, 46
6521, 545
6496, 35
7440, 25
7437, 12
9468, 12
7890, 6
6460, 38
6757, 52
7629, 8
6759, 30
7304, 15
7249, 8
6727, 63
7500, 6
6686, 40
6838, 123
8007, 6
7308, 18
7610, 25
6476, 129
6443, 31
6438, 79
8013, 2
6785, 34
7685, 38
8110, 7
7958, 7
8409, 9
7960, 6
7028, 11
4855, 37
7624, 1
7959, 95
8318, 2
8697, 12
6510, 24
8735, 4
7714, 10
7727, 19
9456, 2
8703, 2
7296, 85
6459, 46
6556, 154
6554, 166
6481, 10
6413, 149
7066, 22
6921, 27
6852, 487
7083, 5
7657, 13
7098, 24
7109, 26
6668, 12
6666, 28
4595, 159
7068, 1
6698, 7
6630, 19
7158, 46
7114, 2
7700, 26
7116, 3
6721, 42
6746, 16
6744, 26
6738, 20
6741, 11
7119, 43
9664, 2
7733, 6
9457, 1
7429, 7
8475, 2
7430, 9
7271, 11
8474, 52
7432, 14
7265, 38
8253, 15
8212, 38
8187, 17
4216, 127
8208, 5
4668, 15
4522, 46
8186, 5
8251, 2
8201, 5
8284, 20
8274, 1
8260, 1
8220, 4
8261, 15
7243, 20
7800, 29
5892, 131
5541, 118
9611, 10
9617, 36
7051, 18
8813, 6
8520, 2
5690, 167
7035, 9
9466, 13
5543, 334
8323, 2
8291, 13
8296, 1
7135, 33
8257, 7
8352, 4
7137, 14
8183, 4
8320, 18
9599, 2
7725, 12
7439, 8
9064, 8
8477, 10
9057, 1
8484, 1
7232, 12
7446, 14
7238, 26
7588, 9
7575, 5
5867, 453
7596, 35
7598, 15
8098, 6
4577, 60
8386, 30
5540, 688
7933, 31
7594, 19
8222, 24
7033, 38
5855, 67
8626, 15
5982, 53
9690, 1
9692, 2
8500, 2
9703, 1
8667, 3
8666, 10
5884, 114
8569, 6
7797, 1
7795, 22
7796, 36
7785, 24
7526, 81
7788, 40
6768, 96
7483, 35
7780, 60
8207, 5
6718, 18
6872, 17
8135, 20
8730, 9
8096, 5
6803, 24
8763, 6
8772, 28
8572, 37
8362, 3
8350, 1
6414, 693
8361, 12
7847, 75
6981, 7
8358, 15
7829, 11
8356, 10
8494, 9
8579, 1
8657, 1
8669, 4
8591, 4
8374, 6
6540, 20
6411, 11
8759, 14
8630, 6
9092, 8
8407, 7
8738, 83
8202, 12
6775, 16
7921, 2
7927, 8
6264, 301
9033, 11
8506, 4
6752, 25
6277, 52
6311, 102
6572, 99
8659, 4
7826, 5
8691, 25
6512, 41
9742, 6
7118, 26
7125, 33
5816, 112
8747, 7
8641, 2
8628, 2
8502, 15
8814, 8
9604, 2
7996, 10
9042, 5
6227, 662
8442, 26
8008, 21
8114, 8
8116, 25
7630, 6
7213, 9
8444, 2
7990, 26
7378, 19
6265, 71
8810, 22
8999, 41
9760, 2
9000, 48
8916, 21
8906, 8
8913, 3
8966, 2
9015, 2
9757, 1
8788, 4
9770, 4
9758, 9
8823, 1
6690, 163
8820, 11
8822, 1
8880, 1
9792, 3
8899, 4
8892, 1
9803, 5
8929, 1
8904, 3
8896, 1
8371, 13
7400, 34
7386, 17
9746, 1
8997, 1
6410, 49
5601, 1050
5617, 197
5646, 87
6179, 94
6271, 53
6343, 40
7618, 5
7164, 33
8968, 29
6627, 65
6639, 16
6643, 23
8948, 2
8902, 4
8900, 2
8884, 7
8901, 8
8903, 11
7236, 11
8883, 1
8973, 1
7658, 77
7412, 52
7418, 64
6522, 339
9373, 8
7668, 18
5900, 132
7665, 36
7402, 80
7555, 34
7554, 34
7666, 18
7557, 28
7667, 24
5619, 314
7502, 1
8565, 6
7552, 41
4856, 33
7465, 5
6573, 35
6927, 39
6928, 11
6725, 179
8491, 5
7470, 25
5781, 163
7234, 3
7558, 48
7674, 4
7239, 6
6626, 36
7189, 5
6978, 16
6619, 31
7237, 12
7210, 15
9323, 10
8977, 2
9044, 2
8979, 6
7595, 2
7656, 1
6991, 25
6929, 73
6994, 11
6786, 13
9056, 11
7091, 20
7016, 62
9726, 8
8631, 1
9068, 8
9010, 5
7070, 18
9011, 2
7837, 65
7577, 7
9084, 6
7583, 141
7570, 10
7653, 79
5776, 432
7097, 10
9070, 15
7287, 3
9072, 7
7821, 10
9315, 3
7712, 45
9282, 4
7112, 1
7580, 13
7693, 31
7688, 3
7887, 32
7344, 7
9289, 31
7831, 30
9091, 26
6249, 81
8829, 16
9102, 17
6131, 21
6129, 60
7425, 14
7661, 59
6241, 154
9043, 3
9098, 17
7367, 89
7027, 28
8871, 7
8877, 54
7706, 4
7416, 14
7708, 40
7893, 12
7713, 27
6776, 29
7716, 13
9113, 3
7719, 23
6810, 3
9839, 12
9134, 9
9087, 7
5614, 136
5971, 411
6925, 23
7984, 11
6713, 30
6712, 84
9430, 1
6700, 69
7775, 28
6697, 23
6032, 86
7929, 81
6662, 12
6761, 6
6998, 14
6703, 23
9871, 1
6778, 4
6819, 373
7509, 26
7531, 72
7537, 56
7397, 24
5977, 38
9147, 85
9108, 1
9116, 2
9125, 4
6597, 10
7846, 6
6544, 65
8128, 5
7783, 89
6112, 87
6755, 9
7368, 135
6390, 58
7381, 9
6491, 23
6408, 42
9035, 3
7277, 15
6636, 12
6515, 51
6529, 116
9484, 1
9488, 4
7252, 15
7105, 3
6742, 12
8108, 10
7208, 7
7822, 105
9045, 9
9907, 6
9071, 14
7895, 4
9399, 9
7787, 3
9483, 9
9074, 2
8042, 8
7200, 30
8069, 2
6756, 30
7823, 3
6357, 188
8041, 26
8045, 11
6421, 56
7767, 21
7801, 29
7943, 29
7128, 11
6568, 49
9358, 5
7845, 16
7948, 8
7778, 15
6800, 5
6248, 76
7782, 16
7954, 4
6531, 49
6516, 80
7771, 18
7632, 11
7248, 14
6352, 45
7631, 4
6830, 80
7584, 1
7087, 9
7333, 40
7803, 12
7684, 85
6974, 8
6483, 84
6487, 51
7603, 20
7195, 65
7273, 12
7131, 12
7142, 6
7175, 15
8246, 14
7332, 29
7327, 4
7593, 13
6082, 96
8132, 3
9503, 28
6926, 6
7227, 7
6689, 17
8368, 4
7184, 5
7987, 8
7851, 8
7188, 5
6719, 65
7436, 14
7136, 17
8326, 7
9933, 1
7405, 31
7745, 44
7894, 3
6726, 483
7907, 26
7905, 43
9345, 4
7774, 77
7966, 14
7776, 14
7781, 7
7758, 32
7784, 3
7457, 9
7373, 14
6973, 17
7538, 17
7464, 62
7707, 3
7730, 6
6827, 8
8067, 14
7663, 9
7357, 19
7914, 87
7312, 25
7358, 9
7355, 17
7915, 11
7715, 28
8316, 45
7536, 19
8087, 4
8038, 16
9894, 9
9923, 5
7420, 9
8324, 13
7130, 3
7675, 9
8021, 4
6640, 22
9401, 9
6111, 282
7872, 34
7734, 5
9934, 1
7806, 9
8200, 15
7884, 18
9370, 1
7398, 14
6687, 27
7302, 26
6737, 8
6766, 27
6763, 61
6993, 11
6633, 22
6799, 9
7852, 2
7900, 4
8196, 4
6569, 17
7903, 11
7655, 91
7007, 6
7525, 26
6985, 14
7162, 37
7157, 9
7093, 7
6773, 7
6907, 13
7240, 8
7047, 29
7664, 65
7909, 20
9274, 2
7169, 39
4786, 12
7566, 10
8072, 26
7978, 4
9255, 11
7988, 5
9491, 2
8269, 2
7226, 37
9273, 1
8547, 1
6879, 50
9941, 5
9271, 3
7794, 20
8366, 4
8328, 1
8369, 5
6969, 18
9318, 1
8396, 2
9868, 7
8981, 8
8769, 3
10270, 5
8714, 8
8204, 24
7646, 14
8203, 56
9930, 12
8168, 24
9929, 2
6923, 9
9902, 2
8674, 1
6847, 17
7527, 20
6790, 29
6814, 14
6845, 54
6792, 14
8447, 4
6846, 16
6684, 19
7604, 8
8854, 12
8852, 6
8845, 1
8171, 6
8236, 2
7992, 1
9714, 6
8859, 6
7331, 6
6787, 9
8440, 1
7980, 10
8225, 4
8032, 9
8221, 3
8018, 6
6715, 27
7073, 4
8016, 6
7651, 9
8165, 4
8046, 11
7148, 49
8420, 12
7717, 36
8030, 12
9915, 3
8043, 4
8614, 13
9921, 3
8439, 4
8065, 4
8055, 6
7737, 28
8094, 19
7616, 13
8478, 11
7103, 10
6947, 20
8661, 17
8637, 2
9736, 48
9724, 7
9722, 194
9720, 4
9207, 1
9264, 3
9646, 6
7224, 11
9498, 2
9426, 1
9618, 3
9424, 1
9434, 2
9557, 2
9441, 2
9522, 2
9492, 2
9486, 3
9515, 1
9634, 1
9645, 3
7448, 7
9587, 2
9707, 18
9697, 10
9705, 5
9631, 13
9723, 24
9343, 3
8976, 2
9427, 2
8962, 2
8149, 11
8761, 47
7318, 6
7039, 7
7266, 25
9918, 8
8764, 101
8726, 3
7934, 12
8754, 6
7873, 6
8103, 34
6679, 18
9437, 4
8907, 2
7899, 32
8739, 5
7551, 25
8664, 7
7863, 39
8737, 7
8971, 1
6691, 362
8956, 2
6671, 43
8875, 1
6603, 7
6062, 29
6722, 13
8954, 6
6707, 25
7079, 14
7089, 15
8915, 1
8914, 6
7841, 1
7861, 10
8448, 4
9616, 2
7528, 5
8419, 52
8085, 11
7955, 14
8392, 46
8793, 2
8097, 11
8712, 17
8148, 2
8972, 3
8430, 2
8428, 22
8705, 53
8281, 7
8481, 4
8767, 4
8709, 2
6915, 31
8286, 5
8711, 15
8521, 14
8383, 6
8468, 4
7427, 14
7110, 9
8625, 29
8935, 1
8412, 4
8413, 2
7127, 4
7132, 22
7133, 2
8518, 1
7203, 19
7046, 9
8816, 4
8357, 3
7709, 16
8618, 6
8355, 17
7962, 4
8704, 4
9945, 3
8702, 2
8930, 36
6486, 21
8567, 4
9926, 9
8237, 2
9629, 9
9619, 8
9028, 2
8654, 1
8610, 4
6680, 4
8958, 8
8612, 9
7642, 6
8607, 6
8833, 2
8853, 3
8534, 2
7802, 95
8938, 29
7912, 11
7710, 12
7726, 15
7721, 67
9928, 8
8804, 3
8890, 1
8891, 4
7848, 4
9314, 3
9710, 7
9478, 1
9346, 7
9465, 5
9374, 3
8029, 40
8849, 5
8028, 5
9682, 14
8746, 11
9676, 10
9600, 13
8271, 19
10058, 16
10057, 9
8258, 23
8874, 2
8036, 5
7284, 23
8792, 2
9126, 1
9114, 26
9574, 2
9433, 2
9877, 1
8886, 1
9111, 1
8887, 1
8181, 11
9090, 5
8299, 2
6484, 99
6988, 50
9171, 5
10066, 3
9798, 7
8989, 7
8143, 36
8306, 3
8817, 1
8229, 38
9694, 9
9698, 22
8533, 81
8532, 2
9863, 1
9182, 1
9173, 2
9077, 2
10081, 4
9073, 5
9659, 3
9257, 3
7371, 8
7254, 14
7503, 19
7272, 17
7413, 19
6504, 16
7711, 41
7695, 78
9630, 13
7694, 50
9558, 4
8623, 12
6617, 15
9501, 1
8613, 1
10055, 5
9663, 1
9563, 1
10061, 2
8744, 14
8616, 1
8617, 13
9459, 5
7925, 1
7950, 4
7621, 48
7113, 2
9607, 1
7762, 38
7765, 20
7953, 13
8715, 1
8733, 10
8716, 9
9727, 2
7086, 12
8740, 8
7161, 10
9414, 13
9405, 14
9395, 6
9683, 1
9605, 12
9603, 3
8794, 1
7578, 5
9936, 7
7678, 15
7654, 32
7335, 29
7944, 23
7941, 9
9956, 2
9955, 4
6431, 22
6667, 22
7888, 19
7968, 27
7967, 5
7723, 26
9922, 3
9924, 9
7571, 10
7564, 31
7673, 46
7572, 9
7586, 36
7704, 12
6733, 7
6656, 7
8044, 8
9846, 4
7639, 11
7886, 62
7756, 13
7679, 22
7702, 1
9428, 3
7090, 3
10111, 1
6888, 29
9509, 1
6645, 16
7860, 16
7122, 6
8145, 5
9550, 1
9578, 4
9506, 2
8925, 2
9539, 1
7928, 9
7850, 1
8130, 15
7883, 14
10121, 8
10011, 1
10009, 4
7842, 30
7812, 1
9620, 1
8180, 22
8188, 9
6702, 57
7544, 1
7419, 8
7301, 15
9341, 4
9338, 9
7415, 2
9624, 1
7628, 8
7991, 40
9853, 1
7074, 6
9752, 3
7696, 5
7512, 33
7204, 7
7391, 9
9753, 1
9744, 6
8227, 5
10030, 5
9169, 1
9884, 10
9912, 7
7075, 11
7422, 5
7964, 4
7334, 21
9671, 2
7099, 7
7102, 4
9721, 13
7560, 2
8988, 2
9696, 11
7469, 8
8429, 5
7956, 5
9799, 2
7328, 26
6949, 19
9785, 28
9784, 8
10022, 3
7374, 8
7682, 2
8417, 2
8443, 2
9228, 20
7612, 8
8425, 6
9226, 16
7981, 54
7729, 8
7044, 14
8492, 3
9776, 3
9856, 1
7540, 111
10253, 9
7998, 1
7940, 3
7643, 5
6980, 8
8360, 5
10238, 6
10245, 30
8134, 6
7986, 4
9807, 1
9900, 6
9892, 2
8289, 3
6480, 47
7743, 3
7880, 13
7192, 6
6895, 11
7316, 48
8381, 1
8206, 3
7145, 6
9869, 27
8060, 11
7129, 3
6628, 5
7350, 4
8250, 19
7824, 5
8450, 12
8451, 19
8576, 1
7521, 12
10075, 10
7969, 25
7407, 28
8410, 1
8025, 7
7613, 34
7455, 9
7601, 9
7088, 23
9861, 5
7255, 3
7635, 5
8682, 3
9485, 30
7435, 2
8728, 9
7671, 12
7670, 47
7660, 7
8391, 31
7813, 1
7680, 3
7761, 10
8293, 43
8141, 17
10106, 9
8015, 4
8185, 4
7071, 11
9887, 2
7247, 9
7185, 1
7207, 1
8380, 4
7862, 68
8265, 1
10007, 6
8811, 4
8173, 8
9913, 2
9854, 2
7689, 31
8967, 3
7772, 1
8126, 8
8156, 3
10141, 5
8169, 8
7183, 12
7957, 2
7947, 24
7619, 8
8005, 6
8660, 1
8897, 17
7264, 2
7659, 8
8627, 1
8549, 17
10254, 1
8195, 2
8194, 73
8698, 12
7587, 2
7031, 11
8566, 2
8276, 1
8297, 1
8766, 2
8190, 4
8765, 3
7982, 1
8679, 2
8647, 2
7742, 1
8282, 2
10139, 1
7559, 23
8177, 21
8752, 28
8308, 4
8209, 13
8040, 17
7906, 15
8400, 2
7279, 17
8724, 5
8732, 26
8449, 1
8170, 4
8163, 11
8333, 6
8415, 2
8975, 2
8457, 2
7269, 68
7019, 15
8314, 3
8957, 8
8991, 7
8487, 4
7892, 11
9027, 8
9032, 23
9023, 2
8870, 3
8650, 1
8760, 3
7100, 11
8634, 1
9067, 14
8965, 2
8144, 1
8129, 19
8153, 1
8255, 14
8452, 5
6996, 1
7854, 5
8372, 10
8343, 5
8238, 1
8239, 8
8427, 4
8536, 8
8499, 5
8528, 14
9026, 4
7453, 10
7640, 12
8136, 3
8771, 5
7298, 6
8619, 2
8879, 8
8158, 14
8061, 7
8826, 1
7735, 10
8693, 10
8696, 21
8012, 58
8909, 4
8560, 1
8690, 5
8213, 6
8585, 2
7669, 18
8223, 9
7809, 4
8713, 9
7375, 8
8734, 1
8710, 34
8700, 1
7107, 10
8495, 1
7309, 10
7592, 3
8736, 1
6651, 7
8791, 3
9107, 6
9232, 22
7376, 9
7390, 6
7235, 1
8535, 5
8812, 2
9175, 3
9739, 2
7849, 2
10091, 746
7697, 3
8033, 10
8741, 22
7579, 2
10184, 2
9819, 1
8445, 4
8873, 1
9579, 1
9602, 6
9609, 25
8199, 26
8215, 2
9905, 1
10154, 4
9521, 3
9588, 2
9265, 2
7731, 5
10060, 9
9582, 1
8867, 1
7253, 1
9586, 6
9535, 2
9765, 1
9576, 1
9779, 1
7816, 2
10003, 1
10074, 1
8278, 29
10241, 3
10092, 170
10088, 64
9729, 2
10087, 25
7750, 1
8942, 1
10077, 2
8603, 1
9702, 4
8683, 2
9919, 41
9848, 3
9960, 8
9961, 3
8722, 1
10067, 2
9993, 2
10083, 6
9024, 1
9292, 2
9053, 2
10085, 1
10086, 10
10071, 7
9197, 2
10072, 4
10054, 2
10001, 2
10023, 2
10029, 2
10079, 20
10051, 2
9978, 4
9938, 1
9917, 1
9888, 1
9997, 2
10036, 2
10068, 1
10026, 2
10124, 2
10122, 1
10078, 3
10126, 3
10129, 2
10151, 1
10146, 1
10200, 3
10225, 6
9447, 3
9162, 2
9009, 1
9145, 1
9157, 5
9177, 2
6825, 8
9591, 9
7092, 1
7634, 3
7463, 12
7606, 12
7462, 32
6753, 10
7917, 5
7460, 40
7599, 8
10260, 1
7261, 1
7104, 5
6979, 6
8024, 11
6977, 2
7535, 4
7830, 7
8243, 2
8049, 1
8234, 1
7513, 6
8059, 5
8303, 9
7622, 1
9333, 8
9039, 6
8672, 1
7676, 2
7853, 8
8197, 3
8476, 1
