7231, 8
8142, 1
4928, 29
7155, 1
5059, 1
5060, 1
7384, 1
5049, 1
7139, 1
4795, 4
8069, 2
8103, 1
7123, 2
7137, 3
7148, 2
7135, 5
8238, 1
8117, 1
7254, 2
7458, 1
9231, 1
4850, 1
5050, 2
7433, 1
4947, 4
7407, 1
7177, 2
7436, 1
7439, 2
7238, 1
6908, 2
6973, 3
6971, 1
4734, 3
7182, 1
7938, 2
8994, 6
7253, 2
8993, 6
7805, 1
5241, 1
7953, 9
7951, 1
7106, 1
6910, 2
7737, 1
7100, 1
7752, 1
7118, 1
6899, 2
6770, 1
6845, 1
6900, 1
7105, 1
7117, 1
7090, 1
6943, 6
7015, 2
6106, 2
6826, 2
7668, 2
6690, 1
6695, 1
6733, 1
6721, 1
6841, 1
6742, 1
6706, 1
7003, 1
6984, 5
7735, 1
6795, 1
6739, 3
6752, 4
4695, 1
7749, 2
7750, 7
7751, 7
7903, 1
6681, 1
6673, 2
6709, 3
6771, 1
6849, 2
6812, 1
6828, 19
7683, 1
6831, 4
7028, 2
6654, 1
6836, 9
5369, 1
4454, 4
6588, 2
5128, 5
6182, 1
5861, 1
6603, 3
6558, 2
6561, 5
5535, 1
6557, 3
7085, 1
6567, 1
5500, 1
7061, 1
6562, 2
6881, 1
6606, 4
6730, 14
6600, 1
6485, 1
6548, 7
6934, 1
6622, 1
5666, 2
7697, 1
6511, 3
6550, 3
6478, 1
6769, 3
6862, 2
6465, 1
6463, 2
6455, 3
6456, 2
6453, 6
6446, 2
6470, 8
6539, 1
6590, 1
6763, 6
6525, 1
7444, 1
6458, 4
6538, 9
6658, 3
6660, 3
6524, 4
6541, 3
6540, 2
6808, 16
7881, 2
6627, 1
6911, 3
6534, 1
6905, 3
6904, 2
6621, 2
7060, 3
5971, 2
6507, 4
6619, 2
6404, 5
6720, 2
6420, 4
6500, 1
5493, 1
6396, 1
6555, 5
7021, 1
7868, 1
5482, 1
6349, 1
6442, 1
7037, 1
6529, 6
6346, 2
6528, 1
7017, 2
6320, 1
6407, 53
5614, 2
6307, 3
6408, 42
6509, 1
6169, 3
6216, 1
6286, 1
5216, 1
6833, 1
6834, 19
6281, 1
6280, 1
6271, 4
6273, 1
6167, 2
6909, 4
6274, 2
6477, 2
6140, 1
6473, 2
6184, 1
6166, 1
5408, 1
7002, 6
6222, 13
6207, 4
6219, 6
6258, 8
6967, 1
6257, 4
6218, 3
6062, 2
6228, 15
6230, 26
6395, 8
5938, 1
5997, 2
6287, 1
7012, 1
6357, 5
5940, 2
6021, 1
6026, 1
6017, 2
6015, 2
5927, 2
5326, 1
5088, 1
5911, 1
6013, 1
5969, 1
5953, 1
6225, 3
5907, 1
5885, 1
5899, 2
5890, 1
5906, 1
5896, 1
5904, 1
6447, 1
5949, 1
5914, 1
5975, 2
5937, 5
5967, 2
5783, 2
5799, 9
5986, 1
5981, 1
5590, 1
5946, 1
5942, 1
5987, 7
5419, 2
5484, 2
5976, 3
5978, 10
5988, 17
5972, 2
5995, 297
5268, 1
5283, 1
5990, 1
5851, 2
5925, 5
5843, 1
5992, 7
5862, 26
5805, 2
5849, 7
5989, 4
5979, 2
7424, 1
4784, 1
5743, 2
5991, 24
6891, 3
6916, 1
6914, 1
6793, 5
6917, 16
6873, 4
4741, 2
6865, 1
6335, 2
6366, 1
6549, 6
6372, 66
6389, 2
5876, 12
7681, 1
6464, 3
6592, 1
6610, 3
6607, 2
6605, 10
6604, 3
6543, 2
6929, 12
6530, 16
6559, 5
6520, 12
6024, 1
6025, 3
6306, 9
5960, 2
6308, 12
6837, 28
6930, 2
5782, 1
7713, 8
5786, 1
6110, 2
6120, 2
6126, 2
5599, 1
6503, 6
6659, 2
6584, 1
6842, 2
7379, 2
6825, 2
6895, 2
5384, 1
7239, 2
7240, 1
6875, 3
7159, 1
6585, 3
7378, 2
5966, 8
6574, 3
8731, 1
5684, 1
6353, 1
6107, 3
6975, 2
6163, 3
8741, 1
6974, 1
6972, 4
6342, 1
7306, 8
6966, 3
6968, 1
7080, 1
7084, 1
6912, 1
6101, 9
5699, 1
5755, 1
6518, 6
7109, 1
5648, 6
6441, 13
6792, 3
6256, 1
4964, 7
5609, 1
6942, 4
7712, 3
7128, 3
8220, 1
7532, 1
4705, 1
5278, 2
6097, 8
6096, 8
6082, 1
6437, 2
6602, 3
5085, 5
7269, 2
5888, 7
5676, 2
7640, 1
6190, 1
6785, 1
7533, 2
6813, 1
4933, 5
5845, 2
5054, 2
5036, 2
4926, 2
4901, 1
4893, 8
4755, 2
4986, 3
4907, 1
5026, 5
5923, 3
5806, 4
4823, 1
4941, 4
4817, 4
4838, 3
7042, 1
7059, 1
4900, 2
5880, 3
4735, 2
4558, 4
5895, 5
4830, 20
4641, 39
7282, 1
5871, 1
4821, 3
4723, 1
6489, 4
5232, 1
5555, 1
4264, 1
4800, 4
5867, 1
4686, 4
5984, 1
4685, 17
4717, 7
4674, 10
4869, 2
7011, 1
4640, 10
4849, 3
5821, 1
4864, 5
5839, 2
5935, 1
5726, 1
5917, 5
5916, 11
5921, 2
5915, 2
5922, 16
5483, 2
5299, 3
4899, 3
5930, 3
5553, 1
5774, 1
5610, 1
4633, 12
6980, 4
4524, 11
7107, 1
6977, 1
5548, 3
4848, 6
4783, 2
4764, 6
4429, 5
5724, 1
6918, 2
5604, 1
4564, 4
4693, 16
4482, 2
5886, 1
4600, 49
4532, 18
5552, 2
4653, 36
4789, 2
4666, 4
5243, 18
4656, 18
4544, 4
4655, 2
4694, 17
5565, 2
5421, 29
5420, 1
4549, 11
4714, 10
4701, 7
4440, 62
4177, 41
5534, 1
4659, 7
5697, 2
5393, 1
5323, 5
5327, 1
5156, 1
5405, 3
5507, 1
5878, 5
5662, 2
4687, 6
5382, 1
5401, 1
4619, 6
4066, 12
4121, 25
5563, 2
4493, 42
4512, 21
5575, 1
4410, 6
5597, 5
4543, 9
5583, 1
5476, 2
5440, 1
5441, 8
5478, 1
5370, 3
4511, 67
4420, 15
5479, 1
5859, 2
5037, 3
5468, 2
4977, 1
4517, 48
5459, 1
4953, 1
5411, 1
5582, 2
5631, 1
5403, 1
5284, 3
5310, 2
5453, 1
5338, 1
5249, 1
5264, 1
5223, 2
5818, 1
5236, 1
5516, 6
5240, 1
5385, 1
5292, 5
5245, 1
4851, 66
5248, 2
5359, 7
5486, 1
5157, 2
5233, 2
5352, 2
5222, 18
5368, 6
5165, 17
4626, 11
4736, 8
4737, 3
6869, 3
5367, 1
4702, 7
5288, 2
5206, 1
5347, 2
5230, 4
5161, 1
5079, 1
5254, 2
4563, 15
5227, 15
5378, 1
5551, 4
5605, 2
5153, 2
4870, 1
4878, 1
4602, 13
5078, 1
5023, 6
5154, 4
5242, 4
5135, 6
4994, 1
5237, 2
5053, 24
4959, 3
4943, 3
5136, 2
4918, 3
5256, 3
5229, 3
5015, 3
4884, 4
5177, 3
5010, 15
5013, 32
5011, 4
5463, 2
5231, 3
5064, 1
4338, 20
5120, 1
5215, 19
3957, 379
4938, 1
4742, 34
5018, 2
4836, 20
4835, 12
5141, 2
5104, 1
5601, 4
5134, 27
5139, 1
4443, 10
5502, 2
5499, 5
5496, 5
5505, 4
4877, 12
5470, 2
5409, 1
5350, 3
5388, 2
5342, 1
5329, 2
5472, 196
5234, 1
5210, 3
5514, 15
6850, 2
4925, 1
7136, 1
4756, 5
4598, 47
4948, 1
4932, 6
4588, 18
4746, 6
4599, 27
4898, 1
4804, 6
4438, 6
5019, 13
5016, 9
4719, 4
4945, 1
4321, 14
4781, 11
7088, 2
6919, 1
6892, 1
6894, 1
6240, 6
4859, 3
4802, 4
6998, 1
5372, 1
4856, 1
6725, 1
6608, 2
6613, 3
4797, 8
4739, 21
4571, 5
4570, 9
6616, 1
4638, 27
5360, 7
6649, 1
5357, 9
5263, 3
5313, 2
4119, 12
5316, 3
6886, 2
5315, 1
5173, 4
5318, 3
4456, 75
4509, 15
4822, 3
5549, 2
4345, 12
4657, 25
4382, 51
6586, 2
4124, 26
6595, 2
4573, 28
4620, 5
5531, 3
4596, 15
5528, 5
4627, 10
4528, 26
4151, 19
5355, 4
4556, 27
4303, 15
5304, 2
5218, 3
5289, 1
4557, 32
4555, 26
4363, 44
5319, 2
5345, 16
4336, 29
4576, 17
4087, 23
4296, 18
4233, 17
4310, 84
4546, 6
6618, 8
5286, 2
4536, 21
4494, 33
5339, 1
4548, 21
4504, 33
4508, 31
4538, 24
4545, 39
4654, 15
4540, 15
5176, 4
4522, 62
5337, 5
4629, 27
5275, 3
4324, 17
4531, 19
5537, 1
6587, 6
4845, 4
6735, 1
5265, 4
5336, 3
5333, 1
4025, 49
6579, 1
4534, 13
5151, 3
5204, 54
4319, 17
4391, 11
5202, 43
5280, 1
4086, 20
6570, 2
5273, 22
4287, 12
5272, 5
5201, 5
4290, 4
4506, 30
6572, 2
5171, 2
4699, 17
4343, 10
4346, 8
4328, 43
4247, 17
5504, 9
4212, 15
5208, 2
5259, 2
5169, 1
6575, 1
4056, 13
4329, 39
4975, 4
4437, 27
4513, 18
4520, 32
4521, 4
4354, 15
5175, 11
6580, 2
5296, 4
5297, 3
5300, 6
5145, 7
5143, 2
5137, 4
5142, 5
5146, 34
4484, 15
5164, 2
5170, 2
5183, 1
5184, 19
6576, 1
4376, 11
5133, 6
5132, 3
5199, 11
6566, 8
4867, 1
5172, 4
6560, 42
5159, 14
5147, 56
5149, 12
5475, 5
4865, 9
4347, 26
4791, 39
5194, 2
5196, 4
5426, 4
4785, 11
5028, 1
4962, 9
4116, 22
4843, 7
4193, 22
5074, 2
5454, 3
4776, 1
4085, 20
4083, 13
5020, 10
4827, 9
6564, 9
4912, 1
5002, 14
4658, 10
4788, 4
6829, 2
6827, 1
6810, 1
6811, 2
6830, 24
4820, 5
4114, 22
6497, 1
4863, 3
4632, 19
4601, 23
4507, 28
4516, 24
6532, 3
5435, 3
5032, 1
6484, 2
4896, 8
4902, 71
4882, 11
6496, 1
4568, 116
4569, 25
4572, 19
6481, 2
4904, 5
5144, 1
5188, 8
5191, 15
4972, 5
4915, 4
4894, 1
4466, 80
4905, 23
4868, 16
5214, 3
6467, 4
4259, 27
4406, 15
4909, 10
6425, 1
4881, 2
4860, 14
4492, 11
4404, 27
4417, 2
4883, 2
5402, 1
6517, 1
6515, 1
6512, 3
6516, 6
4175, 6
4132, 131
4625, 26
6434, 2
4316, 14
4518, 36
4210, 15
4301, 63
3958, 381
3967, 68
4799, 4
4035, 61
3973, 79
4832, 4
6429, 2
5389, 4
4403, 9
4631, 12
4952, 27
4201, 7
4623, 15
4624, 12
4176, 22
4188, 22
4397, 70
4547, 26
4855, 25
4608, 38
4615, 19
4398, 25
4519, 31
6406, 2
6403, 3
6405, 4
6402, 4
6410, 11
6411, 4
6338, 1
6344, 3
6376, 2
6127, 1
6339, 1
6360, 1
6318, 2
4721, 1
6341, 7
6332, 2
6267, 5
6263, 1
5603, 1
6294, 2
5541, 4
6252, 1
6377, 1
6153, 1
6108, 1
4940, 7
6419, 126
4873, 2
4871, 2
6414, 26
6450, 5
4080, 60
4079, 30
4075, 25
3737, 157
3785, 141
4644, 10
4413, 24
3998, 41
4613, 18
4605, 5
4614, 14
4610, 47
4375, 7
4609, 9
6776, 1
6431, 1
4020, 155
4019, 47
4920, 1
3977, 37
4936, 1
4597, 14
3982, 44
4885, 5
6397, 2
4908, 6
4158, 161
4156, 123
6475, 2
4861, 1
4358, 13
4357, 20
2951, 90
3964, 45
3990, 105
3992, 63
4000, 24
3961, 22
4013, 420
4006, 65
4318, 10
3997, 46
4011, 419
4921, 4
3865, 67
4004, 46
4070, 20
4071, 44
4320, 13
6474, 6
6759, 5
4663, 28
4293, 20
4435, 20
4489, 106
5919, 9
6364, 7
5918, 1
6702, 4
3844, 397
6390, 3
3959, 20
4649, 82
4171, 33
4344, 4
4888, 4
4889, 36
4846, 21
3736, 225
4839, 2
3965, 41
4525, 22
4542, 48
4091, 10
4089, 23
4495, 23
5929, 4
3972, 72
3971, 61
3916, 61
4765, 7
6378, 195
6355, 4
2893, 62
4313, 29
3862, 163
4269, 13
4726, 39
3769, 79
6293, 1
2936, 82
3954, 118
4862, 2
6365, 5
4814, 8
4769, 9
4419, 13
4710, 11
4722, 12
4216, 20
4826, 5
6301, 1
4415, 6
6303, 2
4049, 18
4106, 29
4816, 10
3851, 299
4750, 4
3720, 68
4374, 7
3494, 269
3532, 149
4140, 89
4688, 14
6337, 1
4749, 4
6297, 1
4720, 4
4333, 26
4365, 11
3688, 149
4353, 17
4200, 13
4798, 11
3941, 36
4591, 68
3730, 92
4607, 80
4676, 12
6324, 2
3465, 290
3503, 317
6277, 2
6330, 3
4757, 6
6321, 1
3950, 222
3993, 39
4560, 6
4635, 23
6304, 4
3804, 44
6315, 21
5781, 3
4617, 11
4621, 12
6653, 1
5808, 1
4622, 27
2956, 134
2944, 240
6380, 2
4648, 13
4514, 22
6248, 1
4058, 16
6249, 24
4646, 15
5700, 4
6347, 3
6348, 2
4499, 31
3751, 35
4137, 84
4650, 30
4652, 25
4651, 23
4431, 19
4432, 74
3906, 36
3721, 54
4421, 11
4418, 12
4616, 7
4730, 7
4733, 7
4712, 19
4697, 28
4696, 8
3729, 201
4611, 59
4677, 33
4667, 18
4064, 53
4065, 18
6254, 5
4214, 21
4029, 55
4704, 14
4698, 9
4204, 45
4700, 5
4335, 42
3849, 422
3966, 35
4239, 7
4577, 42
4430, 16
4178, 10
4202, 7
4227, 9
4157, 29
4164, 87
4162, 45
4207, 6
4229, 20
4194, 18
4054, 34
4249, 37
4238, 13
4245, 2
4223, 20
4234, 17
4244, 15
4251, 386
4231, 20
1505, 564
1533, 1355
1574, 309
1517, 738
368, 5387
5455, 1
1464, 1506
1521, 759
1461, 1137
444, 5892
1456, 1396
1502, 1018
1441, 872
613, 641
1554, 339
1535, 743
1358, 3133
1302, 5150
397, 1447
1544, 520
240, 1054
1436, 1972
1539, 483
578, 588
5665, 8
1426, 980
1512, 534
362, 2144
5449, 55
1423, 1478
1425, 1543
426, 1235
5513, 122
190, 1494
1411, 1689
1479, 783
1472, 973
1429, 1247
1850, 275
1488, 1106
1486, 771
1819, 355
490, 519
462, 841
1424, 1223
1908, 361
1910, 233
2286, 609
2297, 297
2304, 143
2222, 573
2234, 566
2288, 671
612, 342
2969, 88
2287, 494
2158, 139
550, 304
5637, 2
2907, 107
2322, 382
2219, 553
2028, 312
2090, 211
2087, 76
2076, 336
2082, 187
2072, 255
2179, 189
2018, 315
1972, 428
2332, 840
2273, 821
2194, 304
2320, 338
1892, 203
2190, 338
2175, 132
2162, 202
2086, 114
2097, 119
2193, 456
2318, 164
2142, 159
2317, 192
2321, 922
2300, 193
2310, 465
2313, 228
2250, 411
514, 482
422, 1151
5509, 3
1957, 291
2116, 134
1679, 678
621, 435
2978, 59
575, 442
1435, 1864
2939, 437
2328, 197
2350, 402
2346, 290
481, 481
5568, 2
1692, 362
2905, 46
1664, 353
1677, 346
502, 1320
5589, 4
1669, 679
1636, 400
1643, 561
1640, 444
1591, 594
1663, 454
1588, 579
1631, 445
1614, 318
1661, 1087
1813, 491
1848, 351
1886, 292
1659, 212
1801, 343
1809, 307
1476, 837
1487, 1292
1562, 288
1453, 1422
1434, 1327
505, 1012
5592, 4
1475, 914
1570, 424
1560, 431
1561, 406
1573, 349
491, 313
1694, 431
2356, 202
1598, 216
1559, 316
305, 441
5392, 11
1439, 1201
1428, 1530
1430, 1320
1568, 530
1497, 1062
1397, 2128
1527, 801
1385, 1980
1416, 1689
504, 1657
542, 652
5629, 14
248, 4303
434, 753
5521, 1
1301, 5823
1912, 206
1549, 820
1550, 438
1548, 526
6635, 23
1470, 852
1534, 829
538, 389
2895, 111
1529, 756
1895, 307
1412, 1566
1409, 2406
1420, 1373
1419, 1390
1410, 1783
1407, 2289
614, 446
1455, 1379
318, 373
2818, 84
461, 1124
410, 792
5497, 2
2767, 153
413, 796
2770, 136
2776, 110
519, 1215
557, 463
5644, 5
1599, 173
1572, 332
395, 1198
2752, 161
465, 1522
2822, 163
263, 712
2620, 247
107, 381
1988, 271
304, 365
5391, 6
2661, 164
570, 540
5657, 2
1879, 252
1881, 212
2324, 291
2334, 280
2335, 462
2342, 321
2256, 561
2260, 286
2272, 584
2337, 551
2336, 507
2343, 412
376, 1022
2733, 392
375, 13412
2732, 503
2196, 149
2691, 123
1943, 283
1842, 193
1846, 529
2098, 162
2195, 247
2192, 161
2181, 179
2187, 280
2177, 171
2282, 582
2494, 420
2123, 307
2077, 128
1580, 625
2340, 593
2280, 909
2274, 929
2001, 263
1344, 5371
2293, 422
1369, 2428
2265, 632
2189, 304
2200, 210
1378, 2336
2245, 264
1370, 2742
2208, 232
1515, 593
2006, 281
2349, 405
1602, 364
359, 1170
5446, 15
624, 510
5711, 2
2981, 173
473, 1384
5560, 3
1511, 724
537, 437
5624, 11
2894, 105
2327, 600
421, 1082
2778, 196
1499, 1083
2164, 149
2186, 207
2163, 122
483, 331
1820, 174
2755, 93
401, 1045
5488, 1
2758, 148
1734, 183
1709, 349
2884, 192
527, 377
1749, 270
1771, 337
584, 828
5671, 1
2980, 46
623, 844
474, 867
1698, 197
1706, 260
3024, 81
667, 1855
5754, 1
1705, 205
1756, 286
1352, 3526
1421, 1827
1452, 975
1414, 1627
1459, 1341
194, 710
1433, 1385
1463, 1164
1427, 1637
1469, 1283
1699, 168
1720, 229
1384, 1948
1389, 2022
1682, 256
1729, 304
1431, 1357
1325, 5713
1312, 5062
1332, 4706
1395, 2457
1632, 583
2106, 149
371, 4245
1613, 259
2775, 132
418, 422
1746, 149
2484, 223
127, 1742
2485, 202
128, 1031
1745, 127
1733, 220
1731, 499
2094, 137
2540, 452
183, 3018
1509, 531
1571, 408
1507, 942
1589, 434
1506, 1161
1585, 793
1583, 302
1567, 331
1473, 993
1495, 940
1496, 853
1465, 1088
1485, 1250
1450, 1205
1481, 903
1448, 1580
1447, 1243
1553, 414
1471, 860
601, 1340
5688, 13
2958, 50
1490, 1422
1605, 583
1480, 796
1609, 179
1620, 293
1489, 816
1468, 1199
1406, 2338
1413, 1666
1467, 1246
1372, 3031
2824, 117
467, 1708
5554, 7
1392, 2073
1402, 1886
2803, 49
446, 952
5533, 5
1393, 2310
1500, 835
1510, 627
543, 1067
5630, 12
2900, 93
2898, 130
2918, 45
564, 1201
5651, 2
2921, 98
619, 707
2976, 87
603, 847
5690, 4
2897, 76
540, 635
5627, 3
1367, 2636
553, 437
5640, 11
750, 2691
237, 660
2800, 132
443, 925
1271, 7425
400, 843
5487, 36
2949, 71
592, 879
449, 72704
1399, 2306
524, 376
5611, 3
403, 819
299, 1263
5386, 1
166, 678
1364, 3693
1292, 7328
2765, 124
408, 1225
5495, 7
1382, 2304
3146, 47
789, 2437
1277, 6725
350, 1739
5437, 3
1295, 6903
1359, 3691
310, 169
489, 789
5576, 3
88, 702
2445, 268
1712, 251
428, 1011
3033, 67
676, 1539
3030, 40
673, 1632
355, 1949
5442, 9
485, 308
415, 710
1210, 15619
606, 1337
5693, 3
1259, 8567
3022, 41
665, 2276
5752, 13
392, 2682
2698, 186
341, 1193
213, 685
1308, 5812
566, 319
1351, 3875
264, 884
361, 1374
5448, 20
1360, 3508
1239, 16777
1405, 2349
589, 705
1404, 2094
2584, 153
227, 472
5314, 3
296, 2085
5383, 1
49, 1550
521, 362
5608, 5
559, 513
5646, 2
1299, 6366
2781, 541
424, 1207
5511, 11
611, 950
5698, 2
2670, 186
2671, 162
324, 2991
342, 1190
5429, 1
2638, 214
281, 1721
498, 1114
5585, 1
246, 780
2655, 133
298, 2745
2611, 242
254, 1241
2477, 281
120, 2284
5207, 14
345, 758
5432, 2
2702, 123
3138, 130
781, 2013
5868, 17
1353, 3883
517, 1941
2912, 97
555, 834
5642, 4
226, 598
393, 3110
320, 355
2677, 130
275, 513
2632, 122
497, 971
5584, 14
274, 540
5361, 2
2631, 140
129, 2290
2486, 244
695, 5078
456, 802
5543, 1
2619, 134
262, 1120
5349, 6
532, 628
1578, 235
574, 544
189, 1170
2546, 193
746, 3042
5833, 1
579, 875
1889, 436
1891, 249
2309, 479
2294, 523
2290, 564
2298, 739
2217, 230
2296, 682
2295, 458
2153, 130
2171, 230
2243, 285
1868, 260
2054, 334
2138, 147
2135, 122
2124, 182
2130, 102
2120, 182
2227, 319
2066, 153
2020, 216
1606, 899
2239, 284
2345, 561
2291, 395
1600, 400
2292, 556
1937, 237
2241, 482
2338, 571
2236, 293
2237, 436
2240, 104
2461, 193
2810, 106
453, 9886
5540, 11
2811, 105
454, 2559
1388, 2344
2218, 682
1323, 5690
1319, 6875
1345, 5162
1343, 4930
2751, 178
394, 2088
5481, 1
1365, 3153
1310, 5236
1347, 4264
2229, 281
2202, 310
2232, 316
2129, 167
2140, 249
1396, 2099
1398, 1835
2233, 429
2314, 304
2344, 205
2182, 214
1390, 2280
2319, 355
2323, 323
2302, 238
2312, 512
2315, 99
2713, 90
356, 1480
5443, 4
292, 859
5379, 2
364, 1456
2316, 295
1272, 8502
2492, 188
135, 3117
2252, 436
51, 1690
2441, 266
84, 1081
515, 437
520, 450
5607, 9
2761, 208
404, 625
2483, 314
126, 2006
5213, 56
2592, 202
235, 621
5322, 5
1693, 247
231, 1125
618, 750
615, 567
5702, 1
2974, 27
617, 1034
5704, 10
61, 1568
1841, 244
1408, 2065
1432, 1037
1864, 297
2780, 372
423, 1144
571, 644
5658, 1
2809, 138
452, 1757
5539, 4
1335, 4382
475, 2009
5562, 7
343, 2414
569, 750
5656, 9
1438, 1356
412, 860
411, 470
5498, 3
416, 608
2452, 367
95, 1216
464, 2391
482, 439
2823, 96
466, 924
1334, 5288
2731, 181
374, 3484
5461, 19
316, 567
2682, 134
325, 2236
5412, 5
188, 1198
2652, 149
295, 628
2703, 89
346, 976
5433, 9
1649, 540
1657, 409
2678, 173
321, 478
1293, 5676
1321, 6662
249, 1325
42, 3054
1541, 645
1449, 1206
1784, 726
2828, 177
471, 627
5558, 1
509, 1260
5596, 1
337, 697
2557, 274
200, 708
2517, 199
160, 1413
5247, 6
1417, 1950
243, 814
5330, 12
92, 1344
5179, 6
2465, 189
108, 1162
5195, 10
3092, 100
735, 3513
2056, 244
2947, 439
590, 1030
5677, 2
536, 755
369, 3572
2729, 563
372, 1184
756, 2968
2047, 269
2953, 123
596, 3904
5683, 3
2904, 194
547, 519
5634, 10
2426, 196
69, 5411
2650, 87
293, 1064
472, 708
5559, 16
510, 1269
2437, 171
80, 2810
2427, 189
70, 4202
3015, 76
658, 3903
5745, 3
291, 653
2827, 75
470, 578
5557, 3
508, 901
5595, 2
3025, 52
668, 2426
3011, 53
654, 3406
5741, 7
78, 7570
56, 2920
1311, 5810
2151, 209
1309, 5214
980, 64712
2815, 135
458, 1876
5545, 1
496, 993
1280, 7717
1307, 5213
1297, 6458
1274, 8041
1169, 36650
241, 653
2539, 372
182, 2309
2511, 187
154, 1935
1348, 4647
1342, 4995
1333, 5229
616, 679
5703, 4
3000, 39
643, 5639
5730, 5
438, 997
605, 921
5692, 2
3027, 67
670, 1815
5757, 3
2759, 133
402, 694
5489, 1
185, 2472
102, 776
5189, 36
1340, 4149
2825, 202
468, 417
506, 714
3127, 85
770, 2195
261, 869
221, 1186
1356, 3618
758, 3029
420, 1175
631, 1332
2977, 69
620, 631
5707, 3
3129, 102
772, 1666
258, 1024
3143, 380
786, 2313
580, 322
5667, 4
1355, 3408
3182, 295
825, 4882
3128, 71
771, 2365
5858, 2
2131, 120
2880, 240
523, 897
1314, 5424
3074, 77
717, 4341
5804, 29
1305, 5809
1205, 16281
460, 1386
500, 1081
5587, 1
1306, 5312
1303, 5400
1300, 6320
544, 819
3016, 244
659, 4713
5746, 7
2744, 132
387, 2212
1120, 64322
494, 1146
5581, 4
722, 3991
1999, 392
1714, 480
1458, 1210
2007, 216
1135, 39274
3104, 135
747, 2989
5834, 3
1291, 7912
1283, 7104
1222, 16564
763, 2712
1457, 1183
1513, 976
2002, 228
1196, 23380
1197, 19292
2666, 178
309, 426
5396, 29
476, 542
3041, 104
684, 2499
5771, 5
2078, 168
1173, 32614
2134, 136
1174, 30322
1194, 22531
344, 1867
873, 6916
1296, 5869
1260, 9858
3083, 81
726, 3629
5813, 2
1130, 45122
6217, 4
513, 3526
5600, 3
551, 636
5638, 54
181, 3636
175, 67751
5262, 22
405, 747
2307, 235
1290, 8126
1270, 8537
1276, 8010
6363, 1
585, 1404
677, 1711
5764, 7
663, 1742
5750, 5
629, 605
2979, 131
622, 885
5709, 2
1147, 34369
6234, 2
268, 2883
2805, 104
448, 9753
218, 534
5305, 2
1298, 6861
1114, 78031
6201, 6
1266, 7950
3014, 75
657, 4346
5744, 4
1565, 553
1187, 23731
1113, 77465
242, 779
1294, 6520
3608, 251
1251, 11697
2643, 163
286, 906
5373, 1
2756, 247
399, 1425
2543, 199
186, 1663
2537, 278
180, 3089
2510, 260
153, 7138
2722, 132
365, 11071
5452, 12
1285, 6633
1256, 9796
1564, 698
766, 2799
859, 7316
1140, 32839
6227, 18
1566, 352
1179, 29361
492, 521
1199, 18047
2616, 169
259, 1505
5346, 4
357, 3722
5444, 72
2771, 123
414, 658
2509, 210
152, 3631
2503, 198
146, 3573
1202, 18479
1997, 303
1556, 541
1282, 6352
1942, 311
3162, 232
805, 3529
678, 1945
5765, 10
206, 446
1238, 17460
1054, 62975
6141, 5
1184, 24918
429, 2019
1198, 21205
1938, 198
1219, 16461
1932, 207
1933, 336
1213, 15254
1221, 19483
3174, 102
817, 4573
944, 38683
6031, 1
1117, 63166
1116, 71494
1228, 18755
1929, 223
396, 965
145, 3170
1243, 13249
2060, 231
2119, 328
1248, 11615
1176, 28235
1100, 110680
1263, 8415
1927, 462
1241, 14583
1242, 16687
1919, 201
1229, 20414
6316, 8
1920, 309
1917, 393
1916, 314
586, 1430
5673, 3
531, 966
5618, 3
839, 8194
5926, 3
743, 2976
2992, 50
635, 1581
5722, 1
628, 685
5715, 5
1403, 1926
1907, 223
1501, 777
1188, 23008
1131, 44452
1142, 34082
6229, 47
1138, 36499
1144, 37852
6231, 4
2093, 168
2628, 192
271, 866
1201, 18082
1033, 40874
1019, 35979
1030, 49073
6117, 2
219, 1190
5306, 3
1328, 5804
1029, 45824
6116, 1
1151, 38168
6238, 5
1157, 43072
48, 2924
329, 7973
935, 38874
6022, 2
2044, 204
924, 60693
919, 117500
6006, 1
865, 6742
3137, 158
780, 2453
1041, 71530
6128, 1
1077, 41271
6164, 2
1067, 38956
3364, 348
1007, 33624
6094, 2
3345, 625
988, 59383
993, 47163
3333, 194
976, 134468
6063, 5
2085, 140
1025, 40140
1026, 44986
6113, 3
1022, 46214
1013, 37563
6100, 21
3212, 177
855, 7895
1008, 32259
6095, 2
279, 1434
5366, 3
459, 984
5546, 2
1040, 90413
2149, 236
499, 1204
5586, 2
1236, 16302
682, 2154
5769, 4
1235, 17038
3321, 599
964, 106000
6051, 1
229, 1196
1338, 5323
3327, 381
970, 111551
6057, 3
3326, 363
969, 92597
6056, 13
1211, 14827
768, 2735
866, 6699
1975, 327
3209, 262
852, 6811
1032, 47181
6119, 1
253, 1477
5340, 1
1362, 3512
794, 3240
748, 3333
3026, 16
669, 2690
5756, 1
1190, 25657
81, 11603
5168, 2
999, 35377
2108, 128
998, 43854
2107, 293
3166, 146
809, 4242
3338, 248
981, 69393
6068, 19
891, 8701
3336, 183
979, 83381
6066, 5
932, 45002
6019, 1
836, 6445
929, 68210
6016, 1
2038, 402
902, 18399
3133, 85
776, 2226
5863, 6
3152, 399
795, 2986
1904, 263
3119, 77
762, 2603
994, 46188
6081, 4
915, 85133
6002, 1
3089, 478
732, 3381
3086, 253
729, 4462
1838, 214
2590, 85
233, 451
5320, 10
1039, 90967
1062, 50493
6149, 2
888, 10655
2704, 92
347, 548
5434, 1
2660, 126
303, 734
5390, 6
195, 1136
1304, 6525
6391, 3
202, 1933
2526, 138
169, 1831
1278, 7940
174, 11040
1122, 55232
6209, 2
13, 16158
5100, 6
2231, 354
914, 72441
373, 702
5460, 1
1035, 58048
6122, 1
1576, 355
1224, 17943
6311, 7
942, 45109
6029, 1
939, 52889
928, 97343
933, 40284
6020, 5
3141, 130
784, 2286
3081, 91
724, 4011
5811, 3
1043, 80470
6130, 1
1079, 47035
1072, 34709
6159, 2
3090, 81
733, 4161
1009, 32916
990, 52112
6077, 3
995, 46460
984, 65483
3343, 418
986, 60927
6073, 5
992, 47956
1074, 41467
1027, 37857
6114, 3
1028, 41921
6115, 1
1058, 81724
3372, 156
1015, 35170
997, 46596
6084, 3
3214, 179
857, 6659
5944, 3
1966, 419
1010, 34972
284, 2385
5371, 4
1246, 12147
2355, 430
3062, 49
705, 6295
5792, 15
1004, 29687
2113, 494
463, 9908
700, 6648
5787, 4
1061, 60031
6148, 2
879, 8105
693, 5095
1802, 315
1056, 59658
961, 105849
6048, 2
2392, 504
35, 75842
5122, 5
3325, 159
968, 131434
3324, 301
967, 158690
6054, 9
2763, 174
406, 697
947, 52989
6034, 4
3235, 197
878, 7673
5965, 2
869, 6833
1978, 352
328, 14393
430, 2122
920, 62487
6007, 1
2736, 132
379, 3699
1225, 17153
754, 3166
957, 108428
6044, 9
837, 6189
959, 67616
6046, 6
2068, 244
251, 3564
3140, 205
783, 1844
5870, 1
960, 76943
6047, 1
698, 7457
5785, 1
3315, 426
958, 91041
6045, 5
2067, 187
3013, 50
656, 3765
2490, 342
133, 5621
1215, 12827
1217, 15196
3266, 288
909, 64063
5996, 3
897, 16735
1076, 38489
2892, 51
535, 802
5622, 1
1644, 435
721, 3707
887, 10584
5974, 67
3184, 115
827, 5407
813, 3938
3153, 144
796, 3956
5883, 3
3167, 127
810, 4418
845, 6590
5932, 1
1954, 298
846, 8115
5933, 6
842, 6257
833, 5348
5920, 3
815, 4684
1249, 12105
2497, 253
140, 3775
3065, 88
708, 6504
5795, 5
908, 71788
1216, 14499
3032, 38
675, 1957
5762, 10
501, 1600
5588, 3
3399, 218
1042, 74061
1023, 40995
1047, 89878
3381, 463
1024, 42169
6111, 3
2587, 312
230, 4582
1339, 5320
963, 99548
6050, 6
3344, 284
987, 68816
2096, 252
3159, 183
802, 3789
5889, 5
1911, 227
1884, 223
3132, 124
775, 1904
3228, 185
871, 6595
330, 5223
1053, 71902
923, 47625
6010, 1
2739, 136
382, 2815
1491, 999
2627, 155
270, 7947
1379, 2153
6466, 2
1226, 18954
332, 1396
91, 6381
1200, 19493
1051, 87855
3206, 333
849, 10809
5936, 14
3305, 432
948, 49192
945, 41643
6032, 1
934, 40405
940, 42626
3233, 105
876, 7232
702, 5286
161, 7612
1102, 104869
3147, 140
790, 3021
3088, 291
731, 3562
1840, 396
2428, 304
71, 7720
5158, 1
1180, 25550
1153, 43292
2401, 271
44, 7884
977, 118196
436, 5161
3335, 343
978, 92630
6065, 6
437, 4887
5524, 5
982, 69948
6069, 40
441, 74319
47, 8683
1156, 42872
1129, 48587
20, 4055
5107, 4
2238, 310
907, 92153
5994, 441
366, 20265
1069, 39377
6156, 1
3407, 504
1050, 118651
6137, 2
1055, 65076
1044, 88006
6131, 3
1046, 79066
691, 4493
5778, 3
1286, 6292
6373, 9
804, 3860
5891, 1
33, 10928
886, 8164
5973, 2
2478, 131
121, 1418
1230, 19193
6317, 3
1462, 1097
353, 804
2737, 220
380, 3572
5467, 5
2480, 268
123, 42482
3589, 658
1232, 18492
2680, 220
323, 1883
2676, 107
319, 444
2999, 175
642, 3611
1751, 468
2458, 334
101, 576
3246, 78
889, 10795
348, 539
245, 591
5332, 7
106, 2322
5193, 24
2463, 223
1354, 3658
3116, 68
759, 2814
3247, 285
890, 12314
349, 899
5436, 5
3185, 196
828, 4716
287, 395
5374, 8
30, 334077
1139, 36162
6226, 1
856, 6796
315, 266
43, 5951
1152, 43478
6239, 2
1071, 40399
6158, 6
2180, 134
3204, 129
847, 7598
5934, 15
1956, 262
306, 330
1415, 1592
2574, 194
217, 5429
1326, 5577
3096, 90
739, 3694
5826, 2
2555, 233
198, 1636
5285, 4
197, 618
2591, 231
234, 640
5321, 12
3251, 272
894, 10875
2994, 169
637, 2020
2453, 326
96, 5046
1124, 53444
15, 266914
5102, 2
895, 10372
5982, 7
2004, 248
354, 3098
2454, 365
97, 510
1206, 15423
1195, 18824
6282, 1
2443, 425
86, 383
2585, 127
228, 303
1337, 5302
974, 89149
2083, 144
433, 696
2567, 176
210, 2167
2440, 355
83, 4097
1192, 20177
2301, 360
2954, 55
597, 2686
3106, 486
749, 3244
208, 393
5295, 4
1317, 6067
2690, 92
333, 698
1442, 1037
1158, 36211
2433, 267
76, 41683
5163, 1
1185, 22949
336, 550
5423, 16
1445, 1396
685, 3409
5772, 1
2501, 257
144, 2510
1253, 10409
2374, 373
17, 66651
1126, 54597
1045, 75294
6132, 1
2684, 206
327, 17192
2657, 264
300, 1004
841, 7507
5928, 12
2430, 355
73, 158142
1182, 22298
2383, 372
26, 54315
5113, 191
1111, 79184
6198, 4
2, 509149
5089, 12
2386, 482
29, 110820
5116, 4
2360, 228
3, 1961769
5090, 4
1112, 75914
6199, 14
1288, 6917
2536, 233
179, 18156
2508, 209
151, 7341
2381, 337
24, 6673
5111, 105
1133, 43904
1052, 83033
6139, 1
1125, 51618
6212, 7
3144, 291
787, 2711
5874, 16
1109, 104652
6196, 3
600, 1030
5687, 1
1141, 33300
32, 47361
5119, 1
59, 2502
1168, 33608
87, 671
3085, 52
728, 4738
5815, 1
1837, 207
37, 7435
5124, 3
1146, 39929
6233, 125
3046, 111
689, 3853
2505, 198
148, 3214
1257, 11136
3176, 76
819, 4721
1901, 274
3149, 90
792, 2997
278, 1060
5365, 8
1387, 2792
1057, 60751
6144, 2
2166, 118
2873, 282
516, 304
2515, 166
158, 1817
1267, 8247
288, 386
5375, 3
2429, 274
72, 27682
1181, 24852
2683, 194
326, 1768
3205, 217
848, 8551
2664, 287
307, 280
5394, 3
1132, 47756
2380, 347
23, 12041
5110, 206
2407, 303
50, 21851
1159, 36666
6246, 109
53, 2534
1162, 45063
2640, 116
283, 3126
3181, 758
824, 5423
3047, 90
690, 4156
2506, 170
149, 4329
1258, 8694
1104, 92462
6191, 11
2379, 278
22, 132810
5109, 7
297, 1777
14, 144903
5101, 13
1123, 54454
89, 20496
1, 399054
1110, 83242
6197, 59
60, 2134
2278, 638
3215, 178
858, 6461
2674, 184
317, 647
930, 63721
2746, 106
389, 2145
2489, 250
132, 2943
1090, 87273
8, 150701
5095, 8
2226, 486
2622, 136
265, 569
1374, 2492
522, 443
1088, 91589
2363, 375
6, 77593
5093, 17
1115, 73526
1148, 43157
6235, 1
39, 9616
66, 1217
1175, 34097
2284, 574
2964, 88
607, 1331
5694, 2
34, 57032
1143, 38556
2420, 217
63, 5538
5150, 7
1172, 35621
2902, 37
545, 952
5632, 3
1654, 174
3443, 250
1086, 67799
2361, 445
4, 472336
5091, 28
2875, 172
518, 1473
2439, 240
82, 9685
1191, 21765
3449, 198
1092, 94646
10, 192330
5097, 15
1119, 63595
3165, 115
808, 4556
2624, 170
267, 36214
5354, 1
1376, 2424
1038, 71238
2362, 431
5, 353460
5092, 9
1087, 75159
546, 500
5633, 5
3187, 262
830, 6225
2646, 178
289, 599
224, 2610
5311, 5
892, 9690
2708, 154
351, 2754
5438, 42
94, 61329
5181, 12
1203, 18528
1555, 429
3446, 182
1089, 89205
7, 6997
5094, 10
3257, 350
900, 19636
525, 599
12, 913596
5099, 21
1121, 67484
3178, 133
821, 5617
5908, 2
2637, 153
280, 1515
1105, 96631
6192, 2
3448, 315
1091, 81853
9, 106056
5096, 7
1118, 74450
6205, 1
2382, 351
25, 70124
5112, 5
1134, 42237
6221, 6
3180, 314
823, 4419
5910, 1
2639, 145
282, 2222
1391, 2434
45, 7645
1154, 40106
302, 1270
1237, 17352
696, 7035
2512, 110
155, 3207
1264, 8940
16, 8382
5103, 38
2373, 488
358, 2103
5445, 26
899, 22009
1440, 919
2688, 110
331, 2494
2385, 459
28, 5526
5115, 266
1137, 37940
6224, 4
201, 11111
2431, 281
74, 14508
1183, 25473
1247, 13733
2495, 266
138, 569
165, 832
5252, 1
38, 381879
11, 92068
5098, 10
2909, 449
552, 535
5639, 6
2384, 401
27, 151727
5114, 40
1136, 36424
6223, 11
598, 2166
57, 23574
1166, 38790
6253, 3
55, 8185
1164, 40499
2634, 212
277, 619
1386, 2462
2462, 267
105, 5379
5192, 9
1214, 14029
2398, 326
41, 42512
1150, 43547
6237, 10
2525, 308
168, 665
5255, 2
3076, 55
719, 4816
1828, 334
178, 6463
1287, 7701
6374, 3
124, 16023
5211, 5
1233, 15588
2476, 294
119, 1893
556, 521
5643, 13
1665, 455
1070, 43913
6157, 16
3005, 83
648, 9251
3262, 158
905, 53006
910, 57024
2709, 59
352, 1448
5439, 2
893, 12572
2993, 203
636, 2858
2479, 240
122, 100945
1231, 17002
609, 1109
2425, 418
68, 31245
1177, 27237
3004, 55
647, 5828
5734, 13
2720, 91
363, 6700
5450, 21
904, 49687
54, 16932
1163, 44843
6250, 4
595, 6706
5682, 1
1704, 117
2996, 55
639, 3000
1748, 248
58, 3525
3524, 238
1167, 35452
599, 1882
1708, 235
3263, 159
906, 67395
5993, 228
1227, 18407
6314, 3
2475, 195
118, 109465
5205, 6
3043, 59
686, 3918
5773, 2
172, 34506
1281, 7304
687, 3456
2530, 236
173, 71583
1128, 48540
6215, 1
2376, 303
19, 46097
587, 2882
5674, 2
46, 7844
1155, 41432
560, 743
5647, 3
3018, 95
661, 2590
5748, 4
645, 3651
5732, 7
109, 32096
1218, 14810
853, 6058
1394, 2147
285, 590
99, 25036
1208, 17056
2998, 27
641, 3340
5728, 2
1750, 197
2457, 182
100, 42774
5187, 3
1209, 15435
3054, 49
697, 7689
5784, 5
2513, 104
156, 12858
1265, 8287
3094, 177
737, 3776
196, 16136
2550, 427
193, 6541
2520, 252
163, 131820
5250, 2
18, 83419
5105, 18
1127, 53095
651, 4577
5738, 3
2467, 140
110, 41895
3010, 12
653, 4113
5740, 1
2469, 269
112, 40834
2388, 127
31, 14224
3240, 81
883, 6584
1687, 428
3001, 111
644, 6315
5731, 5
1753, 692
1212, 16895
2471, 242
114, 101669
1223, 19762
1867, 331
244, 11061
3369, 253
1012, 32890
6099, 6
2571, 264
214, 851
3112, 97
755, 2603
955, 87773
6042, 18
2568, 194
211, 3846
1320, 6491
3109, 157
752, 2552
238, 1060
3118, 147
761, 2346
5848, 4
2468, 219
111, 142555
5198, 3
1220, 16501
652, 3071
93, 164240
5180, 4
634, 1687
5721, 1
2607, 112
250, 2183
223, 10150
764, 2399
1011, 39035
6098, 3
176, 7015
2560, 146
203, 1450
3101, 266
744, 2605
1853, 343
171, 15708
2527, 176
170, 1332
5257, 6
1279, 7205
863, 7027
2679, 133
322, 2304
1161, 37730
52, 1507
2436, 376
79, 14786
1702, 378
593, 1637
5680, 1
2747, 177
390, 1951
5477, 7
931, 37143
2040, 605
432, 1513
1244, 15313
2353, 300
1160, 37933
6247, 1
1701, 645
3460, 525
1103, 87618
2378, 294
21, 14319
5108, 17
1081, 43375
1622, 402
1703, 127
594, 6306
2419, 347
62, 7577
1171, 38032
1685, 197
576, 702
5663, 7
1684, 405
608, 1811
5695, 26
1717, 351
1149, 38267
6236, 5
2397, 285
40, 1933
5127, 2
67, 14631
2434, 299
77, 5708
1186, 23351
1020, 38661
938, 45821
1207, 16071
98, 874
5185, 2
409, 807
1518, 747
950, 40133
6037, 4
2493, 430
136, 23218
1245, 13663
917, 105190
215, 4360
1324, 6304
1075, 37828
6162, 1
36, 169651
1145, 36945
6232, 113
1084, 58852
6171, 1
991, 53639
6078, 3
2982, 239
625, 881
5712, 36
2990, 62
633, 1058
5720, 1
1742, 107
901, 18563
632, 1069
5719, 3
1741, 115
898, 28623
666, 1681
5753, 2
3056, 34
699, 6780
3037, 62
680, 2157
806, 4310
867, 6838
1976, 253
3097, 168
740, 3747
5827, 1
1849, 263
3158, 144
801, 3795
793, 3118
799, 3543
3175, 144
818, 5310
885, 8613
1994, 413
3108, 83
751, 2454
5838, 1
3070, 48
713, 4025
528, 506
5615, 5
2948, 158
591, 682
1739, 337
2987, 44
630, 875
5717, 3
2442, 250
85, 4134
588, 1790
5675, 3
1261, 9134
3313, 346
956, 118231
6043, 17
216, 5305
3093, 144
736, 3292
3139, 70
782, 1854
2613, 206
256, 1134
117, 35482
2474, 140
3122, 233
765, 2356
384, 3078
5471, 2
1493, 936
435, 1290
5522, 30
378, 3809
5465, 3
953, 74092
6040, 1
2062, 153
903, 26932
870, 7196
1979, 429
3311, 287
954, 86811
6041, 4
3040, 48
683, 2404
5770, 1
1792, 161
3051, 74
694, 4467
877, 7380
493, 775
5580, 5
455, 1778
1085, 61243
3060, 24
703, 4448
2633, 105
276, 588
5363, 8
1108, 119882
6195, 12
1098, 137071
1095, 97654
3183, 128
826, 4694
860, 7251
5947, 47
1969, 358
1093, 100858
6180, 4
3231, 409
874, 6834
5961, 2
1000, 39091
2109, 216
1018, 40535
6105, 3
3388, 537
1031, 45727
3346, 603
989, 58134
6076, 32
370, 2602
2724, 111
367, 2397
445, 14468
440, 9683
3087, 144
730, 3953
3067, 79
710, 4712
5797, 3
3278, 535
921, 85014
925, 56859
6012, 9
936, 34195
3208, 443
851, 9702
1960, 432
222, 1427
5309, 6
1331, 5916
2623, 117
266, 1411
1375, 2996
3332, 346
975, 91261
3373, 354
1016, 36422
6103, 3
2541, 447
184, 2904
2544, 197
187, 1263
65, 1859
1315, 5675
1336, 4612
2482, 142
125, 5393
5212, 5
1234, 19445
143, 1279
1252, 13166
2499, 116
142, 1524
2498, 336
141, 885
1250, 11980
2630, 132
273, 474
1377, 2506
1724, 191
1330, 5708
1726, 145
1728, 490
255, 2422
116, 30438
5203, 11
2473, 403
2549, 305
192, 1795
5279, 1
247, 1115
1178, 29144
3124, 132
767, 2350
3135, 123
778, 2151
3131, 82
774, 1756
1037, 58650
6124, 1
3179, 271
822, 4702
3323, 566
966, 142007
6053, 8
2075, 298
882, 6834
943, 40768
937, 33887
946, 49838
941, 36859
6028, 1
3211, 199
854, 6519
2883, 164
526, 420
5613, 6
1635, 568
1255, 10250
1322, 6122
1418, 1948
738, 3588
5825, 1
972, 81908
983, 69048
6070, 31
1094, 105803
381, 3045
225, 989
5312, 5
2626, 76
269, 2426
868, 7200
5955, 1
1977, 437
996, 44724
985, 55636
6072, 85
1269, 7710
672, 2093
5759, 194
1268, 7844
2516, 431
159, 1448
5246, 11
1170, 34874
488, 522
2807, 78
450, 1604
3049, 33
692, 4206
5779, 2
1254, 12666
1073, 39432
844, 6458
5931, 2
1002, 35651
6089, 4
2111, 315
918, 147514
6005, 2
3371, 454
1014, 33786
965, 132210
6052, 10
973, 89477
6060, 1
3328, 237
971, 75918
6058, 3
1068, 34518
6155, 1
1063, 42598
3075, 101
718, 5308
1059, 79454
6146, 1
1066, 39266
3072, 80
715, 3573
1036, 62683
6123, 2
167, 1653
814, 3677
5901, 4
2564, 127
207, 860
1316, 5433
1262, 9657
1034, 42751
335, 1019
5422, 1
1444, 1412
386, 3372
5473, 1
952, 52538
1017, 38254
6104, 16
916, 120251
2025, 288
2997, 71
640, 2913
5727, 2
674, 1809
5761, 2
3064, 76
707, 6272
5794, 1
688, 4520
5775, 2
1797, 299
832, 5075
3232, 180
875, 7192
3160, 74
803, 3681
812, 4308
3164, 58
807, 4784
3110, 177
753, 2891
530, 699
5617, 5
1639, 328
1275, 8316
573, 663
5660, 1
1107, 114991
6194, 2
3012, 64
655, 3026
5742, 7
1764, 171
212, 2454
134, 1922
3136, 106
779, 2032
1888, 342
2609, 243
252, 12585
113, 1219
5200, 4
2470, 329
1361, 3494
843, 5821
838, 6677
431, 2707
5518, 2
1540, 818
949, 41954
6036, 11
3597, 187
1240, 15121
6327, 11
2488, 281
131, 1293
427, 1375
1854, 562
745, 2873
3068, 115
711, 4215
5798, 2
3071, 39
714, 3525
5801, 143
480, 231
1106, 95091
6193, 2
3080, 60
723, 3500
1832, 288
301, 1629
162, 3902
2519, 129
199, 2061
1083, 50253
1078, 43258
6165, 5
951, 43634
1048, 98421
6135, 3
1006, 36371
1101, 110197
1096, 112602
1373, 2357
1099, 133252
1064, 45340
6151, 1
2173, 181
1368, 3548
1446, 1582
1371, 3212
1080, 45554
1193, 23600
1189, 23338
1451, 935
1357, 3467
1060, 74976
1065, 39218
872, 6215
1082, 44566
2191, 291
3091, 65
734, 3802
1381, 2211
2447, 179
90, 4206
835, 6266
881, 7699
1990, 230
2697, 134
340, 967
5427, 2
2748, 674
391, 2513
1005, 35972
1204, 18588
3021, 42
664, 1959
5751, 5
3017, 150
660, 3797
5747, 5
3283, 220
926, 54288
3284, 212
927, 103828
3084, 73
727, 3925
1836, 176
834, 5178
861, 6462
864, 7149
5951, 3
911, 39518
3186, 74
829, 5744
913, 66542
6000, 3
1380, 2207
1454, 1160
3177, 339
820, 4574
1021, 42474
164, 11680
5251, 3
1273, 8444
204, 538
1313, 4974
383, 3336
1492, 1168
922, 44203
6009, 2
650, 5780
5737, 2
1759, 744
646, 3931
5733, 1
912, 80184
5999, 3
3207, 226
850, 9396
1959, 469
2896, 72
539, 845
5626, 1
1648, 296
602, 1907
5689, 3
604, 775
5691, 2
1383, 2523
3069, 74
712, 3636
220, 570
5307, 24
1329, 5763
3154, 124
797, 4008
5884, 40
2617, 279
260, 1001
862, 6014
3126, 132
769, 2597
388, 1952
439, 792
5526, 1
2734, 457
377, 2583
5464, 2
701, 4473
5788, 6
3066, 75
709, 5829
5796, 42
3073, 118
716, 3966
507, 1060
5594, 1
2826, 114
469, 993
5556, 2
290, 1187
5377, 1
3197, 107
840, 9001
1949, 354
3360, 738
1003, 35813
6090, 1
3358, 1005
1001, 37686
791, 2806
1049, 116337
6136, 1
831, 5002
962, 90445
6049, 16
3117, 123
760, 2830
5847, 4
720, 4203
534, 1205
5621, 1
896, 12485
1165, 37119
662, 3120
3099, 123
742, 3317
3145, 143
788, 2685
5875, 3
2614, 166
257, 1096
1366, 3999
2742, 156
385, 4374
1494, 1147
884, 8334
3063, 43
706, 6146
5793, 4
1097, 119780
3082, 113
725, 4083
5812, 1
3142, 271
785, 2242
3006, 40
649, 5793
5736, 4
1758, 584
757, 3149
3173, 269
816, 4535
1683, 653
2984, 128
627, 778
5714, 2
2995, 44
638, 2117
5725, 2
1747, 224
1645, 376
1618, 154
1604, 1046
1628, 402
1624, 397
1676, 495
2496, 251
139, 681
0, 10134900
5087, 4
2357, 210
3038, 32
681, 1868
5768, 6
1790, 165
1401, 1877
2347, 482
2507, 84
150, 2946
2504, 137
147, 3679
1350, 4213
2421, 372
64, 605
239, 928
2782, 485
425, 996
5512, 3
442, 2101
1551, 609
511, 3980
5598, 12
1651, 249
1525, 711
533, 825
1523, 959
1612, 233
1653, 366
2593, 132
236, 415
3036, 95
679, 1892
5766, 1
1575, 323
1284, 7760
2919, 53
562, 815
5649, 5
1671, 383
2774, 159
417, 533
1526, 652
1327, 5771
1341, 5725
487, 486
1647, 121
1363, 3254
115, 10832
2472, 370
610, 817
1719, 437
777, 2644
5864, 3
103, 20677
5190, 8
2460, 350
1592, 349
177, 15617
2534, 105
2548, 256
191, 567
360, 1877
5447, 2
2514, 224
157, 3005
5244, 4
2487, 294
130, 2129
2432, 301
75, 564
5162, 5
209, 882
1318, 6211
4017, 132
1660, 493
1346, 4191
3098, 198
741, 3122
563, 628
5650, 17
2668, 134
311, 97
5398, 1
451, 516
1725, 208
1484, 1203
1532, 683
1658, 383
549, 445
1689, 466
1688, 204
1735, 301
1656, 459
1670, 350
1730, 287
1737, 244
1289, 6581
1349, 4023
1740, 284
1777, 221
1774, 410
338, 769
5425, 6
1831, 205
3028, 35
671, 2186
5758, 12
3061, 47
704, 4840
3168, 232
811, 4376
3157, 597
800, 3247
3155, 263
798, 3753
880, 7635
1443, 1011
2934, 60
577, 786
5664, 1
1400, 2585
1835, 347
1859, 190
773, 1516
1926, 320
2764, 164
407, 1013
1508, 567
1483, 1053
1437, 1417
2812, 109
1474, 1069
1581, 540
294, 820
398, 1102
2856, 105
2853, 159
3210, 150
1530, 666
2854, 311
2578, 157
2575, 131
104, 399
2013, 495
2017, 458
1995, 217
2842, 115
2847, 453
2851, 563
2719, 117
2659, 104
2649, 155
2718, 229
3250, 241
2745, 86
2741, 187
2849, 286
2839, 62
2850, 231
2820, 97
447, 452
2694, 87
2773, 104
2707, 118
2118, 135
2846, 271
2845, 281
2840, 100
2843, 232
541, 513
5628, 2
2829, 78
2838, 105
2817, 112
2844, 171
2793, 91
2797, 242
2267, 283
2832, 201
2837, 106
1857, 236
4135, 381
2925, 52
2790, 116
2796, 86
2777, 145
2798, 98
2201, 220
2866, 120
2057, 393
2740, 197
2785, 142
2819, 162
2249, 169
2821, 106
2795, 222
2806, 170
2331, 414
2330, 271
2359, 456
2178, 107
2491, 225
2160, 99
1680, 254
2242, 540
2269, 536
2185, 270
2268, 476
2183, 243
2012, 620
2070, 247
2081, 257
2084, 108
2022, 256
2369, 357
2395, 279
2672, 152
2669, 230
2665, 100
2610, 81
2653, 89
2651, 115
2409, 277
2406, 216
2408, 271
2258, 345
2542, 282
2246, 206
2414, 216
2329, 281
2326, 454
2521, 313
2348, 318
2772, 146
2450, 166
2675, 163
2603, 43
2647, 147
3379, 205
2531, 187
2529, 143
2813, 72
3375, 193
2618, 435
2532, 238
2801, 171
2705, 120
2642, 120
2552, 178
2502, 219
2500, 238
2580, 335
2143, 218
2848, 149
2582, 232
2635, 190
2576, 284
2518, 167
2605, 64
3365, 518
2577, 145
3374, 179
2551, 251
334, 648
2711, 166
419, 745
5506, 5
484, 279
5571, 2
2656, 177
2583, 171
2662, 84
3802, 149
3377, 630
2667, 139
2716, 125
2835, 121
561, 700
2808, 101
3384, 140
3219, 79
3218, 326
3217, 66
3213, 267
3200, 186
3188, 108
3198, 95
3192, 175
3808, 53
3817, 239
3830, 58
3564, 391
3681, 546
3832, 114
1595, 610
3568, 118
3573, 830
3868, 139
3572, 255
3831, 100
3840, 68
3750, 120
3634, 204
4350, 19
3609, 255
3742, 134
3748, 231
3598, 107
3638, 179
272, 370
3611, 290
3615, 391
3603, 913
4348, 43
1630, 227
3610, 273
3747, 227
3618, 896
3619, 295
3708, 446
3620, 157
3621, 202
3714, 80
3624, 378
3623, 350
3728, 157
3693, 73
3419, 752
3354, 482
313, 153
5400, 18
3453, 851
3980, 58
3786, 283
1610, 198
1865, 199
3752, 209
3788, 530
3723, 110
3741, 416
3746, 415
3296, 226
1608, 218
1690, 761
1626, 696
1625, 557
1672, 294
1590, 495
1584, 668
1582, 696
1593, 318
1607, 469
1667, 518
1674, 640
1783, 327
1641, 376
1642, 420
1514, 584
1782, 366
1779, 273
1668, 577
1847, 499
1772, 315
1781, 711
1780, 535
1673, 576
1914, 287
1890, 279
3225, 152
3199, 75
1803, 703
1760, 414
3244, 103
1872, 314
1827, 264
1766, 281
1885, 453
1804, 482
1887, 265
3248, 141
3252, 175
1843, 188
3437, 397
1899, 295
1851, 659
1852, 803
1940, 162
1935, 412
1936, 177
1629, 271
1880, 148
1925, 332
3264, 194
1883, 217
1928, 345
1934, 326
3409, 667
3368, 279
3367, 213
1921, 149
3276, 204
3976, 53
3288, 174
314, 85
3312, 375
583, 723
582, 948
3757, 50
3770, 94
2021, 203
2011, 167
3758, 40
3413, 696
2016, 335
1984, 284
3386, 246
2114, 186
3383, 412
3398, 450
3385, 349
3390, 126
3633, 220
3389, 318
2133, 109
2136, 111
3397, 637
3391, 289
3759, 108
503, 1815
3775, 56
3635, 128
1516, 744
2110, 147
2141, 186
2115, 173
3422, 308
3755, 49
2144, 162
3418, 531
3421, 142
1546, 681
137, 451
5224, 24
558, 355
1528, 736
1503, 761
1536, 528
3777, 248
3417, 333
1537, 726
3440, 258
3445, 288
1519, 756
1545, 583
3778, 386
1422, 1967
1543, 484
6630, 2
548, 868
5635, 25
565, 633
1552, 495
1547, 890
1522, 614
3641, 306
339, 440
3546, 292
1763, 272
1723, 418
1743, 249
1983, 378
1791, 249
3590, 638
3605, 329
3984, 40
1945, 468
2170, 121
2069, 149
3575, 634
3571, 290
2757, 120
3561, 362
3574, 543
3523, 334
1862, 366
312, 114
5399, 1
1776, 255
3467, 329
1815, 272
1587, 476
1810, 215
1812, 474
1621, 534
1617, 318
3563, 882
1563, 442
1795, 612
1789, 173
554, 1415
1633, 293
529, 914
5616, 1
3562, 206
4458, 33
2225, 705
3985, 53
3909, 47
3986, 61
2203, 209
3948, 26
3945, 41
1603, 578
2015, 280
3987, 33
2161, 144
2224, 828
2036, 392
2197, 181
2223, 398
4073, 23
2095, 302
2071, 151
1697, 158
2215, 518
2220, 378
1691, 377
4467, 95
2221, 308
2073, 165
1909, 189
2088, 96
2091, 165
2230, 293
3828, 156
3814, 75
3811, 54
4314, 7
4529, 19
1460, 1360
3956, 339
3890, 36
2689, 117
1796, 420
3553, 319
205, 15715
2008, 175
477, 974
3550, 136
2169, 95
1866, 559
3548, 252
3549, 193
3359, 484
1973, 266
3537, 298
3534, 153
3501, 178
3466, 436
3520, 399
3499, 249
3498, 140
3487, 237
3507, 343
5043, 4
4954, 8
1732, 169
3491, 888
3647, 165
3643, 98
2528, 224
3689, 235
3687, 296
3683, 406
3607, 175
3667, 149
3617, 252
3595, 467
3670, 549
3672, 290
2890, 87
4099, 43
1755, 308
2341, 431
4325, 38
4165, 64
4505, 35
3905, 55
4502, 34
4515, 25
3310, 152
3818, 99
3392, 399
4957, 2
5003, 8
4967, 9
2101, 271
1477, 856
1478, 946
1482, 1089
6569, 1
3292, 131
2127, 229
2831, 124
3151, 341
5065, 7
1769, 362
3518, 141
1652, 511
3526, 245
3558, 121
1710, 416
3552, 210
3556, 390
3557, 550
1675, 505
2888, 158
2032, 259
2033, 323
2024, 183
2154, 246
3103, 56
2903, 89
2878, 140
2908, 305
2572, 289
2879, 135
1991, 304
2877, 84
2769, 162
2881, 150
2887, 102
3319, 708
2891, 74
2885, 100
3361, 399
3202, 104
2802, 125
2910, 231
2792, 123
2789, 121
2700, 306
2727, 109
2730, 115
2784, 109
3009, 35
3134, 40
3111, 79
3130, 66
3003, 41
2920, 95
2989, 37
2125, 284
2804, 95
3121, 122
3077, 89
3517, 248
3339, 835
1913, 382
3768, 85
3105, 359
3107, 241
3355, 534
3150, 181
3125, 131
3115, 90
4992, 16
4837, 2
3170, 436
3169, 168
3362, 303
3370, 662
4842, 5
4979, 1
4981, 18
495, 1212
457, 1137
4991, 4
4987, 9
4988, 40
4978, 2
4983, 30
4989, 15
5072, 8
3190, 131
3567, 966
3542, 184
3462, 553
3191, 120
3048, 71
3195, 92
5056, 4
486, 345
5055, 41
2139, 239
5057, 28
4758, 13
3895, 216
4618, 22
4453, 16
4643, 15
4777, 100
4584, 6
4574, 77
4642, 27
2424, 182
4668, 9
4669, 9
4664, 11
567, 379
4775, 6
4762, 10
4961, 7
4778, 59
4831, 2
4782, 30
4747, 12
4779, 371
4628, 19
4706, 13
4774, 64
4636, 13
4771, 22
4195, 9
4184, 38
4218, 99
4751, 8
4773, 67
4768, 8
4772, 21
4760, 6
4966, 7
4763, 8
4394, 84
4331, 14
4715, 14
4727, 22
4707, 66
4731, 8
4500, 64
4498, 21
4766, 13
3255, 219
3256, 195
3837, 55
3272, 468
3275, 1012
3281, 212
3270, 104
3287, 175
3114, 55
3299, 714
4153, 210
3120, 113
4743, 74
4780, 81
3743, 210
3744, 268
4689, 7
4681, 13
4691, 7
4675, 6
4665, 25
4684, 22
4673, 10
4670, 9
4692, 5
4708, 15
4752, 14
4745, 8
4759, 24
4738, 10
4754, 2
4728, 5
4740, 17
4807, 5
4793, 5
4786, 23
1646, 366
1700, 413
2305, 509
2455, 208
2308, 291
2019, 302
2102, 218
2148, 532
4794, 35
2641, 118
2212, 478
2206, 253
1955, 302
1873, 242
4474, 39
4471, 12
4455, 41
4439, 14
4465, 22
2010, 281
2416, 291
4411, 33
2253, 305
4450, 3
4451, 10
4452, 15
2399, 542
2393, 355
4253, 81
2394, 321
4603, 11
4554, 95
4792, 8
2276, 788
2390, 200
2391, 332
2648, 112
1930, 316
2157, 117
2597, 194
2743, 165
2693, 126
2595, 241
2599, 115
2559, 142
2444, 279
2524, 294
4267, 32
2565, 254
4806, 22
2566, 98
2604, 223
2601, 110
4265, 78
2721, 108
4277, 33
2594, 280
4461, 26
2726, 120
2621, 141
2749, 232
4586, 19
626, 771
5713, 6
4578, 52
2696, 82
2658, 138
4279, 30
4606, 22
4604, 10
2942, 69
2913, 163
4501, 64
2786, 81
2799, 151
4308, 17
4594, 22
2762, 98
1696, 144
2754, 238
4490, 54
3766, 129
2959, 57
4306, 11
4299, 33
2938, 101
2922, 69
4275, 30
4298, 44
4205, 19
4292, 24
2952, 239
2957, 169
2830, 192
4276, 17
4285, 13
2860, 177
4282, 37
2841, 163
4286, 31
4340, 14
2862, 61
2874, 220
2867, 157
1504, 570
3754, 54
3914, 51
3322, 599
2247, 208
4595, 18
4810, 9
4809, 10
3994, 33
3463, 467
3452, 251
3412, 651
3451, 875
3439, 112
4968, 4
3450, 236
3342, 329
3454, 539
3455, 185
572, 338
1861, 198
1752, 510
2209, 322
3395, 323
4990, 6
1870, 215
2052, 218
1785, 305
1716, 465
1778, 271
1678, 231
1715, 310
1762, 187
1998, 491
2065, 137
2117, 233
1992, 408
1989, 505
1871, 579
1964, 436
2046, 633
5062, 3
3402, 289
1858, 248
5081, 6
5066, 5
2165, 274
3459, 368
4808, 8
1577, 467
2126, 233
2104, 187
2103, 125
2121, 199
3432, 276
3433, 431
512, 10762
5001, 42
2146, 170
2145, 240
2100, 212
3410, 457
4815, 58
479, 411
5566, 19
1939, 135
4996, 15
4995, 6
4891, 11
4984, 6
2014, 276
4828, 1
2112, 172
4787, 5
4834, 6
2035, 231
4997, 17
4844, 5
4852, 17
4906, 23
5017, 7
1520, 684
1875, 202
1906, 324
1524, 932
1538, 471
5021, 13
3591, 309
3570, 191
3586, 142
3592, 504
3565, 421
3584, 120
4914, 25
232, 224
1980, 196
1982, 429
4161, 25
3461, 486
4295, 39
2152, 115
3677, 450
4294, 12
4297, 40
4284, 42
2889, 94
3697, 212
2886, 89
3035, 75
4005, 52
3962, 32
3996, 34
3960, 40
3935, 199
1808, 239
3936, 464
1807, 289
2079, 230
2089, 267
1918, 162
1893, 197
2050, 263
1894, 283
1922, 502
1923, 384
1931, 267
3878, 81
2105, 120
3879, 50
3939, 87
2099, 192
1611, 321
1594, 446
1845, 231
1558, 390
1597, 399
1882, 265
3931, 77
3903, 113
1814, 357
1811, 370
1869, 191
1788, 705
1793, 314
1569, 394
2814, 64
3908, 46
1557, 438
3944, 80
1711, 437
308, 571
5395, 10
1794, 569
1787, 330
1799, 551
1757, 197
1798, 613
1800, 288
2368, 225
2003, 322
1878, 316
2816, 151
1974, 224
1863, 341
1816, 146
1961, 186
1985, 207
1967, 335
2053, 232
2043, 279
2045, 360
1993, 458
2055, 194
2037, 462
2041, 305
2029, 327
2027, 141
2009, 409
2210, 580
2061, 203
2833, 106
3995, 67
2834, 210
2005, 534
2000, 292
1981, 230
3913, 80
3767, 87
3771, 61
3713, 124
3703, 560
3902, 224
3795, 79
3901, 229
3796, 66
3791, 303
3899, 262
3889, 88
3900, 118
3870, 69
3834, 112
2263, 395
3760, 83
3163, 60
3201, 59
3896, 457
3892, 11
3882, 90
3880, 136
3309, 209
3891, 39
3898, 491
3897, 153
3846, 87
3826, 64
3850, 190
3480, 230
3478, 312
3885, 65
3893, 95
3694, 216
3678, 301
3871, 71
3841, 204
3877, 86
3876, 111
3825, 184
3816, 160
3852, 229
2723, 84
3267, 308
3894, 74
3805, 210
3797, 51
3807, 75
3781, 218
3800, 87
3789, 210
3824, 185
3861, 61
3875, 208
3854, 267
2405, 397
3845, 205
3821, 96
3853, 154
3886, 58
2371, 571
2137, 136
2228, 284
2213, 451
2214, 179
2464, 254
2569, 108
2375, 144
2466, 192
2364, 260
2251, 343
2244, 312
3881, 98
2264, 178
2366, 196
2261, 442
2259, 177
2255, 306
2254, 492
1844, 365
2351, 362
2602, 99
3123, 77
2589, 194
2579, 141
2612, 185
2459, 233
2456, 188
2389, 357
2159, 233
2570, 108
2586, 169
2588, 67
2606, 160
2596, 165
2600, 179
2553, 281
3277, 177
2714, 81
4041, 140
2608, 231
2581, 278
3100, 456
2768, 122
2715, 166
2712, 74
2738, 160
2735, 219
3102, 129
2750, 266
4046, 26
4043, 13
4045, 19
2685, 132
4037, 234
4042, 62
4039, 237
4044, 32
4040, 276
2681, 138
2673, 141
3773, 121
3298, 267
4051, 33
3912, 54
3302, 272
3337, 253
3304, 249
3307, 237
3293, 130
3291, 190
3596, 574
2266, 337
3189, 592
4053, 36
1768, 313
1770, 166
4268, 29
3414, 811
1498, 790
4088, 30
4217, 42
3468, 318
3979, 82
3334, 106
3968, 57
1695, 190
3969, 34
3505, 317
3340, 302
3376, 196
2059, 270
2935, 47
3531, 289
4215, 41
4190, 31
2960, 54
2899, 87
2986, 68
3095, 246
3547, 226
2946, 136
4221, 33
3052, 43
3079, 69
3078, 64
3050, 67
1767, 360
3002, 68
3039, 72
2991, 369
3029, 42
3059, 44
2339, 402
1619, 196
2370, 570
2358, 655
2352, 249
2311, 345
3604, 454
3438, 195
3058, 43
2211, 191
2930, 129
1946, 205
3349, 869
2882, 117
4219, 15
3019, 73
3403, 277
2916, 121
2971, 105
2411, 176
2413, 136
2404, 291
2403, 408
2402, 277
1944, 270
1941, 171
3601, 863
2535, 272
2533, 248
3600, 693
2563, 230
2558, 197
3034, 48
2654, 136
3622, 176
3042, 67
4241, 14
2725, 133
2728, 199
3387, 277
3415, 421
3416, 487
581, 492
2779, 289
4339, 43
2686, 100
2766, 110
2717, 92
3057, 39
2787, 146
3353, 669
3428, 814
3405, 275
3423, 290
3427, 743
3665, 152
3637, 83
3666, 53
1963, 225
3642, 264
1586, 339
3639, 369
3221, 657
4258, 9
3444, 166
4242, 23
2901, 71
3661, 609
3196, 205
3194, 68
3660, 94
3569, 368
3220, 174
2968, 212
1579, 389
3216, 227
4189, 12
3254, 558
3735, 66
3727, 123
3731, 68
3578, 205
3577, 187
1531, 660
1596, 531
3554, 680
1616, 299
1623, 699
1898, 292
1855, 390
2080, 257
1915, 232
2438, 264
1947, 210
1805, 445
1826, 445
1830, 292
1822, 358
1806, 298
4278, 10
2074, 127
3585, 230
1971, 400
2051, 181
1736, 263
1987, 217
3285, 109
3712, 37
3587, 298
3471, 70
3280, 166
3580, 233
3710, 61
3588, 251
3700, 120
3274, 658
3406, 465
3273, 417
3300, 343
3295, 336
3393, 269
3616, 279
2699, 196
3408, 432
2876, 282
3378, 163
3400, 439
3404, 574
3401, 178
3539, 122
3559, 170
3356, 958
2303, 613
3426, 335
3329, 243
3366, 743
3318, 416
3429, 1565
3394, 533
2629, 180
2299, 452
1662, 401
2132, 135
2248, 244
2174, 103
3420, 1302
2911, 87
2377, 275
2547, 334
3527, 110
2760, 148
3331, 797
3425, 234
2852, 181
3424, 187
3530, 140
3541, 337
2914, 88
2861, 144
2917, 103
3396, 1052
2933, 118
2929, 67
2928, 85
2927, 41
2926, 54
2872, 94
3648, 443
2864, 77
3774, 313
478, 433
2906, 166
2961, 125
2863, 81
4367, 23
2963, 433
4368, 37
3007, 35
3669, 39
3242, 81
3229, 277
3224, 334
3279, 241
3680, 926
3382, 405
3456, 196
3458, 223
1856, 450
1707, 391
1825, 380
1761, 461
1754, 304
1834, 321
3790, 54
3684, 130
3363, 274
1962, 303
2449, 291
3008, 69
3352, 142
3698, 312
3239, 51
3238, 87
4377, 13
3265, 392
3261, 260
3297, 343
3226, 552
2615, 175
3536, 278
3351, 319
3306, 145
2924, 61
3357, 480
3289, 236
3301, 111
4378, 22
3347, 410
3241, 129
3236, 113
3258, 141
3320, 751
3294, 621
2279, 994
2333, 418
2545, 175
2556, 146
2184, 152
2277, 753
2418, 274
2417, 220
2561, 118
2415, 299
1958, 314
2522, 173
3470, 140
2645, 110
2538, 145
2692, 118
2663, 82
4387, 27
3350, 330
3341, 313
3709, 137
3614, 440
3653, 122
3282, 224
3316, 238
3655, 108
3510, 74
3765, 57
3763, 96
1877, 183
1786, 179
2644, 92
3636, 367
3500, 120
2048, 350
2710, 74
2573, 219
2794, 138
2753, 126
1951, 440
1952, 222
1876, 117
1902, 224
1833, 212
2023, 585
1924, 167
2412, 343
2523, 372
2625, 164
3348, 587
2092, 194
2598, 177
2783, 274
2695, 127
3630, 254
1900, 615
3884, 52
3271, 291
3245, 136
2967, 410
3762, 34
3761, 53
3686, 97
3705, 251
1860, 153
1744, 148
3434, 581
3435, 275
1953, 231
1817, 246
3483, 246
1824, 359
1829, 236
1542, 637
6629, 6
1970, 297
3447, 112
1950, 293
4460, 14
3662, 61
3286, 122
3654, 214
1821, 575
1896, 466
3656, 219
3659, 727
3782, 369
4449, 23
4457, 27
4381, 76
4446, 13
3702, 580
3740, 83
2167, 186
4031, 87
3860, 105
2235, 435
3699, 113
3953, 40
4159, 18
4592, 23
4590, 65
4589, 16
1738, 314
2289, 366
4170, 33
4166, 27
2387, 410
4228, 26
4167, 42
4169, 26
4155, 189
4154, 51
4222, 24
4032, 43
4118, 35
4302, 33
4300, 9
4235, 32
4236, 47
4854, 5
4566, 68
4027, 98
2122, 250
2034, 430
2172, 285
2039, 512
1948, 235
2147, 283
2554, 319
2396, 325
3946, 21
3970, 22
1466, 951
4334, 30
1681, 506
4097, 72
1965, 696
4211, 32
2150, 106
4327, 42
4322, 6
4145, 42
4146, 38
4309, 14
2281, 633
2306, 229
1897, 162
4103, 61
1818, 325
1775, 351
4142, 43
4143, 88
4003, 150
4002, 69
4001, 50
4105, 65
3676, 404
3673, 209
4012, 365
4351, 24
4026, 40
4101, 29
4100, 91
4009, 189
4010, 403
4220, 26
4014, 151
4008, 31
4209, 35
4016, 102
4110, 167
4015, 51
4352, 28
3949, 71
2932, 79
3803, 176
4224, 49
2975, 122
3749, 86
3739, 373
3806, 268
3938, 126
3833, 90
3926, 67
3940, 136
4225, 23
4038, 44
3869, 268
3942, 35
3798, 91
3203, 139
4866, 1
3917, 126
3934, 23
3937, 217
3930, 138
3920, 449
3918, 229
3929, 99
3872, 50
3864, 156
3888, 104
3521, 512
3519, 341
3923, 68
3928, 158
3738, 65
3915, 92
3863, 88
3873, 86
4196, 43
3442, 178
4122, 7
3847, 135
3829, 62
3874, 44
3848, 317
4120, 31
3883, 60
3859, 80
3933, 84
3932, 72
2271, 619
2188, 393
2063, 258
4199, 40
2128, 136
3457, 349
3925, 47
2410, 309
2423, 642
4128, 44
4129, 22
3222, 89
2435, 251
2481, 292
2687, 104
3230, 325
3243, 83
2788, 61
3290, 231
4312, 27
1615, 318
3904, 68
4416, 25
3943, 32
3525, 319
4425, 20
3260, 254
4317, 5
1686, 309
1638, 872
1721, 188
1905, 433
3314, 200
4136, 587
4332, 9
4330, 33
4257, 41
4567, 40
4280, 52
4263, 13
4291, 13
4366, 47
4191, 35
3952, 251
1986, 339
1968, 412
4389, 22
4373, 22
3907, 35
3983, 39
4372, 26
4369, 25
4371, 2
2031, 128
2049, 487
2064, 212
2058, 176
4208, 49
1773, 328
1823, 218
3867, 102
4903, 16
4024, 71
3838, 115
3792, 95
3836, 130
3835, 96
1655, 601
3780, 673
3671, 294
4407, 108
3910, 158
4380, 35
3858, 66
3576, 313
4468, 71
4960, 6
4469, 36
4307, 20
1765, 194
1666, 565
2365, 356
4305, 27
4444, 17
4337, 11
4342, 18
4424, 6
2176, 102
4412, 14
4414, 10
2422, 223
568, 584
5655, 1
4475, 25
4126, 47
1650, 135
2198, 276
4133, 84
3701, 268
1627, 205
2030, 147
2204, 408
2262, 314
2042, 341
4130, 77
4958, 10
4422, 17
2216, 562
1996, 299
3441, 273
4360, 22
3707, 363
4361, 19
3706, 177
3696, 170
4283, 13
4281, 28
4271, 18
3627, 118
4252, 47
3779, 849
3668, 37
3776, 153
4477, 15
3628, 123
3055, 28
3044, 71
3753, 106
4260, 22
3764, 59
3193, 38
3716, 98
3732, 62
3772, 135
3579, 249
3722, 59
3695, 110
3734, 193
3691, 235
3675, 340
3745, 113
4272, 17
4362, 15
4273, 34
3783, 335
2156, 78
1903, 232
2270, 284
2257, 288
4266, 82
4034, 49
3663, 159
4527, 28
3113, 81
2836, 150
2859, 99
2865, 80
2868, 125
4385, 50
3593, 410
3583, 215
3486, 297
3488, 147
3495, 521
3733, 83
4487, 11
1634, 398
1637, 245
1839, 172
3787, 210
2026, 136
3472, 159
4341, 31
4323, 17
4388, 27
4428, 44
3857, 29
4390, 20
3303, 211
3317, 258
3234, 161
3259, 150
3249, 195
3269, 254
2325, 364
2283, 450
2275, 612
2400, 135
2451, 175
4399, 14
2706, 84
3543, 380
3544, 476
4402, 27
2855, 142
3492, 47
2857, 130
2858, 124
3855, 71
3496, 83
2870, 114
3799, 380
4442, 26
3308, 376
3679, 451
1874, 376
3529, 311
4445, 14
3528, 165
3330, 339
3504, 120
3148, 80
4356, 7
4355, 4
4503, 31
3514, 78
3268, 362
3223, 485
3227, 322
4448, 83
3866, 36
4447, 8
3555, 266
4472, 36
2446, 218
4370, 12
4434, 14
3253, 392
3823, 59
3822, 29
3724, 151
3651, 170
2869, 204
3473, 228
3474, 213
2943, 63
3464, 473
3566, 744
5012, 2
4530, 43
3513, 174
3053, 53
1718, 226
1722, 233
4473, 23
3431, 711
3430, 756
2636, 111
3156, 174
2168, 176
4433, 13
4426, 9
4423, 24
2448, 270
4436, 9
3171, 489
4999, 52
3991, 69
3843, 432
3801, 182
3856, 211
3489, 129
4401, 29
4007, 83
3511, 226
4550, 12
4998, 138
3812, 59
4552, 36
4551, 3
4250, 155
4683, 7
4716, 18
4956, 213
4955, 3
4812, 2
4813, 14
4829, 2
4825, 1
4872, 5
4833, 11
4840, 4
2955, 72
4910, 25
4919, 6
4895, 6
4892, 1
4951, 17
4937, 11
4916, 8
4173, 19
4922, 3
4944, 16
4982, 13
4985, 8
4612, 15
4539, 42
4288, 22
4255, 85
3582, 177
3581, 140
4262, 19
2940, 196
3023, 59
1727, 337
1713, 367
3606, 230
3594, 519
3551, 76
3988, 60
2205, 374
3794, 108
3842, 380
3839, 200
4690, 13
4819, 8
4682, 5
4767, 10
5022, 6
5027, 8
5031, 31
4965, 2
4150, 46
1601, 385
4949, 5
4289, 14
4718, 6
4237, 11
4630, 17
4510, 63
4098, 31
4876, 10
3975, 38
2701, 164
4115, 68
4243, 33
4304, 34
4102, 11
4111, 182
4109, 187
4092, 22
4036, 252
5058, 2
4104, 103
4459, 52
5052, 3
4479, 84
4553, 30
4478, 23
5038, 18
5035, 4
5039, 92
5033, 8
4078, 22
4427, 24
4226, 18
2367, 410
2965, 39
4232, 25
4639, 24
4729, 32
4634, 63
4857, 3
4671, 3
4315, 50
4326, 23
3020, 40
4744, 25
4732, 22
4703, 37
2372, 200
4713, 31
2199, 251
2354, 348
2285, 323
3947, 46
4148, 83
4149, 69
4890, 13
4134, 387
4131, 89
4063, 58
4117, 38
4096, 14
4095, 49
4084, 21
4113, 13
4023, 64
4127, 35
4123, 26
4107, 64
4061, 18
4108, 46
2207, 326
4748, 12
4587, 4
2941, 236
4911, 4
4917, 24
4074, 58
4057, 10
4048, 66
3172, 230
4050, 72
3237, 66
3560, 162
4055, 39
4052, 39
3161, 57
4072, 19
4077, 25
4887, 8
4897, 1
4875, 4
4976, 8
4923, 2
4913, 8
4980, 29
5004, 15
5005, 5
5000, 4
5083, 5
4963, 1
5042, 16
3540, 147
5044, 3
4973, 8
4537, 8
4526, 8
4561, 16
5051, 10
5063, 2
5067, 2
4523, 28
4565, 49
5014, 9
5024, 21
5008, 1
5006, 18
5025, 31
5041, 3
5076, 3
5069, 5
5068, 4
5061, 1
5040, 2
5071, 2
5082, 3
4575, 89
4183, 94
4585, 45
4186, 17
4579, 128
4580, 26
4541, 44
4081, 34
4060, 22
4076, 18
4562, 53
4059, 36
2985, 77
4093, 25
4583, 24
4581, 20
4582, 38
4486, 17
4476, 16
4364, 55
4379, 13
4393, 20
4392, 17
4386, 62
4395, 48
4396, 21
4270, 6
4409, 47
4405, 34
4408, 17
4480, 6
4464, 49
2973, 38
4470, 21
4463, 33
4488, 103
3031, 41
2972, 72
4485, 13
4481, 9
4491, 10
4483, 14
4496, 43
4497, 57
3476, 83
3469, 220
2562, 132
2950, 256
4805, 19
4637, 11
4811, 4
4660, 39
4853, 8
4661, 22
4645, 19
3506, 149
3512, 238
4647, 23
4593, 25
4841, 7
4847, 3
4858, 6
2966, 412
4753, 12
4879, 3
4680, 4
4672, 18
3649, 158
4679, 8
4678, 13
4725, 9
4946, 24
3725, 80
3726, 82
3715, 123
3711, 90
3717, 165
4796, 7
4790, 2
4934, 10
4874, 12
4880, 5
3756, 62
2155, 164
3650, 222
3645, 155
3625, 278
3793, 83
3380, 600
2791, 83
3515, 105
3508, 121
3509, 351
3497, 162
3477, 233
3502, 164
3436, 226
3475, 134
3522, 63
3484, 381
3493, 252
3516, 168
3479, 285
3535, 176
3538, 132
4974, 9
5007, 4
2871, 120
3815, 163
3813, 74
2923, 96
3911, 89
3482, 387
3481, 254
3974, 24
3485, 223
3963, 44
5046, 3
3411, 757
3927, 34
3922, 74
3809, 48
5048, 3
3981, 31
5029, 1
3887, 64
3784, 272
3827, 68
4018, 57
4030, 72
3533, 456
3657, 387
3674, 168
3664, 88
3652, 126
3632, 292
3658, 411
3999, 40
3631, 184
3682, 1117
4028, 91
2915, 266
2983, 212
3646, 128
3644, 321
3599, 392
3613, 252
3612, 90
3692, 134
2945, 99
3919, 107
3545, 115
4068, 20
4067, 6
2931, 108
3718, 93
2937, 223
3045, 147
2962, 60
3490, 255
4062, 34
2988, 37
2970, 20
3704, 253
4125, 30
3626, 172
3819, 90
3602, 710
4138, 126
4139, 47
4180, 18
4179, 27
3685, 67
4182, 56
4069, 38
4168, 12
3640, 130
4082, 22
4090, 31
4152, 266
4174, 33
4172, 29
4213, 37
4033, 35
4022, 93
4021, 41
4206, 44
4311, 50
4192, 6
4112, 93
3978, 42
3629, 157
4274, 13
3810, 56
3690, 206
3719, 134
3820, 99
4462, 5
4144, 39
4349, 53
4359, 8
3951, 567
3924, 40
3921, 225
4160, 22
3989, 49
4163, 46
4261, 5
4248, 18
3955, 76
4246, 11
4203, 59
4141, 52
4094, 106
4441, 8
4230, 26
4198, 20
4662, 6
4197, 18
4181, 103
4533, 28
4535, 12
4185, 28
4187, 28
4384, 29
4240, 42
4047, 64
4383, 7
4711, 27
4559, 13
4147, 25
4254, 129
4400, 19
4256, 20
