6158, 1
8523, 1
8469, 2
7920, 1
5765, 1
6048, 1
8614, 1
4888, 2
4610, 2
8287, 3
5975, 1
8652, 1
4901, 3
6665, 1
5219, 1
7457, 1
7203, 1
7462, 13
8787, 3
7479, 2
7542, 1
7707, 1
7467, 3
7468, 1
7478, 1
7470, 1
7616, 2
7367, 1
5276, 2
5163, 1
4814, 1
4971, 1
5692, 1
8429, 1
5159, 1
6343, 1
5528, 1
5005, 1
5458, 2
4463, 1
6648, 1
5364, 1
8410, 1
6260, 2
4661, 49
6372, 1
3844, 1
6135, 1
5781, 5
4315, 1
6450, 1
7743, 1
8395, 2
5913, 1
8108, 1
4944, 1
5999, 1
4629, 1
4302, 1
8335, 1
6603, 1
6173, 1
8056, 1
8252, 1
5221, 1
4605, 1
4677, 1
5421, 2
5518, 2
4868, 1
6750, 1
4270, 1
4895, 1
8146, 1
8285, 1
6518, 1
8545, 6
5838, 8
4135, 2
6832, 1
8185, 3
4447, 1
8419, 1
5030, 1
5577, 1
5867, 1
8519, 2
4024, 8
4229, 1
5383, 2
5826, 1
8039, 4
5782, 4
7653, 1
8126, 1
4707, 2
6272, 1
5297, 1
6023, 2
4420, 2
8123, 1
7619, 1
4036, 2
6224, 1
4083, 1
4536, 2
4106, 1
5442, 1
4556, 2
5974, 1
8273, 1
8414, 1
8103, 1
5020, 2
3992, 1
5286, 2
4905, 1
5200, 4
5143, 1
4527, 3
4059, 2
3655, 1
5450, 1
5536, 1
7517, 2
3897, 1
5320, 1
8294, 1
5795, 1
5883, 10
5917, 4
5880, 7
5868, 1
5919, 7
5925, 12
5923, 16
5921, 6
5149, 16
5900, 2
4477, 2
8179, 1
5658, 2
3624, 1
5090, 3
6128, 1
6064, 1
8426, 1
4472, 1
8194, 1
5699, 4
5095, 1
7903, 1
4987, 1
5047, 15
5046, 8
6101, 5
5079, 1
5052, 2
5793, 1
5043, 1
4989, 2
5056, 10
5065, 7
5053, 7
4927, 4
3874, 1
7841, 6
4698, 2
4925, 3
6074, 2
6071, 4
6066, 1
4575, 2
7845, 14
4968, 3
5038, 15
6073, 1
4940, 2
4584, 1
4577, 1
4609, 1
4903, 4
5037, 35
4516, 3
5049, 26
5740, 1
8283, 1
3958, 1
5862, 1
6591, 1
4030, 2
6578, 1
6580, 5
6068, 2
5232, 1
5399, 2
5401, 1
5343, 3
4029, 2
7528, 1
7495, 1
8295, 1
8187, 2
5004, 1
5380, 1
6327, 1
6188, 1
5463, 1
5402, 1
4910, 1
5074, 1
6193, 1
4980, 2
7464, 1
3898, 1
5022, 10
7380, 1
7832, 1
5368, 2
4943, 1
7771, 1
6063, 1
4897, 3
5250, 1
7484, 2
8027, 1
4357, 3
6503, 1
6201, 1
6195, 1
6070, 4
8169, 1
4990, 1
3375, 54
6165, 1
8219, 2
5929, 1
6012, 2
5763, 1
7425, 1
7995, 1
7386, 1
7911, 2
6400, 2
8137, 1
5290, 1
8175, 1
8201, 1
7398, 2
8093, 1
5664, 1
5228, 3
6024, 1
4853, 1
4847, 2
6126, 3
4019, 10
5287, 1
4857, 1
3611, 2
8117, 1
8055, 3
6379, 2
7927, 1
4973, 18
7660, 1
5171, 1
5606, 3
7641, 1
4758, 4
7042, 1
7260, 1
5207, 1
6021, 1
5576, 2
5075, 2
4617, 11
7883, 1
4660, 1
8068, 1
7737, 2
4603, 3
4985, 4
5827, 1
7752, 1
5625, 1
4714, 1
5064, 2
7943, 1
5986, 1
5819, 1
7796, 1
7942, 1
4963, 1
4771, 1
6034, 1
5460, 4
5897, 1
5474, 1
5910, 1
7155, 1
7709, 1
7872, 1
7914, 1
8006, 6
7984, 5
7199, 2
5498, 3
5685, 2
5475, 7
7749, 1
6166, 5
4414, 1
4515, 6
5011, 3
8041, 1
4948, 1
4759, 39
7103, 1
7732, 1
5352, 1
7599, 1
6181, 1
4622, 3
4653, 1
7819, 1
7975, 1
4492, 1
4408, 1
4881, 1
5811, 4
4525, 1
7755, 1
7714, 1
5445, 1
7931, 1
5677, 1
6266, 1
4586, 1
8073, 1
6974, 2
4820, 2
7582, 1
5729, 1
5671, 1
5483, 1
5564, 1
5626, 8
7437, 1
5503, 1
7800, 1
7917, 2
4261, 3
4607, 1
7080, 2
6086, 1
7810, 2
5261, 1
4278, 8
5608, 2
4528, 3
5247, 1
7595, 1
7335, 1
4067, 1
4186, 2
5473, 1
5736, 1
5394, 1
5762, 8
5771, 1
5757, 8
5776, 23
7329, 1
5682, 1
4020, 2
7797, 1
4713, 1
6976, 1
7585, 1
4090, 5
4570, 2
4249, 6
4252, 7
5392, 4
5098, 1
7655, 3
4032, 1
4702, 1
4704, 2
4678, 1
7892, 4
6925, 2
7717, 2
7794, 3
6337, 1
6955, 1
7493, 1
5593, 1
4381, 1
7815, 1
4080, 1
5544, 1
5816, 3
4997, 2
6107, 9
6970, 2
4064, 21
3865, 3
3790, 3
5370, 1
4637, 2
4239, 1
4023, 18
4667, 2
4072, 2
7248, 1
5523, 3
7358, 1
5318, 1
4663, 2
5743, 1
5744, 1
7307, 5
5570, 4
4991, 2
4601, 3
4387, 1
3568, 5
7725, 3
5158, 31
7330, 1
5066, 1
7003, 1
3789, 1
3875, 1
4873, 1
3916, 2
6908, 1
3100, 27
4563, 3
5336, 4
4557, 2
5187, 4
4560, 16
5142, 3
5154, 2
5150, 18
4608, 2
6924, 5
6922, 1
4679, 2
5093, 1
5107, 1
5146, 9
7710, 4
5147, 27
5148, 28
7711, 7
5144, 37
5129, 3
5104, 6
7036, 5
4894, 6
5133, 14
5013, 4
7000, 1
7101, 2
5134, 41
5024, 9
4898, 2
5135, 48
6870, 2
6871, 2
4866, 10
5057, 1
4404, 7
4682, 2
4794, 1
5126, 32
5491, 3
4685, 16
5801, 2
4684, 8
5123, 1
4683, 5
7353, 1
7227, 1
5122, 8
6555, 1
5346, 1
4435, 1
4485, 1
7366, 1
7134, 2
7606, 2
7569, 11
5338, 2
5160, 1
6705, 2
7592, 1
5555, 1
5271, 1
7485, 3
5167, 1
5068, 2
4604, 2
4409, 2
5217, 2
7480, 5
6662, 2
7092, 1
3298, 12
5476, 8
4224, 2
5182, 4
5062, 11
4564, 1
5489, 1
4363, 2
4255, 3
7662, 1
5231, 1
6723, 1
5345, 2
4535, 5
5226, 1
5471, 2
7106, 1
5186, 1
4277, 1
5451, 1
7231, 1
7020, 2
5480, 2
5602, 2
6582, 1
5063, 71
7401, 2
6667, 1
4101, 8
3490, 1
5115, 1
7279, 1
7100, 2
7409, 1
6655, 5
6642, 1
7434, 1
5096, 1
3979, 1
3982, 9
4854, 3
4855, 1
4054, 8
7159, 5
6601, 2
7237, 1
4981, 5
7268, 1
5481, 2
4015, 9
7568, 1
5097, 3
3939, 18
5051, 2
7186, 2
5307, 6
6593, 3
7055, 1
7192, 2
6893, 2
3951, 2
4053, 4
5017, 9
7132, 2
4921, 2
5088, 1
4103, 2
6451, 2
4778, 1
4788, 3
4958, 7
5105, 11
7111, 1
5196, 6
7338, 1
7263, 2
3973, 19
3750, 2
4995, 3
7078, 1
7013, 8
5242, 2
6892, 2
4837, 3
7251, 1
7202, 1
4068, 1
7249, 1
5009, 2
6920, 1
6936, 1
4691, 4
5119, 4
7298, 2
4914, 1
6789, 2
5157, 5
4634, 4
6385, 1
5180, 3
7052, 2
6338, 1
6865, 1
6880, 1
4033, 1
7046, 1
3540, 2
3572, 5
6833, 1
7043, 1
4889, 5
3799, 1
4742, 12
6781, 2
7187, 1
6256, 1
3414, 2
6874, 1
3467, 12
4695, 1
5121, 2
5023, 5
4880, 1
6854, 5
6236, 4
5328, 2
7364, 2
4656, 6
6784, 4
4168, 9
3529, 7
4831, 3
6745, 2
6735, 2
6743, 66
6666, 4
6733, 8
6680, 1
7415, 2
7426, 1
7427, 1
3269, 6
4768, 2
3258, 10
4712, 4
7070, 3
7014, 1
6878, 1
4936, 1
6858, 1
7121, 4
6791, 1
7178, 1
7184, 1
4327, 2
6025, 2
4662, 15
6007, 1
4566, 1
4062, 1
6766, 1
7139, 1
6958, 1
4892, 1
6002, 1
6413, 3
6825, 1
6902, 2
6389, 2
6535, 1
3995, 5
4358, 2
4065, 2
6681, 2
4027, 1
6335, 1
6760, 1
6712, 4
4127, 4
3726, 2
3968, 2
4153, 4
3833, 45
4638, 1
5937, 8
3956, 1
4151, 6
6620, 1
4058, 7
3926, 3
4523, 8
4693, 2
4460, 3
6841, 7
6345, 1
3840, 2
6363, 2
3725, 7
3915, 34
5849, 1
5240, 6
5854, 4
5669, 1
6685, 4
6230, 1
3691, 3
3697, 3
5859, 1
6391, 1
3643, 1
3599, 54
6687, 1
3703, 4
5846, 1
5847, 2
7022, 2
4179, 1
4279, 2
6612, 1
6246, 1
6240, 5
4802, 2
6962, 3
4246, 1
5886, 33
6163, 3
4399, 1
4859, 1
6383, 1
3098, 6
3497, 13
3362, 5
6857, 1
5879, 16
6398, 2
4755, 1
5887, 31
5922, 3
5892, 2
5930, 2
6144, 3
5884, 2
6145, 3
6067, 7
2065, 1808
219, 38339
5306, 1
1721, 5842
2086, 1574
2042, 2913
2051, 1961
2317, 426
2033, 2708
2290, 272
1927, 5557
1806, 10372
1974, 4078
1762, 8211
1985, 3713
2303, 347
1990, 2903
1979, 3812
1991, 3141
2255, 520
2253, 558
1804, 10787
2106, 1455
1632, 12030
6719, 1
2230, 528
2346, 262
1826, 10441
2207, 649
2270, 315
1636, 12544
2215, 513
1882, 6827
2210, 617
2176, 771
2112, 1453
1712, 6888
2111, 1295
2180, 932
2181, 908
2041, 2673
1999, 3273
2017, 2880
1696, 6266
6783, 3
2214, 595
1797, 10370
2023, 2888
2058, 1777
2057, 1854
2256, 703
2115, 1225
2052, 2077
2203, 740
2078, 1456
224, 24216
5311, 3
1899, 5275
2084, 1647
2085, 1207
1856, 8740
1961, 4032
2344, 520
2062, 1629
2322, 286
2349, 456
101, 244
2002, 3107
2035, 2671
2122, 1136
2048, 2574
1966, 3971
1976, 3281
2087, 1357
1902, 5431
1897, 5972
1903, 5078
1925, 5103
1919, 6170
1811, 9104
2083, 1457
1801, 10005
1798, 9802
1648, 9821
1763, 8098
1761, 6969
2067, 1733
387, 1783
2156, 888
326, 4701
2211, 745
2309, 444
2027, 2329
1883, 7498
1795, 10700
1880, 6750
2327, 295
2337, 509
429, 1813
5516, 1
2169, 944
2308, 330
2222, 438
1972, 3565
1754, 8586
2167, 855
2281, 297
2279, 364
2165, 717
2319, 491
1775, 10255
1917, 5213
2232, 490
2231, 410
1769, 8271
2237, 536
1776, 9828
1907, 6317
1901, 5635
1906, 5346
1657, 9292
1656, 8279
382, 1090
5469, 2
543, 15423
2212, 794
2289, 419
2201, 476
2190, 625
2110, 1115
1971, 4057
1653, 8977
2192, 738
1752, 9705
2347, 428
2213, 743
1772, 9454
1664, 7523
1699, 5283
1812, 9948
1726, 7761
1697, 5194
1771, 8600
1720, 7306
1633, 12497
2343, 554
1651, 9911
1703, 6905
2049, 2458
1807, 8911
2350, 368
1601, 20793
2195, 821
1794, 9899
2315, 302
2321, 379
2046, 2311
1693, 7397
2328, 289
1661, 8745
6748, 1
1649, 8160
1655, 8014
2028, 2789
2026, 2811
1624, 13983
6711, 5
2163, 865
2171, 864
2184, 878
2172, 723
2142, 1079
1989, 3397
2331, 449
2305, 277
2335, 356
7422, 3
860, 6355
5947, 3
2117, 1051
2055, 1853
2146, 980
97, 207
2454, 294
2132, 1117
2287, 323
2024, 2969
1930, 5248
2091, 1387
2280, 293
1929, 5511
2094, 1607
2081, 1514
1938, 4556
1602, 20709
1885, 6971
6972, 5
1936, 5504
1841, 8828
1800, 11084
1803, 10399
1921, 4996
1778, 11109
1773, 7922
2059, 1669
1847, 10521
1895, 5977
2257, 618
1706, 5889
1339, 20182
6426, 1
1719, 5737
2326, 314
2131, 934
1702, 7564
2354, 313
2316, 365
2127, 855
1942, 4420
1836, 10100
2030, 2496
1884, 6138
2194, 779
1846, 8660
1870, 7771
2069, 1719
1877, 6496
1647, 10320
2079, 1512
2080, 1489
1876, 7065
2061, 1820
2098, 1370
1852, 8741
1770, 9262
2077, 2056
7164, 1
1728, 6151
1715, 6562
1711, 7804
1842, 10121
435, 5266
5522, 2
1564, 39943
1663, 8301
2274, 706
2053, 2027
1947, 4880
1920, 5090
1986, 4141
1700, 6947
2039, 2670
1713, 6841
2116, 934
1689, 6642
1957, 3678
442, 8705
159, 3537
5246, 1
2044, 2787
1630, 12051
1638, 11982
6725, 5
1345, 20515
2107, 1621
1590, 23359
6677, 2
2100, 1300
1934, 4952
1926, 5431
1924, 5108
2018, 3073
1932, 5762
1937, 5181
1615, 14733
6702, 3
2353, 253
2090, 1276
2352, 369
1918, 5544
2089, 1702
2088, 1142
1874, 8147
6961, 1
1988, 3766
1960, 3856
1931, 5010
1845, 10132
1848, 8349
1808, 9295
1802, 10073
1813, 12295
6900, 1
1777, 10028
1787, 8398
1780, 11073
1814, 10578
1815, 9913
1779, 8111
1822, 9794
1805, 10098
1623, 12923
6710, 1
1995, 3241
1863, 8590
1789, 9828
1950, 4650
2356, 417
1915, 5020
2003, 2654
1774, 9822
433, 4220
339, 6385
2006, 2819
2004, 2953
2007, 3035
2005, 3221
1996, 3223
2342, 331
1735, 6572
2016, 2915
1889, 5872
2014, 2840
1878, 5888
2009, 2885
256, 4201
2012, 3184
2019, 2609
426, 1428
2063, 1791
1873, 8272
2490, 243
133, 8465
1998, 3508
1969, 3822
1825, 9491
2075, 1587
2074, 1453
1823, 9748
1818, 9213
2076, 1855
1981, 3419
2284, 414
2304, 336
1732, 6511
1692, 6261
1675, 6932
1691, 6181
1717, 6173
2298, 472
2029, 2714
1698, 6213
6785, 19
1690, 7267
2299, 323
1729, 6481
1637, 11719
6724, 19
1685, 7121
6772, 1
1716, 6337
1980, 3371
1683, 7173
1596, 22278
6683, 1
304, 7539
5391, 1
1614, 16248
6701, 24
1609, 17570
6696, 1
1645, 10174
1639, 11549
6726, 7
788, 30084
5875, 1
786, 10394
1576, 32639
1568, 32725
1617, 12845
2243, 448
2239, 466
221, 52894
1574, 31952
1335, 69837
1347, 11101
6434, 3
1781, 10217
2219, 659
2248, 573
1605, 18400
1887, 6251
1886, 6034
1594, 24029
1540, 55956
1628, 12235
2234, 403
2247, 536
410, 15203
841, 5716
2252, 461
852, 5747
2616, 101
259, 20980
1923, 5903
1547, 55735
1559, 36303
6646, 1
393, 1600
1607, 17699
1853, 9070
1869, 7515
1311, 12590
1872, 7648
1871, 8388
1862, 7947
2183, 779
2022, 3027
2182, 772
1828, 10998
2217, 574
2216, 633
1810, 9411
1864, 7473
438, 6069
2228, 680
2193, 675
296, 2049
557, 11831
5644, 3
1784, 10501
1782, 10391
1792, 10842
1153, 25056
1734, 7182
1337, 82702
1652, 9804
1747, 8551
1293, 10716
1619, 12141
1610, 18505
6697, 2
1643, 10461
1743, 6526
1642, 9574
1744, 6903
1746, 7807
440, 2828
1739, 5424
1749, 8415
1708, 6137
1750, 9271
6837, 1
1851, 8388
1893, 5540
6980, 3
2218, 582
1858, 9120
1733, 5689
322, 27205
1868, 7288
1725, 6384
2202, 624
2226, 650
1849, 9751
1705, 6018
1892, 6045
6979, 1
1727, 7792
1722, 4905
2072, 2203
2329, 368
385, 1335
2209, 563
411, 2923
2013, 3189
2330, 321
2015, 2374
1783, 8775
2108, 1088
2197, 672
2126, 1052
1788, 9251
2196, 714
2119, 1293
2191, 752
2199, 728
2189, 558
2186, 621
2332, 243
1640, 10781
2178, 911
2198, 752
549, 25557
2109, 1183
1935, 4944
2200, 877
324, 7485
5411, 4
1723, 5250
2345, 311
2300, 304
2293, 305
2318, 332
1695, 5826
1865, 7152
1541, 59263
1724, 6382
2174, 862
1582, 28802
871, 12216
1958, 4405
829, 6460
5916, 49
1029, 72505
6116, 31
67, 1033
1646, 10551
1644, 10167
1890, 5193
2268, 359
2266, 248
1888, 5801
6975, 3
197, 4410
5284, 3
1940, 5578
1955, 4560
1742, 6465
1944, 5056
1948, 4293
1269, 14497
6356, 2
192, 4690
1963, 3723
1983, 3339
1964, 4256
1916, 5998
1056, 35701
6143, 1
840, 8644
5927, 1
1295, 14384
2008, 2737
1984, 3453
7071, 4
1534, 45584
1542, 58966
1973, 4092
1949, 4829
1210, 52700
781, 16374
1905, 5531
1904, 5205
1956, 3334
1911, 5750
847, 13211
5934, 2
340, 6749
5427, 1
1997, 3707
1914, 4683
1922, 6102
1881, 6806
1395, 11715
1786, 10865
1898, 6067
1356, 23635
1284, 10792
6371, 2
1362, 19349
1785, 10100
874, 10937
1360, 22380
1809, 11286
1694, 5355
1707, 6845
1718, 5894
1816, 9624
1928, 4520
1821, 10936
1641, 10830
3680, 16
1323, 9836
1358, 24842
1824, 9820
1625, 13963
461, 2141
1827, 9710
1832, 10468
1834, 10042
1791, 8466
1835, 10437
1837, 9104
1952, 4145
1861, 8959
1962, 4605
1334, 58752
1879, 6779
389, 3905
436, 5469
538, 21361
547, 9964
798, 7830
225, 4329
1994, 2979
210, 4748
567, 51472
1855, 7531
2235, 485
2128, 965
1551, 59158
512, 6394
5599, 2
2103, 1450
2104, 1362
1349, 12796
2099, 1547
2096, 1746
2092, 1189
1710, 6911
313, 21275
2000, 3488
2001, 3096
1257, 25992
3614, 29
2073, 1678
1913, 5004
177, 2189
416, 3432
419, 9822
1236, 27580
3593, 13
1875, 7405
1896, 5220
425, 2621
2782, 90
1587, 29758
1350, 14198
1363, 18773
3615, 17
1258, 16359
1681, 6452
1676, 6740
1343, 13242
6430, 3
1566, 33914
1606, 16821
6693, 1
73, 1070
1970, 3633
1967, 3394
961, 9731
2973, 49
616, 11542
5703, 37
457, 3933
682, 25685
5769, 1
1553, 51803
495, 8276
5582, 1
533, 30724
5620, 3
1549, 40070
1597, 24206
1341, 14754
1094, 63285
1951, 4347
835, 5704
1669, 7183
981, 53883
1268, 18141
6355, 5
1211, 98100
6298, 1
1207, 39085
1595, 21342
1283, 12270
932, 11856
942, 32599
6029, 2
1571, 37653
1256, 22394
3619, 8
1262, 20805
1429, 21772
1087, 47896
1410, 10673
3738, 13
1381, 22472
6468, 2
1260, 13754
6347, 4
1251, 22446
1338, 20765
1348, 12707
732, 5195
1076, 58707
959, 10456
223, 44092
99, 1787
1530, 44566
6617, 2
535, 14781
1578, 33097
1313, 23994
775, 29797
1309, 14806
776, 23524
323, 17311
5410, 3
1635, 11711
320, 47743
1569, 37970
913, 198126
6000, 3
1488, 37064
1280, 12528
475, 4745
1495, 62425
1458, 27857
965, 16701
6052, 16
1539, 55381
1543, 55855
6630, 1
1586, 27037
1604, 18937
1487, 23657
6574, 1
1396, 11022
1504, 58982
1584, 28193
530, 7141
5617, 7
1065, 21358
486, 6341
3525, 43
1168, 181015
1593, 21609
1588, 32528
1342, 13148
6429, 1
1222, 43255
1148, 54622
1453, 29228
1393, 11460
1438, 26659
1259, 14282
3524, 12
1167, 70158
6254, 2
1558, 32444
331, 5012
5418, 2
1219, 44546
973, 23555
6060, 2
785, 18045
5872, 1
924, 29912
233, 1506
203, 2398
2587, 120
230, 5331
975, 22282
1030, 74178
6117, 9
923, 25464
343, 12599
5430, 7
1546, 50283
3721, 3
1364, 12071
1397, 11529
1408, 10648
1298, 10706
1501, 29609
1459, 28654
1556, 43009
1592, 20930
1554, 41535
366, 4149
531, 5277
5618, 1
1550, 44248
1216, 69267
1418, 19378
6505, 2
1206, 43863
6293, 3
1261, 15777
1174, 162232
1060, 65358
1529, 39594
1533, 37558
859, 6594
1577, 31399
1085, 42992
928, 27412
6015, 19
1019, 37141
6106, 8
3520, 6
1163, 26504
1187, 146374
1007, 263030
6094, 1
579, 21117
401, 3429
5488, 6
1344, 13839
724, 43622
1332, 17096
355, 15556
995, 36739
1109, 40155
6196, 2
1406, 11680
6493, 1
1583, 27581
1591, 20361
6678, 2
443, 13094
1368, 13512
1189, 728474
3528, 8
1171, 67650
1242, 19759
1370, 15340
1226, 55662
726, 13726
5813, 2
1379, 14736
1336, 112882
1513, 51266
1175, 129500
782, 64313
1480, 23691
1523, 46709
1061, 38295
1557, 41587
1319, 20031
3912, 6
1555, 38225
502, 9530
5589, 2
826, 8736
817, 6953
5904, 4
934, 27775
943, 23009
869, 11387
581, 15237
1299, 12538
6386, 1
1305, 13588
1193, 126806
1485, 215744
6572, 1
1170, 185723
1038, 58237
1039, 19492
407, 16470
627, 7469
1090, 31700
1460, 24060
301, 7183
2562, 144
205, 3680
5292, 2
1371, 14411
6458, 1
1452, 33437
1496, 39275
6583, 2
1271, 19638
1461, 25695
1307, 12419
1613, 18234
1608, 18279
6695, 6
1473, 26184
6560, 1
922, 41852
957, 9970
848, 10522
5935, 4
680, 59538
5767, 2
789, 64432
5876, 7
1447, 43847
1567, 33530
1581, 28049
774, 18962
5861, 2
950, 23699
888, 10302
876, 47273
5963, 12
979, 15083
991, 114716
6078, 1
1560, 38344
931, 25223
572, 18078
690, 79198
1213, 67945
6300, 1
1182, 54507
6269, 2
1400, 11707
1407, 12470
1346, 17921
1399, 10948
849, 8822
1383, 22048
6470, 2
1470, 24477
1077, 81222
6164, 1
960, 9365
967, 10326
956, 12833
1382, 25117
359, 24307
459, 9033
5546, 2
3600, 20
1243, 24589
1448, 33767
1357, 26424
1435, 16967
6522, 5
431, 6165
1253, 17421
6340, 1
1254, 14435
1308, 10864
6395, 1
1294, 11122
1306, 10930
6393, 1
3571, 12
1214, 103439
1292, 13702
1302, 9923
1203, 49080
1524, 56649
1953, 4802
1505, 55917
1562, 49471
762, 239264
1317, 13306
745, 6989
5832, 18
1096, 60795
1063, 37135
1066, 22105
927, 21601
160, 50926
955, 26660
1572, 40261
1570, 35027
787, 23734
5874, 2
1204, 45025
1228, 22245
6315, 1
1201, 47737
1088, 45455
3526, 12
1169, 286477
1184, 61138
946, 27343
6033, 1
738, 7815
5825, 1
708, 16346
1147, 65361
1417, 21029
1010, 130594
1016, 80019
1015, 96049
1005, 155836
6092, 2
1180, 90768
1281, 13847
1277, 12555
2482, 297
125, 2953
5212, 4
1276, 14292
1265, 26862
6352, 2
1413, 11800
1288, 11276
1215, 99031
1286, 12188
1194, 148714
1272, 24891
1181, 80510
1270, 16006
6357, 1
1282, 14228
6369, 1
1183, 51258
1425, 24380
846, 8520
5933, 3
1008, 265802
1469, 23722
6556, 3
1467, 26422
1178, 47781
1468, 27823
920, 56953
1514, 93272
546, 7316
5633, 3
803, 8117
5890, 5
858, 28328
1199, 143787
6286, 1
1443, 39909
1114, 98044
1497, 28606
1074, 45975
1049, 40464
6136, 4
1048, 32777
818, 10395
1573, 42210
3247, 63
890, 11022
5977, 1
881, 32236
1489, 35620
501, 15184
5588, 4
643, 52158
5730, 2
631, 11914
5718, 1
1092, 34892
1212, 93155
3454, 14
1097, 100765
1486, 55608
1424, 22879
1361, 20660
1402, 11875
1419, 13756
1401, 13222
812, 9494
5899, 3
796, 12627
926, 18993
6013, 24
742, 6751
5829, 13
941, 27425
933, 15744
6020, 10
1502, 27513
754, 166772
5841, 4
944, 35848
794, 11422
5881, 1
3071, 24
714, 11296
792, 71749
935, 24365
802, 8512
945, 41884
505, 15496
341, 12459
5428, 3
510, 96558
5597, 13
1315, 12364
6402, 1
1380, 15994
6467, 1
1528, 37161
6615, 2
974, 36245
963, 20819
969, 15059
1080, 82374
855, 8731
258, 24874
260, 18995
2480, 367
123, 7222
5210, 1
1197, 65306
6284, 1
1387, 10808
1391, 16307
1388, 9996
1083, 37781
1359, 21825
1465, 33702
1274, 23197
1463, 29949
1328, 13740
1255, 21587
6342, 2
1326, 10291
1312, 15015
1454, 29794
1310, 12965
1322, 9888
893, 5880
1464, 31340
3384, 23
1027, 53280
1052, 69202
972, 16718
1526, 92511
6613, 1
3575, 7
1218, 45629
1527, 45334
938, 28665
437, 3955
5524, 1
262, 4458
1493, 78147
1536, 56651
1688, 7064
752, 158850
1599, 26019
1333, 32645
1612, 16113
770, 31078
1327, 11612
1611, 16257
1325, 7801
1598, 25023
1152, 26396
1494, 104238
691, 55321
5778, 1
764, 248779
5851, 3
362, 3754
508, 7157
5595, 1
1068, 40335
1141, 31908
1290, 12451
1492, 30951
1263, 16630
1179, 64141
1247, 22029
6334, 1
1151, 40163
1478, 30000
1064, 27650
3592, 24
1235, 35926
832, 8893
1058, 77065
971, 18872
970, 19200
6057, 1
1479, 28933
1011, 509495
1032, 108482
6119, 1
3602, 22
1245, 34225
903, 32501
748, 10640
5835, 12
477, 26854
844, 13679
5931, 2
804, 11768
5891, 10
892, 7819
791, 37404
5878, 2
198, 22245
5285, 6
1859, 6269
1857, 9088
1867, 7623
415, 7828
5502, 8
575, 44969
5662, 5
594, 25905
1004, 106522
6091, 2
1042, 25330
1071, 39026
414, 8198
5501, 2
1149, 54604
373, 10964
397, 11211
1386, 10994
1476, 32582
1481, 36656
1012, 480428
1013, 117701
1124, 59180
1177, 45969
1156, 25768
1278, 13299
408, 19271
409, 20027
450, 2484
5537, 5
358, 25549
1446, 61254
1420, 20115
1069, 49640
1266, 25168
3621, 13
1264, 19452
665, 90586
5752, 1
3606, 31
1249, 18419
1431, 36551
1301, 12287
1200, 59409
6287, 4
3644, 2
1287, 13080
1430, 28873
1285, 11151
251, 300065
721, 47745
842, 12643
504, 15606
5591, 6
544, 22937
5631, 11
720, 96951
712, 20555
723, 57284
3090, 30
733, 90452
5820, 5
962, 14873
6049, 2
1009, 109436
6096, 22
1086, 47598
1508, 43273
6595, 2
830, 8859
837, 24524
5924, 1
1506, 37649
1195, 107705
1507, 36228
805, 18267
783, 152403
901, 11864
968, 15183
6055, 2
827, 6965
5914, 6
1548, 49017
918, 117285
1552, 65000
760, 27571
919, 30452
6006, 1
811, 14117
548, 34230
5635, 22
545, 6304
795, 17695
737, 32725
856, 19392
843, 8737
836, 18323
857, 46291
5944, 15
311, 4568
216, 8894
5303, 1
1472, 25678
179, 26240
1440, 23844
1483, 65117
1482, 42803
1817, 10570
1503, 36506
1535, 59370
551, 12298
673, 65947
5760, 3
741, 13572
660, 51687
668, 895229
5755, 1
3901, 4
1544, 47302
3902, 10
1545, 45926
730, 14017
5817, 7
586, 21024
5673, 1
664, 46856
5751, 1
657, 64262
753, 52179
5840, 3
744, 6889
308, 5150
241, 34406
1531, 47080
6618, 2
1072, 42713
1498, 28704
6585, 2
1854, 10202
412, 6266
1521, 51182
243, 71664
1352, 11532
2481, 247
124, 70802
1233, 34805
196, 4891
5283, 3
716, 14111
1297, 12764
188, 16942
215, 14961
5302, 1
1324, 9416
715, 21688
5802, 18
453, 9236
640, 37504
5727, 9
947, 29017
666, 122128
434, 3973
1954, 4548
845, 5529
274, 193457
5361, 2
639, 114108
5726, 3
1748, 7832
1793, 11019
684, 55118
1033, 98703
52, 3228
5139, 1
1161, 24976
51, 7882
5138, 3
1160, 24274
610, 23109
5697, 4
1018, 38586
879, 24968
5966, 2
3236, 24
1041, 26570
354, 25142
305, 228333
1414, 15055
121, 231173
5208, 4
2339, 418
1230, 31548
1378, 15599
269, 11103
1600, 20742
1620, 11929
511, 20617
5598, 6
1279, 15620
170, 1220
5257, 3
719, 91122
2535, 157
178, 26467
769, 39235
1616, 13290
347, 8716
1456, 21216
2375, 409
18, 4590
1127, 35098
281, 39291
1390, 12730
360, 17784
1959, 4022
1445, 78189
6532, 2
446, 3135
444, 9539
5531, 1
612, 35625
71, 42241
1416, 16618
307, 19353
334, 25600
447, 2110
344, 11358
5431, 4
330, 7951
1439, 25854
294, 23833
1403, 13009
6490, 1
302, 13862
1411, 11279
413, 3035
5500, 3
3879, 8
1522, 52377
2060, 2048
951, 21750
6038, 3
2066, 1727
2043, 2458
280, 12934
1389, 11140
1006, 148317
6093, 14
1603, 17349
494, 11242
701, 131173
912, 71088
1561, 43233
452, 6464
164, 2717
1273, 27770
6360, 9
1143, 21324
2391, 441
34, 117363
1684, 6864
6771, 2
917, 47813
1589, 32805
480, 3829
5567, 1
896, 14281
162, 2295
153, 10966
151, 2051
5238, 3
189, 75830
725, 27925
2541, 237
184, 172058
910, 214944
5997, 4
771, 39861
3128, 32
1017, 39493
902, 15020
361, 12067
1500, 38720
6587, 1
391, 11355
5478, 1
418, 12379
5505, 1
1205, 48191
2453, 231
96, 21814
5183, 20
2064, 1868
982, 88272
1511, 63397
402, 4011
861, 6599
1943, 5015
834, 5713
863, 11575
250, 99827
5337, 1
780, 12266
718, 55429
5805, 2
638, 76490
1415, 17631
306, 187415
333, 18336
5420, 2
1442, 35298
891, 11444
1432, 34275
6519, 1
882, 30822
5969, 15
1423, 18396
314, 10987
248, 1845629
632, 17563
5719, 15
1741, 6186
91, 11316
5178, 3
1173, 118020
2421, 287
64, 363
5151, 3
252, 293722
5339, 1
246, 4032
1355, 18718
247, 1828629
462, 3131
235, 7730
1044, 21338
1449, 19091
50, 76530
5137, 14
3516, 17
1159, 21799
1673, 6384
564, 24289
5651, 2
1002, 44325
6089, 18
1450, 20605
1457, 24864
348, 24004
5435, 1
2443, 391
86, 7493
2399, 319
42, 71427
765, 378701
2045, 2431
936, 22454
422, 111961
2494, 384
137, 17119
1246, 31261
150, 5845
454, 1668
5541, 4
1563, 48156
1043, 21354
499, 10076
5586, 2
1040, 19914
1036, 25594
6123, 5
1037, 63170
1046, 31256
493, 30947
5580, 2
1034, 47664
6121, 3
381, 1981
1490, 26978
2340, 386
2479, 389
122, 6821
1231, 58046
717, 19182
5804, 1
2533, 141
176, 5078
1050, 44632
1618, 13335
173, 133306
813, 11143
35, 4327
1144, 26958
1117, 51389
2365, 396
8, 207468
1831, 10219
722, 74734
208, 1907
5295, 1
911, 69865
1055, 85189
633, 74921
1704, 7197
595, 32915
81, 11292
1190, 191096
6277, 1
2333, 582
1224, 39023
2472, 486
115, 115298
5202, 2
710, 21258
5797, 3
513, 11514
1622, 14198
506, 5973
966, 8556
185, 53561
1267, 24914
6354, 2
158, 2619
329, 13900
488, 19175
398, 3953
403, 3794
1512, 48705
404, 5393
697, 24291
156, 2576
2434, 297
77, 7624
5164, 2
1186, 97012
131, 5904
5218, 1
1240, 29138
617, 7746
5704, 9
76, 19327
1185, 102850
90, 11355
904, 81394
905, 11380
2499, 167
142, 64143
925, 26039
2034, 2232
337, 5854
878, 19504
5965, 34
867, 9266
929, 65855
6016, 30
1455, 24763
346, 8980
5433, 3
914, 49642
6001, 2
1477, 27334
368, 3736
865, 15231
195, 17710
1304, 9129
220, 70573
1329, 15016
2484, 399
127, 7226
669, 596171
2485, 304
128, 3981
1237, 28097
6324, 1
148, 5357
862, 7439
5949, 1
2678, 136
321, 36669
5408, 1
286, 17634
3455, 14
1098, 106947
2373, 264
16, 1223356
1125, 91760
273, 6972
2380, 296
23, 21308
5110, 12
1132, 39458
537, 72598
5624, 2
607, 109999
2423, 308
66, 41371
596, 19180
5683, 1
55, 1974
1164, 20637
1394, 11737
6481, 1
285, 10960
312, 20351
1421, 42982
2402, 289
45, 3770
1154, 33662
293, 9822
89, 779
5176, 1
1198, 149340
654, 34461
113, 971572
352, 33808
95, 404
2313, 373
1108, 73714
26, 1124909
1135, 35290
6222, 5
1365, 12472
6452, 4
824, 6470
1933, 4542
283, 31037
1392, 11805
1081, 69698
540, 140642
2363, 389
6, 91486
1115, 79280
263, 18428
1372, 11387
6459, 2
257, 14418
5344, 3
1366, 12299
448, 2196
191, 4913
5278, 5
1300, 9957
3321, 13
964, 36592
6051, 4
423, 15306
1532, 41496
166, 4505
5253, 2
1275, 20109
653, 190686
112, 55774
1221, 51742
1089, 30578
7, 13077
5094, 2
1116, 44672
675, 61634
134, 45524
646, 59485
5733, 2
507, 103834
5594, 1
2864, 32
1755, 8225
105, 508
232, 2564
88, 39254
345, 5152
342, 15623
1451, 25539
6538, 1
85, 48825
599, 82582
2415, 491
58, 2904
5145, 26
315, 135937
990, 119375
449, 1885
149, 2283
5236, 5
22, 256157
1131, 49772
536, 79132
5623, 1
554, 12798
5641, 1
2370, 349
13, 55946
1122, 37933
270, 5873
527, 5325
5614, 1
2467, 356
110, 2198
644, 129866
5731, 19
103, 345
5190, 5
652, 206977
2468, 193
111, 13400
1220, 41809
1621, 12169
539, 146067
693, 69294
5780, 7
152, 2369
894, 8544
5981, 1
353, 27839
1462, 26430
100, 943
1209, 80764
2360, 358
3, 360648
1112, 62403
671, 200348
130, 3998
1239, 19544
1091, 35243
6178, 2
2366, 477
9, 140915
1118, 69581
2493, 204
136, 3344
907, 29298
695, 31256
2511, 265
154, 1439
3182, 59
825, 7567
5912, 2
284, 16964
5371, 1
2357, 287
0, 16934630
5087, 1
541, 69010
5628, 2
1650, 9233
317, 239709
5404, 2
1426, 20822
6513, 2
2390, 332
33, 25779
5120, 1
1142, 21191
574, 11614
5661, 1
187, 102401
1296, 11903
10, 38783
1119, 66108
6206, 1
212, 2421
1321, 9238
790, 18255
249, 102899
663, 37188
5750, 1
2361, 276
4, 1356738
1113, 65057
190, 17233
82, 49657
5169, 5
1191, 134276
209, 2166
5296, 3
1318, 24186
300, 4372
1409, 11217
587, 16679
5674, 1
1128, 31901
6215, 1
2376, 443
19, 143319
5106, 8
2403, 270
46, 5589
1155, 30123
560, 13103
303, 14648
1412, 10975
6499, 2
229, 4230
820, 4343
2388, 350
31, 47408
5118, 5
1140, 50585
288, 7733
810, 14554
116, 1217068
1225, 46617
2382, 214
25, 24286
3491, 10
1134, 33724
6221, 1
1107, 100292
6194, 7
1103, 157987
6190, 15
562, 569173
5649, 2
1671, 7532
2378, 391
21, 52414
5108, 2
1130, 55812
6217, 1
2381, 341
24, 43033
5111, 2
1133, 24810
47, 4528
588, 79283
201, 36085
291, 110897
2362, 365
5, 94345
5092, 1
213, 24444
2476, 192
119, 23490
5206, 4
157, 10495
2387, 400
30, 305090
1139, 67428
6226, 1
1369, 14976
828, 10303
5915, 4
287, 12537
5374, 1
80, 12614
1830, 13354
207, 7662
1316, 11848
464, 6603
5551, 2
578, 41630
1687, 6202
37, 3889
1146, 90354
696, 20048
155, 1131
569, 16345
5656, 1
1678, 6816
2385, 403
28, 1638465
1137, 23612
2358, 444
1, 494944
1110, 49499
542, 61548
5629, 2
687, 110249
5774, 5
1796, 9603
2503, 282
146, 4742
222, 36236
1331, 13491
6418, 2
772, 42356
2588, 197
231, 13754
1340, 14856
645, 48193
5732, 37
104, 5048
1057, 58113
2359, 454
2, 127681
5089, 9
1111, 77504
1631, 12825
522, 48012
806, 7920
5893, 21
265, 99719
1374, 18029
1217, 57889
108, 19721
2492, 197
135, 113395
5222, 5
1244, 37668
126, 9954
383, 1216
5470, 5
253, 18388
647, 68386
5734, 7
1756, 9150
1188, 729827
2436, 294
79, 32560
5166, 1
2463, 302
106, 34253
620, 10583
424, 10022
937, 29279
396, 11512
15, 76125
5102, 2
202, 4680
5289, 2
338, 6372
54, 7156
5141, 6
84, 2415
57, 5461
3523, 4
1166, 60393
658, 35683
1767, 10043
2474, 254
117, 106178
374, 11089
2395, 253
38, 69014
5125, 26
295, 23546
1404, 10116
292, 10253
14, 19707
5101, 2
1123, 40657
41, 616666
5128, 5
1150, 53397
298, 11745
2311, 267
1202, 50328
93, 76874
1229, 27506
6316, 1
120, 27384
2504, 182
147, 1792
5234, 1
661, 88999
5748, 1
2175, 791
2368, 521
11, 103604
1120, 52696
268, 26598
1377, 15722
679, 46474
5766, 1
138, 46191
5225, 3
2471, 271
114, 43566
5201, 1
3580, 4
1223, 39857
2374, 293
17, 63040
1126, 63860
6213, 4
144, 67934
670, 288588
2486, 431
129, 3962
1238, 22365
1099, 84514
3456, 14
580, 8612
5667, 4
2396, 336
39, 40338
2369, 393
12, 78121
1121, 41262
553, 31097
5640, 1
1662, 9050
171, 5980
2397, 377
40, 213373
59, 5439
727, 12243
186, 12077
5273, 1
217, 4859
1701, 7149
592, 26060
5679, 2
619, 12004
5706, 1
2435, 370
78, 9494
5165, 1
335, 29827
5422, 7
1444, 58251
289, 76866
1398, 11672
68, 2118
866, 13538
325, 8786
5412, 1
1434, 16591
3522, 18
1165, 35774
6252, 2
56, 2088
83, 8013
5170, 1
1192, 117883
3066, 72
709, 22440
168, 6783
182, 18804
1291, 11560
204, 2497
5291, 10
838, 10824
214, 3414
755, 583794
757, 339697
5844, 11
823, 5026
309, 5090
5396, 14
2405, 281
48, 6363
1157, 23077
332, 18141
1441, 31593
75, 3709
5162, 1
816, 8381
5903, 1
275, 79346
1384, 15203
193, 3634
5280, 4
2400, 448
43, 13656
5130, 3
584, 500868
70, 7955
72, 7274
2377, 275
20, 76908
1129, 41256
656, 98215
517, 7269
2874, 47
1765, 8828
318, 62894
5405, 3
1427, 20410
6514, 1
319, 29193
1428, 18537
603, 21980
5690, 6
62, 1252
255, 29178
5342, 4
851, 5075
310, 10186
227, 34674
1025, 54598
484, 98283
242, 53918
1351, 15895
244, 5102
1353, 15442
199, 13698
234, 4088
5321, 1
236, 24207
831, 7170
5918, 121
290, 86700
2431, 449
74, 97235
615, 9461
5702, 1
65, 5666
2963, 37
606, 120060
1028, 73450
487, 110932
468, 4629
472, 8374
1021, 39280
2384, 388
27, 134174
5114, 1
1136, 31293
6223, 1
568, 53122
1677, 6477
245, 4407
1354, 16699
60, 814
601, 70399
5688, 1
44, 33643
585, 502377
2386, 438
29, 49964
1138, 42922
570, 42543
1679, 6988
597, 35568
5684, 2
226, 3788
5313, 2
1686, 5788
577, 11219
604, 65204
463, 16993
380, 15478
5467, 2
394, 2055
36, 53305
1145, 77870
6232, 4
94, 6151
5181, 4
713, 10627
5800, 3
172, 663669
2466, 480
109, 2308
194, 104291
1303, 8373
240, 15154
327, 20840
1436, 16334
6523, 1
868, 9098
5955, 2
1537, 47629
428, 1656
5515, 5
455, 2466
180, 7898
1289, 12452
958, 8373
417, 3997
107, 302
5194, 1
906, 15011
365, 4265
1474, 28886
165, 3246
49, 4201
5136, 22
1158, 16629
6245, 7
590, 26973
614, 7067
5701, 1
118, 96556
1227, 32960
2336, 440
659, 60454
1768, 9227
145, 3587
181, 65684
5268, 2
778, 66416
1031, 74807
1320, 9408
63, 13235
1172, 61786
740, 9538
736, 15627
5823, 4
1023, 25897
700, 35314
689, 124518
688, 105327
3085, 40
728, 18290
5815, 3
589, 71409
2946, 58
481, 4251
992, 84759
853, 5221
5940, 3
3210, 25
698, 48247
5785, 3
336, 9635
5423, 2
2693, 33
1095, 52464
1538, 49533
897, 22581
5984, 11
3607, 14
1250, 18153
2498, 342
141, 9894
282, 37075
3589, 16
1232, 41168
2341, 486
1093, 55459
3450, 11
898, 17914
5985, 7
521, 56711
2878, 76
916, 21805
516, 13554
5603, 2
2873, 44
655, 53469
5742, 1
1764, 8243
509, 3609
2866, 42
1757, 8813
648, 60734
800, 8367
1820, 11373
711, 34430
1860, 7959
751, 702991
839, 5873
5926, 15
490, 19261
2847, 23
629, 488257
5716, 25
2179, 648
1070, 37908
491, 7129
2848, 29
630, 487740
496, 14782
2853, 92
635, 494256
5722, 2
1745, 7430
636, 96773
5723, 6
498, 8134
2855, 40
637, 42679
5724, 4
1314, 19689
1585, 26584
2833, 71
476, 27996
534, 25260
5621, 1
61, 3794
1026, 53238
1833, 10507
993, 54019
558, 18120
1667, 8282
1838, 10173
3086, 15
729, 11434
218, 8667
139, 56851
1248, 26568
565, 73448
2922, 75
704, 50745
1843, 8499
734, 8706
1844, 9367
735, 21353
5822, 25
261, 24897
5348, 1
883, 31275
3240, 27
1022, 39868
278, 23751
5365, 4
1850, 10681
593, 23560
822, 7345
5909, 26
3179, 37
1509, 50852
6596, 2
400, 2876
784, 76902
5871, 2
3141, 24
2928, 80
571, 29599
1680, 5847
598, 73354
2955, 46
395, 3677
5482, 4
367, 5234
5454, 3
1515, 134676
406, 4453
379, 3178
2497, 378
140, 8046
399, 3863
1517, 53723
6604, 2
609, 54908
5696, 16
1670, 7717
561, 570131
1519, 42913
1510, 60705
1629, 10904
520, 16335
5607, 1
1660, 8663
1665, 8004
6752, 1
556, 25690
5643, 3
1672, 7033
6759, 3
563, 20832
1682, 6252
573, 22053
5660, 3
2389, 454
32, 23722
1252, 27580
2500, 290
143, 13094
625, 15568
5712, 3
3227, 17
870, 11717
5957, 2
793, 15538
621, 19122
1730, 7334
384, 1533
372, 8070
267, 17454
1376, 20051
2745, 129
388, 4188
271, 8818
376, 3220
299, 10944
5386, 1
390, 7152
5477, 2
1499, 31877
618, 7053
1003, 57493
525, 9972
5612, 3
1634, 10794
6721, 1
526, 11785
2871, 80
514, 27620
183, 39972
850, 8602
3207, 18
989, 93870
254, 35040
5341, 2
266, 102745
3732, 16
1375, 20207
92, 11482
237, 34216
102, 6092
238, 49665
1659, 9730
550, 13824
5637, 1
678, 51312
532, 9166
5619, 2
1658, 8638
492, 10234
2817, 56
460, 5576
5547, 1
1654, 8678
6741, 1
524, 8694
5611, 1
364, 4929
1020, 26209
1516, 105377
872, 10675
875, 15854
5962, 1
174, 100465
3211, 51
854, 6905
5941, 10
3221, 29
864, 12649
169, 708730
167, 42854
277, 14637
611, 34808
470, 17932
5557, 4
1579, 34866
163, 21792
458, 11314
370, 11363
474, 9583
602, 42046
5689, 1
421, 122754
5508, 3
420, 12665
779, 26383
161, 4012
5248, 1
451, 4842
600, 83251
5687, 3
1709, 8341
467, 7485
5554, 2
375, 14479
1484, 227267
349, 79711
1405, 10260
6492, 2
132, 84719
3598, 14
1241, 22174
1176, 64783
1234, 31591
6321, 1
628, 15712
5715, 28
2985, 24
767, 193042
1580, 30427
471, 14457
1627, 12589
518, 10097
1891, 5482
6978, 2
297, 32657
328, 22755
1437, 24814
3730, 10
1373, 13664
264, 14949
371, 15813
1668, 7677
559, 18892
1674, 7312
799, 9113
3156, 20
739, 7939
1053, 230139
1714, 7371
605, 103930
1475, 34294
98, 29344
1910, 6082
801, 15397
5888, 5
662, 76926
3019, 90
1840, 9673
731, 10215
5818, 6
703, 50423
1101, 79297
685, 50327
683, 53959
5770, 6
3134, 58
777, 56869
761, 54154
316, 310226
5403, 3
746, 17385
5833, 95
582, 22618
1740, 6044
1518, 38259
641, 68900
5728, 53
552, 146467
5639, 5
357, 34556
1466, 31024
482, 10339
2857, 73
500, 20965
5587, 2
895, 11841
996, 27021
984, 399492
986, 137406
899, 9322
908, 47770
1000, 43393
988, 76489
948, 27040
6035, 1
809, 10744
5896, 4
3166, 41
465, 3920
5552, 4
583, 17034
5670, 1
915, 27738
743, 9365
5830, 1
797, 5919
808, 10599
5895, 15
807, 9316
815, 5572
363, 22400
1084, 48830
2854, 68
497, 19053
833, 5963
5920, 38
1104, 95831
1062, 31542
692, 104525
5779, 19
677, 215192
1100, 69189
6187, 2
674, 200725
672, 107433
5759, 1
766, 257498
5853, 14
694, 57964
1758, 8905
649, 52456
1106, 99519
239, 21121
3116, 45
759, 23351
747, 7322
5834, 16
651, 71361
1760, 7193
650, 45163
1759, 8433
566, 73028
378, 3780
276, 13049
1385, 14110
634, 221524
5721, 7
624, 16953
576, 15121
5663, 1
750, 608167
5837, 228
3244, 54
887, 12032
976, 18257
978, 17108
6065, 2
889, 14314
900, 15199
980, 37790
921, 53155
994, 37690
940, 35348
939, 34394
6026, 1
469, 8949
5556, 6
456, 2171
1565, 36292
998, 34699
6085, 2
977, 22972
2426, 446
69, 3168
821, 5030
5908, 65
175, 9320
885, 32369
5972, 31
886, 18883
5973, 2
880, 48253
5967, 3
953, 20817
6040, 1
814, 6905
5901, 2
3171, 35
954, 30217
351, 28048
1059, 84782
1766, 9037
2444, 346
87, 11931
1196, 56917
6283, 1
1024, 31040
1014, 93310
1035, 28054
1079, 63335
523, 12679
485, 9430
5572, 2
1073, 50588
626, 16553
439, 14604
699, 82230
479, 13424
5566, 3
528, 5561
5615, 3
702, 129026
705, 232321
5792, 1
1078, 93154
1575, 29754
466, 4992
667, 532468
1751, 8304
6838, 1
642, 60910
987, 77799
1422, 32462
6509, 2
707, 57494
5794, 1
676, 104158
1045, 22050
432, 6788
1367, 12313
445, 3104
483, 5825
1102, 154322
6189, 1
473, 13400
5560, 1
1082, 46648
1471, 24681
749, 28591
5836, 2
377, 7968
5464, 1
613, 13254
5700, 23
2713, 60
356, 16530
5443, 6
2948, 73
591, 28225
478, 13106
608, 72878
5695, 1
405, 2040
5492, 1
622, 11127
623, 10024
5710, 1
427, 1789
5514, 3
529, 6214
5616, 4
503, 11613
5590, 5
200, 37554
206, 4450
489, 6777
1105, 95197
983, 266138
999, 27980
1001, 48342
1525, 115417
1330, 12771
6417, 1
1433, 17223
1054, 238461
1067, 21173
1208, 83540
6295, 1
2585, 165
228, 13762
1075, 68748
519, 9276
686, 86251
763, 180254
706, 16915
1520, 44612
768, 144844
1491, 30349
756, 1332530
5843, 5
272, 57503
350, 89653
5437, 1
555, 107765
430, 15284
392, 9682
997, 33214
985, 257875
1162, 23783
909, 77175
5996, 31
930, 30442
6017, 1
949, 23326
819, 9997
873, 11434
884, 38791
5971, 2
877, 25285
5964, 6
369, 10124
279, 26919
952, 16455
6039, 2
1047, 26288
1051, 39986
681, 33817
515, 16403
773, 40830
758, 33162
2233, 538
2068, 2028
2372, 412
1753, 8540
1738, 7176
1819, 10277
2600, 269
2451, 259
2114, 999
1982, 3354
7069, 1
2070, 1584
2097, 1558
2162, 913
2020, 2729
2291, 460
2102, 1031
2101, 1331
1978, 3823
2105, 1504
2038, 2115
211, 1515
441, 7244
2032, 3171
2031, 2835
7118, 5
2050, 2156
1866, 7451
2011, 2708
1939, 5195
1945, 4669
2071, 1614
2440, 353
1626, 12337
2158, 1010
2972, 24
2152, 1134
2409, 344
2364, 509
2238, 601
2241, 647
2242, 447
2118, 1163
2383, 230
2581, 162
2593, 146
2568, 245
3418, 29
2125, 964
4121, 1
4125, 9
4091, 9
2676, 64
2355, 534
2842, 55
2310, 249
2595, 149
1900, 5300
3511, 11
1894, 6149
2594, 96
2056, 2144
2054, 2338
2093, 1625
1908, 6389
2450, 282
2418, 356
2367, 443
2496, 311
2422, 297
4260, 17
2879, 65
2475, 370
2296, 505
2297, 410
2880, 71
2626, 183
2625, 145
1736, 7080
2430, 344
2501, 209
2406, 315
2483, 308
2473, 284
2407, 316
2433, 284
1965, 3868
1987, 3443
1666, 7701
2477, 295
2688, 107
2707, 135
2282, 261
2307, 328
2408, 308
2021, 2390
1909, 6547
386, 1527
1993, 3571
2025, 2513
1829, 11238
2796, 36
2412, 399
2010, 3077
2637, 164
2657, 153
2514, 347
2487, 365
2886, 26
2429, 536
2627, 166
2728, 106
1977, 3557
2660, 73
1790, 10929
1731, 5642
2040, 2081
2036, 2791
2731, 47
2727, 84
2732, 27
3130, 44
2730, 47
2446, 262
2447, 373
2988, 30
2047, 2085
2651, 131
2662, 157
2417, 300
2416, 385
2414, 355
2306, 369
2538, 263
2515, 248
2516, 248
2144, 1201
2722, 64
2148, 1098
2672, 74
2736, 79
2394, 295
2811, 81
4288, 4
2413, 273
4285, 7
2244, 485
2753, 72
2536, 140
2566, 199
2129, 1035
2537, 158
2694, 80
2826, 61
2599, 182
2470, 294
2224, 456
2539, 140
2134, 1006
1992, 3326
1941, 4452
2263, 407
2700, 147
2312, 395
2684, 106
2276, 349
2288, 508
2687, 105
2188, 682
2185, 660
4258, 1
2528, 209
2619, 163
2542, 205
2618, 233
2602, 212
2260, 424
2206, 796
2221, 773
2225, 463
2223, 374
2604, 133
2449, 283
2351, 454
1968, 3634
2704, 102
2401, 270
2442, 364
2611, 94
2419, 726
2448, 325
2398, 476
2427, 337
2445, 273
2714, 150
2438, 302
2597, 112
2320, 430
2141, 1320
2441, 452
2613, 241
2748, 67
2563, 215
2720, 64
2555, 177
1975, 3013
2586, 164
2457, 308
2592, 180
2458, 253
2113, 1176
2589, 256
1737, 7171
1839, 10100
2137, 987
1946, 4760
2140, 1062
2601, 218
2756, 85
2150, 814
2455, 288
2478, 356
2432, 505
2135, 1026
2773, 128
2133, 1079
2149, 885
2456, 359
2236, 438
2725, 107
2166, 912
2439, 353
2631, 183
2469, 182
2136, 870
2123, 1102
2095, 1734
2929, 33
2932, 36
2931, 44
2461, 291
2734, 54
2249, 604
2489, 286
2462, 339
2254, 516
2170, 792
1799, 10357
2658, 120
2459, 461
2723, 77
4222, 10
2909, 42
2691, 76
2916, 85
4221, 21
2918, 34
3869, 3
2917, 76
4220, 1
4218, 8
2506, 363
2130, 1099
2905, 51
2502, 329
3677, 7
4317, 9
3231, 29
2145, 1028
4226, 27
3232, 18
4319, 9
3694, 4
3689, 7
3685, 9
3686, 35
4232, 32
3119, 34
3118, 76
3124, 21
3961, 3
4165, 194
4164, 4
3278, 27
3271, 41
3657, 12
3366, 17
3279, 21
3368, 5
3282, 54
4088, 3
3371, 16
3306, 18
4048, 3
3309, 36
4128, 16
3101, 23
4102, 9
3074, 23
4160, 16
4145, 17
4122, 3
3144, 19
3492, 7
4163, 55
4131, 26
3430, 14
3447, 26
3442, 11
3943, 17
4043, 25
3422, 30
4039, 4
4038, 31
3811, 8
3980, 13
3975, 27
3976, 3
4227, 42
4182, 8
4180, 8
4041, 7
2645, 82
3079, 51
4004, 10
4049, 3
3486, 6
4231, 8
2959, 43
4002, 6
4001, 2
3500, 26
3971, 14
3954, 13
2251, 524
3967, 8
3513, 15
4228, 51
4152, 6
3734, 10
4169, 41
2683, 169
3864, 4
4170, 27
4149, 18
3113, 9
4144, 7
3029, 45
4142, 15
4230, 4
4233, 41
4158, 56
4069, 5
4190, 13
3057, 62
4115, 4
3058, 45
2393, 259
3664, 11
3639, 4
4238, 46
4159, 25
4236, 29
3671, 14
4223, 4
4225, 11
3303, 21
3713, 40
2512, 159
3145, 60
2718, 95
2861, 24
2710, 60
2705, 154
2981, 15
2712, 140
2120, 1127
3307, 11
2121, 1311
2953, 67
2607, 112
2553, 127
2549, 178
2926, 35
2551, 184
2552, 244
3401, 11
2524, 286
2521, 296
2518, 152
2612, 170
2258, 517
2634, 152
2250, 413
2923, 76
2633, 120
2648, 107
3229, 15
3129, 21
2701, 186
3111, 44
2334, 547
2677, 85
2160, 948
2703, 97
3252, 17
3537, 10
2827, 43
2818, 83
3293, 26
2960, 74
2958, 52
3444, 11
3233, 14
2747, 113
3292, 13
3235, 33
3308, 11
2970, 25
2945, 34
2919, 36
2895, 111
2609, 138
2788, 109
3259, 46
2893, 49
2882, 57
2884, 62
2891, 43
3042, 22
2894, 68
2896, 60
3224, 18
3010, 28
2897, 47
2681, 66
2800, 43
3187, 36
2799, 89
2679, 71
3312, 39
2550, 322
2830, 46
3535, 19
3315, 20
2987, 53
3436, 29
3007, 19
3223, 40
2887, 51
3146, 38
3544, 11
3155, 53
3243, 41
3125, 42
3123, 41
3122, 18
3419, 10
2956, 25
3088, 48
3162, 34
3325, 16
3461, 8
3078, 24
3053, 66
3052, 38
2994, 29
2841, 40
2999, 30
3049, 75
3016, 67
3017, 45
3018, 45
3024, 33
3050, 71
3347, 20
3277, 54
3579, 5
3063, 14
3093, 13
3542, 8
3200, 24
3069, 63
3536, 14
3428, 11
3280, 33
3352, 8
3458, 7
3206, 77
3283, 42
3268, 13
3550, 9
3336, 15
3167, 13
3246, 83
3209, 14
3202, 11
3551, 29
3245, 25
3460, 4
3276, 73
3348, 13
3340, 57
4370, 4
3203, 9
3439, 21
3059, 40
3576, 8
3022, 16
3666, 7
3060, 46
3546, 17
3443, 6
3062, 32
3056, 44
3070, 21
3452, 13
4373, 5
2139, 1068
2323, 326
3676, 21
3650, 9
3651, 5
4353, 4
4325, 7
3345, 14
3877, 14
4334, 2
3669, 10
4341, 14
3483, 18
3087, 21
3000, 67
3026, 17
3043, 43
3584, 4
3473, 17
3485, 6
3581, 30
3665, 5
3514, 12
3578, 9
3476, 73
3300, 13
3302, 32
3107, 24
3103, 40
3091, 28
4313, 7
3806, 3
3828, 10
3807, 4
3695, 24
3827, 16
4314, 4
4323, 3
3843, 9
3178, 11
3714, 13
2314, 371
2425, 292
2392, 452
2245, 423
2420, 249
3388, 12
3556, 20
2138, 944
3501, 16
2208, 587
2151, 697
2147, 755
3798, 10
3213, 18
2295, 344
3464, 9
2271, 236
2292, 383
3396, 16
2379, 396
3480, 12
3541, 14
2523, 302
3739, 6
3417, 9
3662, 9
3481, 13
3474, 12
3475, 27
2527, 94
2526, 165
2529, 327
3653, 4
3161, 37
2229, 482
2532, 185
3160, 52
3512, 9
2534, 174
3502, 14
2513, 191
2037, 2500
3763, 7
3569, 21
3515, 17
3649, 4
3570, 11
3469, 5
3533, 10
2155, 995
2154, 961
2577, 327
3552, 14
3538, 20
3365, 26
2610, 138
2590, 255
2596, 92
3684, 4
2632, 193
2124, 1049
3510, 10
3742, 7
3477, 29
3781, 4
2622, 125
3543, 28
3610, 12
3562, 22
2608, 123
3344, 17
2606, 139
3408, 17
2598, 119
3736, 46
3765, 13
3410, 10
3409, 14
2605, 205
2558, 191
3681, 23
3768, 23
2348, 337
3769, 4
3759, 3
2654, 163
3719, 24
3627, 6
3788, 14
3776, 7
2273, 527
2301, 378
2159, 856
2264, 457
2265, 454
2267, 333
2269, 356
3795, 8
3616, 7
2157, 878
3737, 7
3762, 3
2302, 260
2277, 553
3753, 13
3755, 12
3654, 4
2752, 135
3645, 10
2739, 67
2227, 490
2759, 78
3633, 24
3626, 17
3804, 8
3687, 5
2760, 121
3663, 1
3646, 5
2173, 572
2428, 443
3699, 11
2404, 361
2770, 112
2410, 289
3761, 9
3668, 10
2767, 55
2778, 76
2771, 91
4550, 7
4561, 5
3937, 30
3932, 10
2272, 266
3934, 17
3567, 56
2719, 102
4496, 6
3563, 35
4498, 2
3936, 25
3935, 8
3564, 18
2791, 119
3852, 18
2787, 58
4547, 2
3900, 2
2785, 54
3895, 35
3859, 16
4493, 2
2906, 45
2187, 755
2603, 112
2545, 267
2793, 108
2559, 249
2205, 776
2204, 631
2278, 517
2262, 347
2795, 53
2666, 95
2663, 90
2647, 150
3794, 3
2900, 32
2641, 116
2914, 37
2901, 48
2639, 91
2902, 32
2638, 185
3797, 3
2620, 123
2464, 363
2623, 121
2507, 339
3796, 9
2437, 344
2615, 148
1912, 5330
2921, 35
2655, 116
3774, 29
2411, 284
3998, 4
2082, 1638
3891, 9
2143, 1061
3969, 56
2933, 37
2935, 55
3887, 3
2635, 187
2630, 159
2629, 123
2424, 323
3756, 11
2491, 337
2899, 37
2934, 57
2640, 166
2888, 63
3892, 17
3012, 50
3894, 2
2690, 140
2576, 215
2686, 82
3803, 34
3870, 28
3802, 4
3881, 5
3876, 3
2275, 458
2153, 978
2783, 48
2220, 529
2286, 331
2285, 374
3925, 5
2649, 189
2682, 61
3905, 5
3675, 8
2692, 92
2685, 130
2680, 68
2828, 74
2261, 437
3867, 6
3871, 17
3883, 2
4539, 4
2989, 40
3984, 8
2995, 48
3006, 20
3045, 26
2997, 36
2998, 39
3837, 5
2971, 41
4009, 6
4846, 8
2790, 132
3370, 17
2674, 129
2452, 379
2570, 101
2574, 147
2582, 186
2636, 87
3351, 8
2696, 105
2667, 96
3324, 29
3319, 18
3555, 18
2560, 130
3251, 62
2962, 23
3257, 15
2557, 127
2614, 154
2624, 129
3264, 49
2643, 143
3238, 21
2617, 131
2517, 232
2621, 170
3350, 72
2949, 97
2699, 65
2591, 98
2578, 168
2656, 82
2941, 94
3201, 37
4287, 2
4410, 8
2951, 31
2915, 81
3199, 19
2947, 26
3194, 14
4289, 8
3197, 11
2940, 21
2936, 37
4416, 2
3390, 15
2939, 24
4500, 5
3559, 24
3137, 34
3135, 34
3545, 12
4421, 1
4511, 10
4505, 4
2983, 42
2982, 35
5084, 2
4312, 9
4311, 8
3907, 6
3031, 40
3547, 11
5060, 22
3374, 62
4562, 2
2845, 47
3379, 10
4391, 35
4444, 11
4412, 1
4364, 12
4411, 4
4448, 6
4392, 35
2246, 509
2876, 46
4426, 1
4390, 5
3222, 16
2338, 369
4407, 2
4398, 31
4451, 6
2371, 335
3002, 93
3048, 31
3076, 31
3205, 23
4455, 141
3426, 7
4440, 4
3402, 14
3065, 34
3015, 30
3690, 3
3014, 46
4419, 4
3055, 18
4433, 15
3353, 12
4423, 3
2325, 342
3465, 22
3294, 55
3080, 30
3096, 14
3094, 5
3407, 11
3698, 7
3102, 17
4476, 4
4475, 5
4519, 4
4454, 19
3020, 15
3081, 28
3084, 65
4438, 7
4434, 10
3112, 20
2519, 219
3254, 15
4510, 6
3558, 21
3083, 11
4449, 6
3495, 7
3104, 42
3073, 33
2867, 71
3089, 38
3072, 18
3064, 26
3023, 63
2697, 89
2661, 222
2671, 119
3640, 6
53, 302
4483, 9
3132, 59
4484, 3
3192, 12
3382, 21
3369, 7
2294, 518
2675, 56
3771, 3
4480, 10
3329, 47
3604, 44
3503, 19
3603, 23
3332, 67
3330, 31
2644, 76
3601, 8
4474, 1
3331, 25
3256, 60
3226, 12
3267, 9
2508, 179
3361, 21
4532, 7
2283, 453
3636, 88
3416, 8
3412, 18
3262, 10
3435, 21
3590, 12
3295, 16
3582, 4
2324, 370
2544, 126
2540, 206
2772, 119
3554, 13
2781, 37
2546, 242
3438, 7
3299, 27
3440, 3
3285, 38
3305, 12
2812, 60
2531, 175
2561, 95
3808, 7
4522, 1
4526, 7
3433, 10
2168, 953
2806, 54
2554, 145
2803, 35
2177, 864
2583, 140
2164, 992
4568, 5
4530, 5
2572, 107
4529, 4
2584, 303
4587, 5
4598, 2
3462, 4
2844, 28
3449, 5
4534, 3
4551, 2
2851, 67
2837, 59
4531, 1
3587, 4
2465, 245
4538, 4
2505, 388
3632, 2
3355, 8
2161, 971
4665, 3
3357, 14
3634, 7
2460, 410
3729, 4
3378, 9
3853, 9
3493, 3
3557, 17
3706, 18
2509, 271
4592, 3
3717, 5
3704, 4
4583, 2
4627, 4
2862, 36
2807, 118
2495, 157
3459, 4
3857, 2
2979, 31
2974, 23
3588, 8
2543, 116
3731, 3
3596, 9
3451, 6
2579, 136
2792, 67
2665, 81
4642, 1
2575, 123
3003, 37
3938, 10
3577, 10
2961, 18
3927, 7
2991, 56
2822, 126
2990, 13
2825, 87
3678, 19
2993, 18
2628, 223
2746, 63
2836, 64
2834, 77
3893, 8
2925, 71
3866, 4
2911, 41
2823, 80
3851, 26
2820, 85
3466, 3
2715, 99
2556, 164
2569, 175
2573, 130
2530, 284
2259, 474
3748, 7
2548, 187
2522, 240
4669, 5
3696, 16
2804, 63
3819, 2
2726, 81
2695, 83
2709, 121
2763, 120
2740, 54
2702, 148
2774, 54
2652, 105
2810, 95
2653, 146
3561, 5
2835, 56
2711, 83
4770, 2
2776, 142
3574, 6
2786, 61
3702, 13
3841, 8
4746, 5
2757, 49
2860, 21
2766, 69
3121, 22
2737, 77
2801, 35
2744, 83
2729, 103
2809, 80
2852, 94
3849, 3
2984, 104
2240, 403
4686, 5
3817, 2
4697, 6
2881, 45
2890, 81
3818, 7
2789, 90
2488, 376
2856, 43
2777, 42
2775, 103
2769, 115
3701, 12
2721, 106
4689, 13
2768, 72
4722, 1
3885, 8
3095, 13
3873, 18
2698, 140
2650, 187
2547, 155
2525, 200
4017, 4
3890, 5
3787, 8
2673, 97
2571, 205
3786, 27
2520, 390
3028, 25
2969, 36
2904, 33
4006, 5
2875, 34
3886, 5
2869, 61
4864, 8
4874, 19
2717, 106
2957, 16
4736, 1
2952, 47
4731, 2
3039, 28
2802, 56
3919, 10
3928, 10
2510, 141
2821, 67
4756, 2
2819, 61
2829, 59
2738, 188
2814, 94
2816, 62
3722, 18
2849, 127
2850, 112
2642, 168
2808, 60
2832, 110
2863, 23
4763, 4
2868, 18
3952, 1
3918, 23
2664, 57
3910, 19
3944, 11
2659, 105
3764, 11
3288, 125
3289, 81
2907, 64
3044, 38
2780, 109
2751, 67
3858, 2
3115, 26
2859, 54
2865, 34
2761, 126
3296, 12
3847, 6
2762, 64
3046, 121
2950, 66
4051, 3
3051, 22
3027, 101
3284, 92
3286, 36
3287, 90
3274, 22
2965, 26
4549, 3
5072, 10
3953, 1
5070, 4
5071, 6
5073, 3
5076, 41
2779, 53
3159, 48
3068, 41
3114, 36
2794, 64
2858, 89
2755, 77
2749, 68
3339, 7
4298, 23
4850, 27
4848, 12
4310, 7
4299, 19
4849, 157
4266, 7
4274, 5
4766, 213
4765, 42
4618, 5
4619, 7
4635, 1
4631, 1
4639, 3
4699, 33
4553, 5
4647, 3
4651, 7
4729, 1
4703, 5
4761, 6
4723, 1
4191, 1
4764, 13
4645, 26
4644, 53
4545, 3
4540, 15
4541, 9
4782, 4
4780, 9
4641, 2
4585, 5
4582, 5
4640, 20
4652, 5
4845, 33
4733, 2
4779, 5
3471, 16
4748, 3
4772, 10
4750, 20
4369, 9
4840, 5
4377, 6
4749, 4
3326, 12
3131, 33
4774, 4
4807, 6
4834, 3
4558, 5
4747, 2
2706, 159
4624, 1
4743, 11
4966, 3
4626, 2
3266, 76
3683, 22
3377, 30
3273, 56
3484, 7
2708, 62
3317, 61
3297, 9
3679, 22
2930, 82
3360, 14
3359, 7
2924, 112
3387, 23
2913, 38
2920, 76
2758, 47
2898, 28
2943, 32
3364, 15
3605, 20
2872, 41
2954, 51
3591, 3
2870, 49
3334, 14
2910, 39
3346, 17
3349, 8
2927, 46
2942, 33
4046, 10
3314, 22
3313, 3
3328, 11
3316, 33
3133, 184
4664, 1
3320, 4
4887, 4
3405, 30
3933, 5
3335, 6
3323, 35
3530, 5
3659, 2
3724, 4
3005, 30
3834, 23
3941, 23
4907, 1
3425, 20
3899, 4
3109, 31
3855, 17
4725, 1
3413, 14
3531, 7
2996, 42
3434, 28
3386, 27
3385, 10
4105, 9
3380, 3
4862, 2
4650, 2
4724, 2
4108, 4
4856, 6
3373, 16
3318, 45
4649, 4
4721, 2
4843, 20
4717, 4
3391, 5
4129, 19
3923, 6
4709, 6
4658, 5
4706, 1
4620, 4
3642, 36
4126, 1
3270, 47
3463, 6
3499, 3
3791, 2
3237, 24
3518, 6
3479, 10
3242, 5
3494, 11
3608, 9
3906, 20
3594, 10
3950, 11
3506, 2
3618, 11
4938, 2
3990, 19
3509, 7
3718, 11
3889, 2
3751, 7
3532, 7
3917, 7
3623, 41
3752, 34
3880, 11
3656, 2
4789, 7
3682, 27
2978, 18
3908, 9
3117, 87
3667, 14
3674, 5
3337, 25
3560, 19
4769, 4
4732, 4
4791, 4
4705, 1
3896, 48
3549, 3
3030, 31
3848, 3
4701, 4
4790, 8
4760, 9
2564, 132
4785, 4
3403, 33
3743, 9
3999, 3
3945, 1
3850, 6
2580, 71
4945, 1
3770, 4
3457, 9
3856, 6
3470, 8
4739, 9
4740, 5
4961, 1
3709, 5
3775, 6
3805, 5
4114, 11
4792, 3
3716, 12
3712, 2
4838, 4
4977, 3
4978, 1
4095, 2
4828, 15
3723, 10
4825, 10
4235, 4
4959, 1
3760, 4
3612, 7
3948, 9
4026, 6
4974, 2
3785, 3
3960, 4
3801, 11
4007, 2
3955, 2
3635, 49
4842, 11
4035, 1
3904, 2
4307, 2
2733, 53
4832, 12
4308, 17
3949, 14
4305, 7
4306, 4
3863, 2
4833, 35
4830, 15
4005, 8
3733, 110
3735, 32
3814, 11
3749, 3
3744, 8
3993, 6
3909, 4
4359, 3
4979, 4
2885, 71
4166, 3
4110, 1
3983, 11
4198, 3
4133, 7
3986, 8
4264, 5
3985, 62
4109, 12
2892, 46
4077, 15
4076, 3
2877, 46
2846, 68
4078, 2
5010, 2
2964, 40
5012, 1
4150, 4
4167, 11
2937, 55
4173, 7
2813, 64
4057, 21
3011, 15
4156, 2
4924, 5
3008, 34
5033, 1
4882, 1
5036, 2
4193, 5
2567, 169
2565, 113
4161, 19
5050, 60
4162, 11
4196, 2
4195, 32
4075, 10
3021, 33
3157, 67
4202, 3
5081, 2
4099, 5
3106, 16
4256, 16
3174, 24
3120, 41
4254, 44
3169, 112
4442, 3
4185, 2
4120, 9
3838, 4
4212, 4
4350, 2
3127, 89
4316, 2
3143, 23
4147, 17
3037, 28
3148, 25
2724, 145
3147, 17
4134, 4
4171, 2
4219, 1
4367, 8
4326, 4
4950, 1
4061, 8
2765, 70
4947, 1
2838, 39
2689, 86
3281, 59
2741, 83
4253, 37
3272, 8
3987, 3
3631, 3
4296, 11
3184, 41
4211, 8
4201, 8
4192, 4
4082, 10
3177, 38
3092, 8
4210, 4
4189, 9
4206, 2
4208, 5
4209, 19
4207, 16
4188, 6
3376, 15
2797, 37
4197, 9
4104, 15
2784, 53
2824, 124
2815, 64
2716, 138
4200, 55
4194, 20
2975, 23
2883, 102
3488, 6
2735, 47
2840, 44
3038, 68
2980, 28
3067, 19
3468, 14
4378, 9
3001, 36
4282, 5
3152, 15
4384, 3
4241, 3
2764, 59
4267, 1
5039, 4
3075, 32
5016, 1
3153, 13
3170, 41
4328, 2
2977, 42
4276, 5
5045, 6
3004, 27
3139, 19
2992, 30
3521, 9
3338, 17
3504, 4
3253, 19
3411, 7
3105, 23
2669, 111
3404, 38
4322, 11
3198, 32
2750, 59
4331, 1
4424, 2
2646, 136
2668, 131
2839, 59
3180, 15
4375, 2
3173, 28
5058, 39
2742, 66
2908, 39
3228, 63
3250, 62
2670, 90
3215, 14
4402, 5
3181, 13
4347, 3
2976, 37
3189, 20
3196, 11
3661, 6
3230, 17
3507, 9
3354, 9
3241, 10
4393, 3
3054, 21
3061, 69
3249, 17
2938, 86
2889, 62
3248, 16
2805, 53
2754, 81
2743, 55
3036, 17
4355, 10
3711, 55
4096, 18
3150, 51
3708, 4
3260, 16
4517, 2
3140, 42
3035, 28
3185, 38
3381, 4
3040, 67
4579, 4
4508, 4
2966, 29
3176, 33
3225, 21
3175, 24
3397, 10
4374, 7
3508, 36
3914, 21
3903, 15
4453, 43
3878, 4
3931, 5
4130, 10
4143, 31
4376, 203
4244, 20
4240, 1
4248, 24
4309, 4
4339, 5
4371, 15
4356, 28
4332, 2
4112, 6
3082, 13
4119, 10
4154, 11
4389, 12
3041, 19
4245, 3
4452, 8
4446, 22
4386, 52
4146, 22
4354, 2
4372, 32
4379, 1
4016, 14
4441, 26
3025, 45
4380, 6
4413, 4
4205, 6
3573, 22
4262, 8
3218, 54
3505, 40
3356, 10
3208, 51
3126, 27
3188, 58
2843, 54
2831, 36
3216, 23
3400, 19
3190, 13
3265, 12
2986, 24
3327, 20
3836, 12
3204, 41
4439, 5
3183, 14
4443, 7
4342, 26
4021, 32
3780, 17
3186, 39
3793, 6
2798, 54
3727, 1
3720, 10
4272, 3
4340, 3
4336, 1
3809, 7
3810, 4
3947, 3
4292, 1
4022, 4
4338, 7
3423, 13
3239, 7
4136, 6
4140, 2
3446, 9
4050, 6
3996, 8
3625, 2
3322, 10
3527, 19
4437, 16
4324, 12
4073, 2
3431, 20
4012, 3
4217, 11
3741, 6
4003, 4
3628, 11
3692, 22
3437, 11
3630, 3
4028, 7
3609, 8
3966, 1
3963, 7
4606, 2
3487, 7
3746, 7
3745, 4
3672, 11
4385, 9
3586, 6
4464, 4
3595, 7
3970, 1
4383, 18
3638, 20
3622, 13
3641, 10
4055, 2
3705, 12
3700, 13
4098, 6
4107, 6
3772, 7
3821, 3
3792, 2
4395, 2
4157, 3
4688, 3
4071, 1
4070, 3
3754, 10
4425, 6
4806, 1
3842, 5
4388, 6
4087, 13
4692, 1
4690, 6
3783, 8
4089, 6
4875, 18
4870, 2
4795, 2
3845, 4
4415, 1
4275, 4
3921, 12
4861, 1
3862, 2
4524, 5
4871, 3
4726, 2
4141, 5
4118, 5
3813, 17
4138, 16
4234, 1
4762, 2
4139, 52
3212, 24
4052, 2
4366, 6
4044, 1
4611, 4
4956, 3
4429, 1
4237, 4
4872, 2
4481, 1
4482, 3
4203, 2
4295, 9
4877, 4
4992, 13
4060, 8
3291, 15
4117, 2
4116, 57
4113, 9
4403, 2
4696, 6
2903, 51
4811, 6
3033, 26
4450, 2
4876, 3
4456, 3
4590, 1
4268, 2
4734, 9
3420, 12
3421, 17
4330, 7
4397, 9
4572, 4
4291, 3
3341, 20
4490, 4
3424, 34
4576, 3
4466, 1
3193, 23
3195, 21
4349, 4
4753, 5
4360, 4
4265, 9
4333, 5
2944, 35
4406, 3
4798, 2
3304, 29
4501, 7
4345, 2
4599, 1
4554, 3
3009, 29
4518, 6
4471, 2
3261, 19
3395, 6
3539, 2
3394, 9
4335, 20
4614, 2
4569, 10
3498, 8
4432, 6
4565, 9
4793, 4
3566, 12
4495, 7
3658, 1
3652, 3
4675, 3
3013, 28
4630, 27
4559, 1
4470, 1
4680, 6
4616, 1
4428, 3
3482, 15
4567, 3
4928, 2
4969, 2
4972, 1
3757, 9
3534, 8
4926, 5
3747, 7
4546, 3
3110, 17
3108, 59
3406, 21
4591, 17
4544, 9
3453, 26
3399, 10
3310, 11
4922, 1
3163, 54
3154, 54
3367, 19
5061, 39
2967, 26
3392, 33
4625, 1
4988, 13
3784, 1
4821, 9
3946, 12
3922, 5
3777, 14
4008, 4
4010, 20
3648, 3
3138, 33
3415, 10
3548, 2
3432, 60
4199, 5
3519, 8
3441, 9
3172, 45
3034, 33
3164, 35
3913, 6
3168, 14
3191, 21
3740, 8
4735, 4
3234, 14
3472, 7
3715, 11
4361, 2
4097, 6
4537, 13
3872, 3
4720, 8
3389, 11
3773, 11
3835, 1
3861, 2
3478, 3
3517, 8
4011, 2
3629, 5
4671, 7
3710, 8
4382, 26
3868, 5
4175, 2
3965, 6
3613, 9
3585, 28
3766, 19
3882, 3
4177, 2
4178, 3
4666, 2
3815, 23
3800, 10
4184, 3
3779, 7
4632, 13
4676, 3
3782, 3
4294, 6
4148, 2
4174, 6
4401, 15
3854, 2
4297, 76
4215, 20
4111, 10
3707, 6
4812, 2
2968, 42
4819, 3
4673, 6
3822, 6
4284, 1
4672, 4
4085, 6
3994, 3
3136, 6
3142, 25
4123, 10
4418, 9
4013, 33
4337, 6
5040, 12
3165, 40
4365, 2
3997, 18
4273, 3
4018, 5
4512, 4
4093, 5
5085, 1
4824, 5
2912, 23
4066, 2
4488, 1
4657, 1
4494, 3
3263, 6
4351, 2
4487, 4
4886, 1
4346, 3
3032, 34
4321, 10
3158, 20
4176, 1
4513, 15
5059, 4
3429, 13
3255, 12
3217, 26
4242, 1
4251, 6
3820, 4
3077, 12
4633, 5
4467, 1
4555, 4
3149, 21
5048, 52
4594, 1
3383, 3
3448, 36
3427, 8
4506, 6
5042, 3
5044, 8
5054, 17
5067, 2
3758, 6
5078, 1
3942, 4
3151, 22
4086, 2
3830, 37
3290, 14
4247, 3
4462, 1
3670, 1
3343, 21
3445, 5
3728, 9
4155, 12
4034, 2
3988, 2
3978, 3
3964, 1
3637, 3
3693, 9
3829, 5
3831, 11
4031, 4
4578, 1
3826, 4
4047, 3
4580, 4
3363, 10
3929, 4
4343, 3
4056, 4
4352, 6
3812, 4
4250, 3
4489, 4
4427, 1
3959, 1
3989, 5
3767, 1
3647, 2
4040, 5
4269, 5
3972, 4
4552, 3
3974, 5
4329, 4
4187, 6
4303, 22
4181, 28
3977, 2
4465, 4
3991, 10
4094, 13
3981, 3
4461, 5
4183, 11
3962, 5
3839, 2
4394, 2
4286, 2
4459, 17
4400, 1
4543, 2
4752, 3
4521, 2
4422, 4
4257, 2
4124, 2
4281, 2
4497, 1
3220, 29
4486, 6
4822, 2
4304, 2
3047, 20
4301, 4
4204, 2
4710, 5
4503, 7
4659, 3
4643, 1
4445, 1
3496, 1
3620, 8
4589, 1
4911, 1
4655, 3
4931, 6
3301, 6
4628, 1
4719, 7
4670, 1
3393, 5
3553, 4
4796, 3
3097, 20
4786, 6
3099, 30
5000, 2
5026, 5
4621, 1
4597, 1
3342, 38
4933, 1
4674, 1
4935, 2
3358, 11
3219, 20
4711, 2
3372, 13
4955, 1
4715, 6
4815, 3
4934, 1
5029, 2
3597, 9
4841, 7
4502, 2
3214, 11
3660, 4
5069, 1
3311, 1
3275, 25
3673, 2
4885, 2
3333, 66
3398, 7
4984, 2
3688, 4
5018, 26
5015, 2
5055, 3
3565, 4
5086, 5
3888, 3
3489, 2
3617, 21
4172, 3
3860, 2
