8186, 5
9201, 1
10102, 2
8387, 1
9268, 1
9543, 1
8374, 2
9562, 5
8305, 1
9510, 2
9082, 1
9019, 1
7809, 1
9567, 2
9560, 1
8238, 2
8959, 1
9551, 4
9101, 1
9193, 8
6463, 1
9550, 4
9062, 2
8988, 1
7505, 1
6636, 2
7970, 1
9023, 5
10200, 2
7645, 1
9377, 1
9329, 1
8529, 2
9369, 1
9132, 1
8816, 1
7220, 1
9153, 1
8998, 1
7614, 8
8180, 1
7989, 2
8247, 1
8792, 1
8542, 1
9844, 1
9417, 10
8430, 1
9286, 1
9239, 1
9966, 1
8826, 1
7807, 1
8320, 1
7128, 1
8009, 2
7472, 8
8968, 1
7920, 1
9399, 1
7418, 7
7813, 3
9396, 1
10246, 6
7759, 6
9240, 3
6554, 1
9709, 2
9884, 1
9085, 1
9651, 2
9409, 6
10229, 3
8853, 1
7354, 1
9332, 1
10271, 1
8619, 1
8146, 2
6912, 1
10236, 1
9323, 1
9071, 1
10214, 1
7477, 1
7743, 5
9876, 1
8059, 1
8561, 1
6884, 1
6659, 1
6903, 1
8880, 1
7084, 3
7795, 14
8677, 1
6658, 2
6943, 4
8684, 3
8745, 1
8263, 1
9839, 1
9236, 1
7038, 1
7224, 2
7140, 1
8669, 1
9777, 1
9505, 1
9189, 1
10119, 1
7836, 1
9267, 7
6808, 1
7937, 8
7953, 1
7558, 1
9639, 1
7938, 2
9304, 2
8102, 1
6774, 20
9028, 4
9030, 37
8946, 3
9993, 2
8310, 1
8469, 1
8969, 3
7176, 2
7299, 1
8994, 1
8800, 27
8806, 7
8818, 5
8822, 2
8919, 49
8827, 1
8672, 2
8918, 3
8926, 6
8888, 6
8891, 5
8807, 1
8600, 2
8931, 8
8448, 17
8488, 3
8423, 5
8149, 3
8164, 2
8435, 2
8505, 1
8715, 3
8003, 2
8137, 4
8847, 1
8912, 1
8338, 3
8927, 10
9051, 8
7394, 2
7853, 4
9547, 2
9552, 3
9445, 3
9043, 1
9260, 3
8793, 4
7994, 1
9559, 1
8789, 3
9634, 1
6161, 5
6616, 3
6940, 1
9148, 1
8875, 8
9037, 1
8872, 1
8660, 3
9203, 2
8620, 4
6787, 2
10037, 5
9173, 1
6727, 1
9542, 1
9364, 1
9287, 1
9226, 3
8701, 1
6188, 1
9227, 1
9321, 2
8690, 3
6724, 1
9465, 1
6782, 2
10176, 1
9913, 1
6542, 2
9890, 1
9105, 1
8858, 1
6878, 2
9308, 1
8352, 2
7174, 2
6606, 3
9318, 1
9301, 1
9261, 1
8431, 1
8366, 2
8729, 6
8497, 1
6361, 6
8854, 8
8632, 1
8506, 2
9115, 1
9128, 1
9802, 6
8438, 1
9281, 1
8342, 2
8345, 84
8351, 3
6522, 2
5838, 1
10186, 1
8940, 156
9063, 1
9122, 2
9842, 2
6571, 1
9710, 1
8631, 5
8937, 2
6563, 4
6180, 1
8652, 1
6432, 22
9033, 3
9840, 1
8455, 1
7879, 1
9701, 1
8621, 1
9040, 1
6619, 2
8317, 1
6423, 9
5468, 16
8189, 6
9807, 1
6931, 2
7856, 1
8227, 1
10016, 1
9404, 10
10116, 9
8162, 1
8730, 5
7951, 3
8188, 4
9691, 1
7880, 8
8681, 3
9664, 1
7557, 1
6115, 1
10152, 1
8752, 1
9405, 1
8537, 1
9556, 1
6291, 2
7929, 1
9637, 2
8234, 1
8501, 1
8647, 1
9887, 1
8570, 2
8058, 1
8107, 1
7618, 1
7544, 1
9313, 1
8446, 1
8450, 2
7703, 1
7761, 1
8344, 4
7520, 3
9168, 3
7397, 2
9985, 1
9546, 4
9683, 3
9277, 1
7883, 2
9831, 20
9141, 3
9469, 1
7815, 1
8444, 6
10003, 1
8038, 3
9142, 1
9125, 2
7091, 1
8368, 2
8289, 2
9170, 3
9104, 1
9795, 11
9650, 4
9228, 1
7850, 5
7993, 2
8983, 2
8986, 1
8130, 1
8325, 1
7785, 1
8624, 2
9091, 1
7049, 6
9208, 2
8982, 2
8487, 1
9541, 1
7499, 1
8036, 1
10025, 2
9389, 3
10067, 14
10167, 2
10031, 3
10104, 4
9554, 1
7094, 1
9931, 4
7325, 1
9573, 1
9003, 1
9220, 4
7076, 1
8907, 3
8375, 5
8268, 3
7619, 1
7972, 5
8960, 2
6961, 1
6618, 2
6957, 1
7228, 8
8207, 2
9747, 3
7377, 1
7742, 4
8262, 1
6750, 35
7085, 2
10143, 4
6596, 1
8910, 2
7515, 1
9000, 1
8129, 8
9292, 1
6649, 6
8824, 1
8737, 1
10048, 1
6548, 2
5416, 18
6824, 6
9418, 2
6743, 2
8861, 1
9698, 2
9269, 2
6988, 40
8825, 4
8105, 2
7806, 2
7301, 1
6668, 1
6671, 8
6714, 6
8882, 4
9674, 1
9669, 5
6946, 8
8094, 1
6881, 1
8630, 1
7035, 9
7517, 2
7632, 3
6090, 2
6718, 4
10081, 2
10085, 2
6938, 1
8053, 6
9237, 1
8024, 9
9752, 6
8082, 8
6151, 3
8002, 4
9451, 2
8857, 3
6729, 2
10018, 1
8863, 1
8967, 53
8965, 25
7899, 3
6749, 3
7808, 1
8447, 1
7917, 1
7192, 2
9955, 5
7181, 4
9302, 5
9828, 2
7891, 2
7902, 38
8865, 3
8949, 12
8944, 7
8856, 2
8942, 4
8957, 3
8954, 7
7957, 4
8896, 10
8951, 74
8948, 54
8947, 30
8930, 3
8921, 23
8843, 3
8928, 3
8922, 83
9264, 1
8532, 1
8721, 6
8934, 61
8643, 3
8587, 2
8788, 6
8549, 19
8544, 3
8580, 21
8523, 10
8915, 21
8508, 2
8511, 2
8307, 2
8309, 1
8278, 6
8517, 4
8297, 13
7328, 2
10205, 4
10243, 1
9616, 1
8917, 145
8914, 11
8916, 14
6592, 2
6086, 1
8929, 10
6650, 12
5868, 11
9995, 1
6104, 3
9238, 8
7837, 1
9319, 2
6855, 1
9205, 1
8999, 7
9629, 1
6329, 7
7662, 2
8906, 1
7478, 11
6777, 29
8114, 1
8905, 10
5117, 18
9424, 1
6933, 2
6934, 3
9034, 9
9035, 2
8787, 3
7361, 5
9584, 3
7359, 50
7061, 2
9031, 8
8675, 1
7655, 1
7352, 5
8819, 1
7758, 2
9073, 1
7728, 2
9548, 1
5996, 2
7659, 2
5495, 11
7709, 2
6300, 8
8763, 1
9081, 1
9080, 3
4979, 13
9565, 4
6036, 2
9041, 1
9334, 1
9223, 1
7692, 1
7770, 1
8615, 2
9585, 18
6509, 7
9498, 1
7233, 10
8607, 3
6331, 4
8820, 2
7368, 2
6262, 1
8618, 1
6910, 4
7286, 1
9177, 15
7180, 6
7492, 2
8885, 2
7074, 2
9158, 4
8638, 2
8908, 6
6231, 1
7058, 4
8884, 1
6888, 24
6889, 42
5479, 3
9038, 3
8392, 2
8676, 1
9137, 1
9415, 1
8402, 2
9406, 1
8475, 1
8426, 2
7135, 4
8680, 2
7261, 2
8657, 1
6846, 1
7379, 9
6849, 1
9387, 9
8712, 3
8331, 1
8369, 1
6712, 1
8823, 1
8786, 8
5508, 4
8871, 1
6785, 4
9251, 1
9183, 2
8938, 53
8831, 12
9107, 1
8236, 1
5487, 12
8485, 4
7008, 1
6525, 2
8736, 2
6541, 6
6966, 1
6796, 2
6383, 4
9194, 19
8071, 1
7139, 3
6326, 2
8661, 1
8851, 1
6954, 4
9072, 1
8546, 2
8155, 1
8175, 5
9392, 1
8962, 4
7213, 2
7212, 5
6160, 2
5616, 19
6364, 6
8442, 15
10162, 1
9021, 2
7962, 6
8340, 7
8491, 2
8673, 1
8145, 2
5794, 25
6192, 6
8603, 2
9379, 1
7854, 1
6781, 3
8451, 1
5999, 10
9204, 4
7801, 12
8273, 1
6876, 2
6816, 1
6198, 17
8230, 2
6600, 12
8950, 1
5943, 8
5907, 26
8583, 1
7802, 1
6887, 7
8365, 2
5889, 19
6038, 11
5627, 49
6501, 4
8355, 2
7919, 7
8173, 17
8795, 19
6813, 3
9506, 2
9600, 1
8782, 2
6985, 5
6866, 2
5282, 9
8043, 1
8552, 2
8472, 3
6803, 1
8212, 1
7754, 1
8406, 7
7769, 14
7488, 7
8035, 1
7601, 3
7077, 2
8414, 1
7039, 4
8709, 1
7686, 1
5898, 4
5597, 3
8473, 2
7150, 2
7218, 21
8178, 6
7166, 2
6928, 1
10252, 2
7267, 3
7550, 1
6942, 4
8614, 1
7656, 1
6973, 4
5572, 10
6771, 2
6987, 10
8903, 6
7265, 2
7877, 1
8295, 2
7022, 4
7311, 4
7463, 1
8224, 1
8296, 2
7026, 1
5628, 14
8213, 1
7376, 1
6817, 2
6674, 4
7177, 63
6623, 4
6504, 78
7179, 3
6613, 8
8122, 1
7172, 1
6483, 7
7981, 5
7829, 2
6783, 2
6746, 1
6440, 3
8237, 1
6815, 1
7715, 1
7426, 2
6396, 15
6176, 30
7859, 1
7935, 11
6695, 1
6651, 8
6807, 26
6620, 1
10181, 1
7312, 3
10164, 1
6644, 4
6324, 1
6680, 5
6505, 1
6258, 4
8484, 4
6438, 9
7323, 2
5972, 1
7482, 1
6686, 4
6450, 9
7487, 2
7473, 2
7536, 3
6590, 1
7006, 6
6516, 4
10253, 2
6557, 2
6132, 6
6707, 4
6162, 8
7313, 2
7075, 1
7208, 1
6424, 4
6061, 4
7414, 1
10166, 1
7234, 6
6880, 2
10150, 1
7383, 1
7420, 2
8010, 9
8329, 1
6195, 12
8211, 1
10060, 9
8349, 9
7844, 1
7642, 3
6435, 1
7838, 3
10049, 1
7441, 2
6410, 1
6294, 11
6758, 7
5876, 11
8866, 3
7089, 7
10218, 14
6465, 3
10207, 8
10045, 1
10221, 3
10225, 45
10227, 30
10071, 3
9420, 3
9822, 1
9959, 2
9820, 2
9896, 2
10120, 12
10122, 10
10076, 4
10183, 1
9952, 2
9647, 2
9640, 1
9862, 1
9624, 5
9811, 2
6010, 5
9540, 2
9633, 11
9630, 1
7442, 2
9622, 7
9668, 5
9410, 1
9653, 1
6441, 4
9652, 4
6394, 18
6706, 3
10148, 2
6841, 6
9139, 7
6826, 2
7086, 1
6386, 2
5919, 8
6503, 18
6493, 2
6811, 1
6487, 9
5777, 10
6995, 1
5747, 6
9143, 1
6133, 3
9342, 1
8243, 6
5937, 5
5728, 4
9100, 1
6930, 3
9254, 1
6261, 17
9098, 1
9126, 2
6311, 8
5670, 13
5631, 43
6641, 4
9117, 1
5653, 45
8294, 5
7511, 6
6308, 6
8845, 1
5528, 11
9029, 8
5374, 22
8892, 46
6856, 5
8997, 2
9151, 2
8761, 3
5637, 10
6020, 7
8941, 3
8933, 53
6843, 3
9020, 4
8477, 1
8813, 6
5192, 18
9032, 25
8605, 7
9836, 1
6528, 4
6523, 6
6418, 9
6121, 5
7042, 2
8961, 2
9130, 1
6657, 10
8814, 12
6077, 3
6499, 8
6474, 9
9265, 4
10008, 2
10014, 11
10087, 28
9075, 31
9084, 7
9093, 2
8678, 10
8774, 1
6488, 3
5460, 26
6705, 4
8883, 2
5769, 10
10255, 4
8738, 5
8616, 2
5562, 11
8662, 7
8377, 2
5741, 8
6689, 2
6278, 21
6284, 14
5686, 11
5329, 15
8811, 6
8898, 12
8728, 2
8688, 1
10196, 5
8318, 3
8284, 5
8702, 2
6551, 2
10239, 1
5844, 4
8525, 22
8590, 2
6302, 2
5535, 5
8217, 1
8658, 1
6628, 3
8805, 3
8443, 2
8562, 2
6567, 3
5753, 7
8502, 1
6840, 1
8459, 1
5987, 21
8390, 4
8696, 1
8606, 6
5722, 5
5471, 30
8041, 6
5774, 45
8139, 3
8330, 8
8611, 2
8507, 4
8287, 10
8812, 2
10197, 1
8181, 3
8410, 9
6373, 16
6404, 3
5731, 9
8357, 1
8364, 1
6211, 11
8610, 2
8266, 8
5740, 6
10006, 1
7033, 6
8303, 2
6722, 6
6237, 2
5582, 8
5779, 17
10180, 1
8252, 2
8356, 3
8047, 2
8172, 1
8498, 2
6449, 6
5820, 12
8282, 8
8286, 1
8066, 1
9878, 3
8070, 9
8272, 1
6257, 3
9925, 5
8119, 1
8465, 6
8687, 7
8219, 2
10250, 1
8474, 1
9965, 2
9809, 2
8200, 1
8634, 2
8645, 1
8050, 1
4897, 12
6168, 6
10097, 1
4847, 23
8229, 1
9992, 1
8436, 2
10155, 8
9740, 1
5274, 13
8520, 13
7840, 2
5908, 5
8170, 2
9717, 6
8150, 2
5505, 7
7812, 11
6244, 7
4743, 20
6221, 1
7890, 1
9956, 3
8163, 1
8275, 1
7577, 5
7779, 1
7886, 1
8075, 2
9656, 1
7796, 15
7832, 1
4784, 33
8206, 2
7698, 4
9673, 2
9712, 3
9695, 1
5146, 43
10140, 1
5839, 4
5642, 13
5734, 22
7428, 1
9568, 6
6734, 1
5257, 23
7590, 6
9841, 3
9711, 1
5475, 8
7777, 22
7764, 2
7874, 1
9591, 1
8425, 1
10075, 2
9990, 2
5690, 31
7471, 6
8403, 2
7756, 1
5189, 8
7860, 2
7925, 4
7367, 1
9601, 1
10134, 2
8144, 9
5444, 32
7620, 13
8353, 1
8127, 2
8347, 2
7855, 2
8299, 6
5169, 32
9470, 4
9741, 16
7932, 5
5199, 22
9659, 3
10052, 2
7485, 2
7973, 2
9513, 1
10033, 2
7501, 15
7502, 13
7594, 10
9499, 1
7494, 7
7050, 15
7586, 20
9725, 1
7585, 3
8244, 3
4958, 40
7284, 13
10012, 1
7498, 1
7495, 1
7195, 2
7258, 10
7835, 2
6909, 2
7010, 14
6334, 2
6804, 5
7036, 12
7504, 12
7542, 3
6863, 3
9875, 1
7711, 7
7448, 4
9855, 1
6755, 3
7901, 1
7080, 2
7064, 54
7069, 4
7193, 12
6900, 5
5576, 2
9642, 2
6756, 5
9602, 4
9596, 4
6665, 6
6810, 6
6408, 5
9579, 5
7425, 32
10191, 1
7673, 4
7481, 8
7149, 1
10198, 1
6429, 2
6977, 2
7565, 1
7279, 4
7134, 2
7017, 2
9447, 3
7162, 1
9275, 2
9670, 11
9671, 12
9430, 6
6683, 6
6693, 4
6653, 3
6425, 1
6445, 4
9515, 3
6442, 20
6533, 4
9368, 6
7271, 3
7747, 1
7365, 5
7059, 1
9503, 2
7037, 2
7223, 9
7219, 5
7170, 16
7081, 4
7429, 2
10094, 40
9608, 1
6118, 1
6127, 8
6823, 2
6153, 3
9200, 1
9509, 1
9349, 1
6831, 6
7665, 3
9225, 9
5956, 5
9453, 5
9660, 8
9449, 2
6247, 12
6092, 6
9654, 4
9607, 3
7403, 5
9150, 2
6994, 8
6377, 3
6384, 9
9663, 16
5977, 3
6979, 2
5906, 12
6325, 1
7003, 6
5887, 9
6730, 6
6759, 2
9134, 1
7186, 25
9108, 2
6158, 17
6131, 117
10211, 4
9305, 4
9667, 1
6614, 3
7771, 4
7382, 3
10194, 1
9348, 3
9525, 2
9357, 7
9524, 6
9356, 6
9008, 9
6918, 15
5347, 32
5379, 35
9407, 1
5493, 29
5213, 12
9534, 1
6120, 2
9061, 2
6830, 5
5404, 33
6963, 8
5300, 21
6732, 19
5397, 19
6976, 4
10184, 1
7021, 3
5009, 47
6068, 1
9381, 10
5440, 9
6081, 8
6744, 20
5982, 9
8202, 4
10258, 11
10262, 2
10011, 1
5066, 16
10251, 2
10015, 1
10264, 192
10133, 5
9256, 3
5989, 9
10105, 1
10237, 12
10090, 19
8980, 2
10117, 17
10115, 5
9939, 2
10099, 50
10247, 55
10254, 8
9915, 8
10127, 16
10261, 21
10256, 2
9761, 2
9867, 8
10124, 5
9658, 1
9901, 79
8503, 2
9751, 11
10091, 7
9938, 5
8801, 2
10034, 1
10080, 1
9978, 6
9960, 1
10030, 2
9934, 3
9997, 8
9968, 2
9888, 3
9883, 2
10000, 2
9879, 3
9871, 39
9859, 1
10053, 6
9870, 2
9847, 5
9940, 3
9976, 1
9954, 1
9696, 4
10093, 326
9714, 12
9367, 1
10257, 2
10259, 47
7928, 6
8750, 5
8757, 10
7977, 1
8756, 5
7634, 1
5992, 1
7803, 7
5431, 14
5132, 17
6096, 3
9297, 1
8415, 5
8125, 1
8069, 2
6458, 4
7584, 15
7865, 2
8267, 8
8301, 4
4920, 107
5266, 20
8897, 3
5643, 14
5249, 26
5596, 4
8333, 2
5921, 10
9945, 6
8476, 1
8298, 4
8829, 3
7849, 3
8993, 5
8992, 20
9007, 2
9924, 12
9922, 12
9715, 1
9812, 2
8077, 4
9789, 6
9951, 3
9801, 1
8339, 9
8471, 6
8327, 13
7576, 1
5191, 21
9886, 1
9983, 1
5625, 41
10210, 2
7753, 1
7666, 1
9967, 1
5445, 60
10023, 5
7526, 4
7623, 1
10136, 2
7842, 2
10219, 1
8596, 1
7867, 8
9797, 1
8445, 5
8432, 8
7863, 4
5575, 53
7401, 6
9963, 3
7384, 4
10206, 1
5812, 4
7572, 6
6990, 6
5815, 117
8248, 3
7005, 5
5418, 22
7046, 1
7913, 4
10266, 2
7792, 2
8449, 6
6967, 2
9975, 1
7395, 20
10202, 8
7661, 1
15455, 3
5182, 6
7154, 3
7763, 2
7592, 1
10112, 1
10137, 7
6822, 3
9846, 5
5629, 9
8391, 2
7658, 6
6872, 23
9935, 3
7466, 6
7702, 1
7462, 2
8228, 2
6852, 2
9707, 5
9611, 1
6882, 4
7437, 6
9690, 2
9677, 2
9724, 2
6832, 2
6873, 1
8167, 1
7052, 8
6861, 4
7019, 22
5502, 6
7344, 13
7178, 14
7280, 3
9685, 4
9999, 1
6898, 1
10160, 1
7123, 11
8314, 4
6716, 12
6751, 36
6839, 30
7004, 6
6997, 18
9936, 2
9833, 3
7262, 7
10204, 1
9592, 1
6776, 7
6972, 8
6970, 2
6874, 3
7626, 10
5267, 18
7103, 10
7009, 3
6937, 5
6519, 3
10260, 60
8004, 3
6027, 2
7002, 39
8006, 6
6468, 1
6406, 7
6964, 5
6998, 11
7118, 3
6492, 8
6996, 24
6568, 7
7187, 6
7227, 1
8029, 1
6740, 9
6588, 6
6476, 5
6317, 8
10154, 2
6303, 2
6480, 1
4526, 83
7356, 3
8104, 2
4962, 33
6762, 14
9713, 1
7497, 9
7167, 3
10151, 7
7182, 23
6360, 2
6378, 3
6186, 4
9810, 2
9735, 3
9489, 1
7236, 2
7459, 10
6457, 15
6080, 5
6304, 11
7109, 3
9474, 1
6147, 2
8216, 1
8158, 1
9586, 1
9487, 3
6869, 2
7474, 4
10092, 16
6553, 2
6337, 8
7422, 2
9806, 1
8007, 12
5975, 5
6387, 9
5974, 21
5950, 29
9962, 3
6202, 5
7152, 4
9675, 1
6842, 3
7988, 1
6586, 3
6594, 4
9531, 1
7339, 6
7350, 4
6986, 10
9480, 1
7051, 3
7490, 3
5963, 4
9648, 1
6289, 5
7599, 1
6150, 6
6540, 8
6140, 6
6437, 1
7030, 9
5923, 12
7079, 1
7120, 1
6114, 12
6495, 10
7996, 11
8174, 3
6936, 14
7057, 3
6947, 42
9937, 4
6975, 2
9429, 1
8568, 2
6082, 3
9518, 1
9426, 1
6927, 6
6757, 4
6426, 6
5671, 21
6433, 8
6710, 2
6393, 2
6187, 9
10179, 1
9897, 3
5313, 41
5437, 20
5561, 17
5856, 47
9678, 2
6328, 7
5720, 5
9167, 1
9481, 6
6479, 9
6490, 37
6489, 31
5633, 18
7071, 7
5622, 45
5350, 36
9482, 7
5998, 5
6983, 71
6222, 25
5714, 35
6252, 21
5303, 12
10157, 1
5702, 17
8115, 5
4984, 41
9331, 3
6241, 25
5706, 29
6579, 2
9739, 3
5997, 3
7243, 1
5656, 18
9535, 1
7041, 3
7998, 8
5766, 50
9341, 1
7115, 8
7749, 2
4961, 45
5848, 6
9731, 1
5771, 30
9692, 7
4834, 88
5010, 11
5772, 116
7288, 3
4862, 25
7392, 6
6862, 4
4987, 37
5559, 19
10267, 8
10265, 5
10188, 4
10272, 2
8319, 2
10182, 14
6054, 3
10074, 3
10077, 3
10064, 9
10040, 8
10058, 3
10041, 6
10042, 6
10072, 1
10066, 1
9920, 3
10078, 81
10073, 28
4953, 43
6896, 28
6886, 1
6895, 10
9825, 7
9813, 8
9758, 3
9779, 8
9986, 5
10231, 1
7202, 4
9914, 3
9555, 1
9679, 1
9776, 1
9911, 66
9910, 1
9909, 15
9501, 1
9577, 2
9721, 3
9722, 6
9527, 2
9852, 3
9907, 46
9433, 3
9479, 23
9863, 9
9764, 1
9676, 1
9431, 4
9270, 1
6414, 194
9322, 2
9386, 1
9324, 1
9316, 1
9703, 1
9460, 2
9293, 5
9408, 2
9641, 1
9311, 8
9643, 6
9655, 5
9865, 72
9162, 3
9161, 3
8285, 4
8576, 13
9294, 15
9874, 4
9284, 2
5204, 26
9626, 4
9299, 9
6170, 10
9868, 31
6883, 14
8666, 4
8179, 1
6019, 6
6163, 10
8424, 11
8412, 4
6514, 15
8281, 1
8337, 1
6765, 4
8316, 2
5233, 13
8381, 2
8798, 3
8032, 1
5936, 9
6008, 2
4708, 24
6439, 26
6427, 8
9011, 6
9009, 1
8409, 8
6181, 3
5544, 22
8034, 1
5870, 18
5367, 43
5325, 50
5916, 31
5413, 55
8261, 15
8062, 3
8876, 1
5238, 23
8223, 4
5234, 12
5221, 32
5399, 10
6795, 40
5894, 3
5393, 22
8585, 2
8734, 36
4923, 55
7958, 5
7888, 11
7894, 21
6259, 3
5676, 7
7895, 8
7975, 32
5647, 27
8727, 1
5312, 12
8142, 3
8394, 1
5730, 12
5590, 8
6696, 3
8308, 9
8654, 1
4550, 101
6349, 2
5363, 30
5076, 48
5615, 8
7950, 2
8118, 1
8283, 3
7954, 2
5259, 13
4786, 19
4787, 21
7908, 4
8421, 1
9702, 2
5408, 46
5474, 28
6491, 6
6494, 19
6050, 9
8023, 2
6110, 9
8627, 2
9428, 2
6413, 18
4988, 56
8711, 5
6139, 50
8276, 1
7805, 1
6352, 15
7960, 1
8393, 1
8694, 7
7885, 5
5102, 20
8061, 2
8151, 1
10065, 4
9851, 2
6013, 3
8626, 3
6233, 8
9782, 2
6232, 18
9853, 1
8725, 1
8821, 1
7732, 4
7907, 6
8697, 2
7930, 1
7789, 1
8056, 1
6021, 6
8803, 8
7741, 4
8048, 1
8231, 1
7688, 2
7961, 3
6238, 4
8769, 4
6399, 7
7861, 10
6200, 42
7671, 2
5180, 13
8098, 13
7746, 1
8731, 1
5134, 31
8591, 2
8083, 3
7647, 6
7631, 1
8726, 1
6126, 9
7650, 2
7606, 4
6305, 5
6146, 8
8277, 3
7521, 11
7699, 6
7552, 5
8018, 5
7847, 3
7910, 9
8210, 3
8152, 1
7644, 9
8359, 2
7591, 5
6144, 6
6099, 5
6256, 27
6101, 12
8362, 4
6293, 6
8437, 1
7784, 2
7918, 2
8379, 6
7911, 3
7679, 8
6102, 37
6098, 13
7469, 7
5020, 15
9734, 1
5682, 9
7458, 21
6136, 5
7621, 14
8461, 2
7959, 14
8400, 1
8397, 3
6064, 5
5864, 5
6060, 23
8363, 3
5529, 6
8060, 2
9526, 4
7969, 4
8254, 7
5909, 4
7820, 2
7982, 1
7578, 1
8037, 1
6179, 17
8395, 13
7556, 7
7884, 1
5832, 10
8312, 1
7871, 1
7696, 1
6669, 6
8862, 1
8509, 1
8184, 2
8016, 53
7714, 1
7945, 2
5541, 18
7772, 1
7456, 3
7371, 5
7786, 7
7541, 5
5618, 41
8515, 4
5521, 13
7727, 1
7814, 2
5983, 3
8054, 10
8233, 1
9738, 2
7730, 1
6103, 25
9638, 2
8000, 3
7788, 3
7643, 5
5398, 17
7766, 1
7454, 7
5179, 29
7436, 6
6333, 3
7302, 14
8499, 1
5326, 124
5464, 11
7486, 9
9467, 1
5808, 18
7731, 10
5410, 24
7399, 7
7852, 4
7670, 3
7990, 1
8090, 4
5914, 8
5825, 11
8280, 7
5826, 19
5784, 48
5821, 15
7554, 31
5718, 8
8008, 11
7290, 6
5235, 21
4693, 101
7843, 8
7896, 4
5675, 2
7229, 14
7308, 3
5814, 5
5145, 39
7393, 6
7607, 1
5144, 26
8028, 12
7690, 2
7848, 2
7622, 4
7781, 6
7684, 2
5065, 17
5201, 23
7292, 3
5480, 86
7453, 4
7680, 4
5836, 10
5723, 22
5833, 16
5834, 9
7147, 5
7263, 3
5713, 23
5040, 12
7593, 3
5701, 10
4903, 47
7380, 18
8584, 3
5698, 45
5511, 14
5349, 33
8133, 3
5110, 23
5376, 18
7719, 3
4906, 87
9657, 1
8177, 40
5773, 31
5414, 17
5429, 18
4681, 41
5056, 44
5158, 19
5709, 13
5710, 2
7020, 15
5171, 61
4814, 26
7215, 5
8548, 7
6926, 8
7000, 14
7018, 8
8746, 1
7015, 5
7273, 5
4615, 75
7537, 3
7207, 7
7205, 15
5306, 87
8433, 1
7800, 1
7776, 6
8528, 2
9337, 3
7664, 7
7660, 2
7201, 2
8454, 3
7056, 3
8168, 3
9248, 3
6737, 7
6932, 13
7309, 2
6825, 4
4853, 20
5499, 17
7744, 1
7044, 3
7108, 10
8346, 4
8343, 3
7105, 36
6486, 37
6899, 5
6885, 8
8551, 3
6015, 16
6768, 3
6760, 11
7112, 75
7630, 14
6462, 19
7111, 3
8110, 2
8279, 5
7978, 1
8550, 10
8161, 2
7674, 3
8131, 4
7357, 8
7519, 2
7282, 5
7148, 6
8514, 7
7260, 3
4963, 52
7364, 3
5138, 20
7740, 2
7604, 10
7337, 7
8553, 2
8405, 9
7912, 3
8545, 3
8554, 39
9025, 9
6915, 6
7483, 21
9088, 1
7274, 1
6316, 14
7468, 1
7326, 2
6713, 2
6400, 4
7226, 3
6507, 14
6482, 30
8222, 4
7001, 44
7333, 4
8235, 2
6299, 16
6633, 10
8434, 3
7716, 10
6965, 3
7014, 16
6691, 10
8215, 7
7567, 9
7372, 3
6354, 5
6392, 15
4908, 133
6167, 9
7321, 1
6459, 10
6587, 3
7443, 3
6572, 6
7672, 3
6280, 3
6621, 1
9044, 8
7633, 5
7250, 1
6264, 30
7461, 5
7007, 29
7816, 1
6924, 5
4594, 55
6478, 13
7949, 2
8141, 2
6122, 5
8135, 7
6056, 8
7197, 4
7635, 35
7639, 50
6034, 24
6046, 1
7636, 8
7106, 23
5862, 7
6089, 4
8123, 2
6123, 28
6366, 5
6216, 15
6381, 16
7169, 8
6116, 7
6419, 2
6407, 1
8065, 3
7390, 1
9320, 2
7755, 5
5800, 10
6351, 19
7348, 5
6890, 10
6891, 11
7575, 16
9022, 2
7638, 35
9056, 1
7641, 7
7098, 8
7581, 4
7078, 3
6385, 4
5705, 42
5895, 6
7897, 1
6246, 6
6772, 2
5699, 22
6129, 4
6091, 16
6079, 12
6183, 23
5979, 8
6265, 3
6844, 3
6845, 9
6066, 7
5971, 5
6230, 8
7881, 2
6047, 13
5621, 17
7336, 4
6255, 16
7774, 3
5609, 8
6916, 1
9013, 7
6854, 5
9065, 5
7532, 5
9047, 3
7718, 11
6948, 4
7029, 4
7822, 3
5900, 24
6297, 12
6719, 3
5875, 15
6228, 29
5966, 5
7043, 4
6731, 11
6045, 27
6715, 2
8039, 9
7031, 21
6944, 12
5461, 10
5752, 7
7083, 2
5797, 6
5442, 24
5453, 19
6784, 9
5911, 6
5423, 25
7851, 1
5420, 10
8966, 1
6681, 7
5877, 24
6007, 7
5942, 5
7175, 14
6226, 6
6767, 4
6812, 7
6248, 9
5383, 36
6534, 12
7396, 5
7534, 3
9017, 13
6460, 14
7528, 6
7705, 21
4608, 129
6279, 22
6320, 10
6502, 76
5256, 32
6106, 3
6363, 3
6365, 4
5246, 27
6919, 13
7432, 5
7708, 20
6560, 6
6388, 19
8300, 2
5593, 35
6607, 2
5436, 27
6754, 27
4965, 33
8292, 10
5525, 16
5913, 19
5626, 18
5428, 41
6375, 1
7113, 8
4522, 112
6632, 10
5364, 13
5371, 19
6676, 2
6578, 13
5353, 15
5785, 19
4729, 42
6703, 4
4824, 46
4659, 136
5217, 13
4626, 73
5783, 16
4667, 28
4794, 36
6530, 4
6615, 5
6339, 14
5150, 31
4592, 50
5604, 17
7048, 4
5324, 12
5101, 36
5159, 13
6025, 11
9156, 1
6701, 8
7723, 5
6775, 14
5149, 16
10248, 4
10270, 15
6858, 4
7736, 247
5231, 7
7564, 6
7712, 13
6809, 1
6974, 4
7589, 30
7587, 4
7411, 7
7545, 7
7571, 52
5669, 14
7722, 57
7726, 12
7387, 8
7734, 5
7257, 9
7362, 42
7366, 37
7194, 4
7560, 12
5651, 39
7503, 5
5355, 10
5360, 5
7500, 2
7404, 4
7407, 6
7358, 19
7209, 5
7353, 5
7470, 3
7341, 6
7522, 30
7340, 1
7446, 3
7561, 10
7562, 347
7161, 4
6834, 4
7733, 22
4943, 87
6791, 20
6806, 3
5087, 41
7737, 25
5491, 17
6125, 2
6119, 28
7675, 3
5382, 8
5424, 8
5345, 7
6058, 115
4520, 103
5587, 22
7942, 2
5077, 25
5476, 11
5107, 7
4599, 41
5829, 10
7966, 7
9124, 1
4429, 76
6225, 6
5665, 98
5818, 4
5184, 31
5276, 30
15635, 2
5362, 19
6035, 5
7360, 22
9192, 1
5692, 25
6420, 22
4905, 45
5148, 57
5790, 41
6471, 11
9103, 2
7824, 1
4945, 55
4869, 21
5226, 12
4931, 17
8840, 2
7841, 2
7839, 13
7821, 4
5391, 27
4919, 32
5114, 58
5579, 10
5837, 5
4884, 22
5761, 22
7790, 9
5250, 22
9059, 3
5674, 13
7817, 7
5807, 12
5279, 30
5034, 32
5176, 32
4845, 34
5064, 20
5212, 31
5630, 85
4937, 26
9097, 1
4183, 63
8895, 8
4756, 64
9135, 8
5208, 14
5118, 17
4436, 130
5786, 31
4990, 76
7677, 6
8909, 6
5185, 29
7818, 4
8899, 10
4720, 38
5327, 30
6340, 2
6436, 5
4966, 69
7676, 13
7648, 3
6254, 11
5099, 46
5071, 12
5680, 9
4835, 84
5172, 61
4534, 62
4655, 82
4490, 138
5806, 13
5092, 44
4579, 45
5501, 11
5623, 120
5060, 26
5061, 52
8975, 10
5619, 65
5617, 38
5412, 20
8744, 2
8989, 9
5551, 18
5556, 22
4559, 35
5612, 28
5608, 61
7721, 7
8855, 1
8842, 1
5700, 65
5140, 40
5167, 40
8759, 3
6270, 17
5704, 33
7653, 14
5638, 104
5635, 24
7551, 3
9057, 1
5886, 38
7828, 5
5764, 39
5236, 113
5506, 14
8817, 1
5133, 21
6190, 23
6239, 3
7667, 5
4431, 52
5716, 75
9250, 1
5588, 13
8044, 3
7612, 7
7768, 14
5481, 104
7546, 2
5624, 92
5584, 19
6189, 3
10098, 4
8015, 7
7738, 2
4670, 101
6517, 3
4625, 99
6095, 8
5472, 105
7596, 6
7627, 5
5560, 24
5748, 14
5602, 89
8936, 12
5554, 15
4935, 57
4472, 68
4809, 75
6157, 9
8995, 1
5006, 27
4546, 57
6214, 19
7543, 2
5447, 37
9039, 3
5395, 22
7600, 4
15061, 9
4788, 35
4947, 25
7570, 8
4968, 25
5545, 16
5922, 41
4783, 73
5459, 27
4344, 111
5589, 14
5641, 66
8920, 33
7598, 9
6112, 2
4692, 33
5467, 10
7793, 5
7455, 9
8985, 1
4806, 28
7689, 5
5388, 14
4997, 97
8753, 12
15300, 1
5027, 28
5427, 92
7510, 11
5115, 33
6084, 11
4602, 77
5601, 15
8924, 2
4713, 186
6071, 24
8935, 37
8925, 14
8877, 2
5317, 57
5492, 20
5202, 58
5245, 12
4623, 53
4683, 94
8599, 1
5136, 33
5985, 2
5749, 15
6012, 37
5323, 15
6057, 62
4577, 34
5330, 66
5497, 2
5321, 12
5098, 24
5547, 17
5390, 10
8714, 9
8893, 4
7373, 95
5570, 23
7624, 4
5400, 24
7452, 6
4260, 161
5778, 22
7493, 6
7652, 3
7563, 12
7710, 4
4227, 117
5530, 6
5531, 14
5290, 38
4376, 84
7409, 9
5073, 46
5075, 8
4811, 88
5678, 60
7375, 6
8622, 2
4034, 178
5685, 61
5164, 25
8894, 2
7355, 15
7402, 2
7489, 4
8911, 4
7322, 3
7464, 4
8581, 2
5845, 25
5005, 53
8531, 1
7423, 19
5924, 23
4843, 25
5068, 23
5093, 45
7405, 2
4970, 39
5007, 54
5152, 25
5654, 18
4948, 47
4778, 39
5403, 59
4707, 103
5831, 14
7346, 2
5732, 27
7419, 5
7294, 13
8777, 3
4735, 38
5178, 18
7583, 2
5381, 11
5869, 36
8878, 3
4609, 36
5108, 31
5004, 38
4512, 125
5129, 30
7281, 14
4876, 45
5032, 78
4810, 98
7246, 4
5206, 67
7845, 2
5106, 32
5242, 20
4643, 32
5850, 13
5272, 18
4838, 85
4606, 64
4978, 24
4360, 199
4462, 77
7342, 4
7349, 3
4673, 65
8835, 3
5000, 35
7580, 4
5244, 10
4773, 47
5258, 3
5157, 37
8797, 42
4688, 86
5230, 16
4941, 16
5074, 18
4610, 29
5002, 31
5835, 21
5904, 4
5165, 36
5121, 62
7144, 27
7138, 9
14756, 1
4483, 143
7270, 3
4638, 70
4575, 57
7158, 42
5743, 25
5600, 17
6850, 17
9818, 18
5283, 91
5294, 37
5724, 11
5725, 25
7119, 8
6510, 3
7157, 12
4378, 110
5361, 36
5648, 20
6464, 5
5175, 34
7370, 27
7183, 26
5433, 48
4607, 54
8513, 5
8748, 2
7329, 3
4657, 106
5516, 14
7153, 36
4663, 27
5174, 3
3787, 393
4815, 89
4517, 96
7332, 16
5543, 26
5611, 22
8407, 1
8466, 5
7465, 3
4391, 84
4909, 59
5214, 24
8808, 1
4836, 39
7523, 3
7540, 8
8411, 1
7530, 8
7533, 3
5131, 16
5125, 47
7204, 10
7196, 35
6892, 4
5053, 42
6999, 36
4216, 117
4195, 201
5095, 23
7331, 13
4169, 278
7406, 11
8804, 2
7424, 3
7185, 10
4339, 102
4507, 110
4529, 76
4331, 330
5088, 19
4163, 237
7491, 1
5269, 11
7200, 19
5421, 29
7171, 6
6688, 43
6694, 77
5489, 16
7188, 30
5016, 34
6700, 9
7189, 7
6447, 13
7024, 5
4503, 51
8644, 1
5426, 20
5322, 18
7216, 6
7034, 2
4338, 131
7310, 5
6711, 11
5155, 22
4892, 20
7300, 5
5271, 12
6978, 4
8457, 3
7268, 3
7295, 5
4519, 104
8398, 4
5222, 58
5232, 12
6941, 20
5392, 3
7110, 14
7307, 11
5084, 27
4873, 41
7156, 7
6993, 9
7222, 5
5078, 18
7088, 7
4424, 118
7283, 5
7199, 9
7159, 10
5082, 20
8716, 2
5080, 20
7151, 6
6648, 5
8378, 1
6925, 5
8735, 2
4308, 77
7146, 3
7130, 7
6372, 7
7132, 10
7068, 9
8670, 2
8706, 2
4182, 213
6897, 24
7327, 4
6914, 2
7070, 14
7335, 4
8386, 2
6911, 21
5135, 17
7549, 3
4996, 43
5268, 65
8372, 1
8396, 1
5105, 86
4927, 39
8650, 2
7145, 98
8582, 1
4665, 56
6867, 16
7023, 25
4677, 82
8422, 9
7016, 8
7072, 4
7082, 2
7143, 8
8674, 3
5225, 28
8382, 3
7628, 2
4671, 95
6913, 6
4650, 75
5017, 41
7122, 7
8623, 1
4679, 26
8685, 3
7296, 3
4557, 34
4823, 75
7190, 8
7206, 3
8613, 4
4662, 56
7073, 2
6788, 5
5183, 8
7102, 3
6859, 5
6853, 8
7054, 3
7555, 9
5026, 61
8598, 2
7114, 7
8242, 1
5030, 21
4918, 20
4949, 45
7168, 1
7164, 26
7235, 7
5142, 29
4082, 271
4730, 21
4933, 33
8360, 2
4493, 72
7343, 8
6475, 4
8559, 5
7131, 3
5126, 52
5123, 34
4715, 94
7527, 3
3810, 327
8510, 1
8659, 1
5162, 24
6935, 8
7287, 3
8290, 3
6894, 17
6428, 17
6430, 12
4174, 104
6955, 13
7011, 2
6728, 11
6643, 6
7012, 18
6736, 22
7090, 28
7125, 1
8751, 2
4455, 134
6637, 11
7191, 3
4505, 71
7248, 3
7548, 4
6871, 6
6726, 64
6968, 6
8194, 10
4703, 37
7093, 3
4113, 323
7198, 6
6875, 7
7529, 7
4957, 41
7230, 5
7028, 7
8519, 2
4795, 35
4498, 104
7480, 5
6735, 38
7203, 42
6725, 4
6923, 1
6704, 15
6929, 2
6175, 13
6236, 10
5603, 19
6753, 8
8190, 5
5343, 7
8187, 31
5163, 30
8191, 54
6655, 2
5254, 9
7410, 8
6359, 20
7415, 7
8193, 7
7412, 2
6496, 13
6829, 15
8733, 1
6865, 2
6389, 11
6088, 20
8220, 6
6702, 9
14884, 1
4611, 69
8567, 3
6052, 33
5655, 14
6362, 3
8463, 1
6939, 9
7345, 1
8547, 4
6779, 5
7398, 2
6675, 39
6321, 30
6521, 6
4474, 98
5854, 35
4259, 211
8518, 4
6663, 7
8524, 3
4215, 178
8713, 1
4214, 499
6184, 4
4458, 70
6828, 3
8482, 1
4315, 265
5787, 4
8195, 15
7275, 4
5788, 17
8198, 2
6952, 7
8095, 3
8204, 18
8540, 5
8241, 7
8240, 5
6194, 4
4310, 77
6201, 19
7060, 3
8143, 5
8913, 56
8027, 5
8533, 2
4361, 203
6402, 16
8538, 8
7923, 5
6893, 7
8046, 3
8045, 6
8049, 7
6164, 5
6642, 9
6790, 10
6956, 5
6780, 46
5756, 20
6335, 11
6708, 3
3926, 306
5781, 7
6348, 10
6472, 6
6148, 9
6142, 4
6306, 2
6565, 11
6742, 3
4266, 171
6094, 8
5717, 21
6667, 6
8183, 1
6581, 8
6169, 30
6604, 7
8153, 5
4434, 281
7967, 12
8089, 10
8154, 15
7968, 6
5139, 47
6591, 96
6030, 9
5890, 7
8156, 6
8103, 10
6049, 28
6212, 10
5522, 37
6739, 23
6622, 1
6626, 24
6627, 11
7184, 21
6837, 5
5896, 15
6558, 11
6692, 24
5903, 15
6130, 7
6093, 6
6249, 18
5822, 19
6382, 1
6656, 20
6422, 4
5804, 5
5805, 34
6860, 7
5264, 30
5830, 14
8134, 2
6552, 10
6368, 2
6635, 4
6792, 5
6285, 4
6203, 10
6042, 76
5336, 19
5865, 8
5320, 28
8420, 2
5782, 31
5305, 26
6177, 12
6245, 6
6242, 8
6766, 5
6016, 3
5711, 99
5707, 15
5365, 23
5780, 30
7819, 3
7991, 3
7887, 12
7995, 4
7096, 5
5574, 16
5090, 43
8013, 1
7862, 6
8014, 79
7876, 9
5462, 12
6223, 5
5069, 55
7067, 1
8274, 8
5552, 67
5571, 24
5799, 15
7065, 35
7882, 2
8288, 2
5564, 94
5566, 18
9514, 8
5650, 25
5719, 12
4915, 45
5883, 11
6666, 32
5902, 2
8441, 3
6154, 14
6250, 57
8020, 3
5094, 39
7936, 12
6678, 6
6143, 11
5583, 11
4936, 11
6124, 76
6697, 3
6575, 1
5503, 20
4697, 74
5910, 22
6105, 5
5555, 30
6043, 18
6508, 9
4913, 91
4653, 242
5483, 16
5867, 6
6670, 3
8348, 1
6747, 12
5658, 49
5463, 9
5485, 26
5567, 7
5565, 14
5470, 24
5568, 16
5563, 21
5549, 21
5466, 28
5469, 18
4801, 48
6004, 6
4817, 44
6185, 17
6953, 11
5880, 15
5534, 19
4851, 31
4792, 83
5402, 17
5389, 13
6235, 8
6371, 8
6070, 20
5498, 14
4699, 23
4686, 111
6197, 4
4702, 88
6682, 7
5515, 19
4800, 27
6005, 16
5523, 17
5454, 47
5373, 14
8315, 2
5473, 37
4831, 94
5533, 30
5536, 35
4206, 71
5417, 16
6011, 4
6485, 8
5478, 11
5455, 12
5369, 8
5366, 32
4772, 61
5425, 25
3783, 476
5251, 18
6687, 6
8593, 3
4749, 84
8064, 19
7833, 3
8074, 8
4861, 57
8176, 6
8597, 4
7640, 5
7787, 10
8245, 3
7762, 8
8132, 6
8106, 3
5120, 30
8088, 30
8259, 83
7378, 4
5091, 40
8086, 10
8239, 11
8084, 20
7374, 4
8111, 29
8109, 7
7933, 7
8093, 50
8249, 69
9354, 10
8260, 20
7909, 5
4421, 96
8257, 36
7778, 2
4539, 60
7889, 30
7893, 39
7905, 17
8116, 20
8117, 8
7713, 13
7649, 4
7735, 68
6917, 1
7926, 9
8021, 7
8067, 2
7965, 4
7947, 1
8017, 4
7921, 4
7984, 3
7924, 8
7955, 2
4754, 63
7875, 8
7870, 3
7987, 12
7866, 5
7858, 3
7846, 4
8040, 4
7857, 2
7834, 10
7927, 6
7963, 6
7941, 3
7682, 4
8079, 8
8080, 331
7700, 4
7678, 4
7276, 6
8256, 8
7062, 22
7319, 24
7334, 4
8255, 11
4944, 66
8258, 213
7318, 11
8270, 1
5737, 19
4760, 103
5280, 8
5457, 68
4999, 39
5160, 21
4572, 37
4576, 120
4993, 44
6684, 3
6679, 18
4796, 27
4197, 87
5396, 40
4612, 104
5550, 43
5591, 34
8778, 24
8773, 5
8779, 25
8772, 7
8765, 1
8771, 2
8775, 20
4363, 135
9094, 2
6379, 14
8860, 7
4868, 26
5640, 107
4698, 34
4704, 62
5456, 35
5229, 18
5168, 53
5668, 33
5662, 23
5663, 34
5209, 19
4649, 84
6356, 13
6908, 12
5036, 35
5645, 10
5664, 14
5657, 72
5200, 26
6506, 3
5666, 34
5679, 12
5689, 67
4648, 127
3583, 915
4302, 147
4640, 63
6347, 7
4628, 50
5527, 26
4660, 138
4352, 119
4798, 63
8124, 2
6566, 7
4554, 50
6950, 2
4523, 100
6532, 5
4552, 86
6332, 11
8160, 2
8201, 2
5652, 14
6350, 7
4479, 92
4350, 52
6685, 19
4710, 39
4488, 189
4433, 82
4444, 57
5205, 27
4757, 42
5137, 6
4481, 100
6290, 4
4316, 157
8136, 14
5636, 16
8138, 5
4785, 47
8112, 5
6251, 1
4684, 94
6269, 1
9096, 2
6500, 8
6698, 7
6461, 11
4855, 39
14665, 1
4392, 146
5097, 6
4228, 152
6625, 10
5239, 10
4641, 73
6597, 8
5153, 79
4375, 117
4732, 61
4731, 60
5089, 56
8099, 5
6253, 18
4531, 83
4591, 81
4230, 263
4210, 178
5130, 16
4705, 54
5127, 25
6646, 4
6660, 4
8097, 3
4500, 104
4551, 95
4567, 88
4484, 88
5405, 16
5406, 38
4645, 62
8101, 2
3972, 223
5096, 22
4992, 31
4656, 88
4722, 125
4164, 320
6634, 1
4613, 79
4954, 28
4451, 96
4422, 98
3966, 263
4764, 241
6717, 2
8427, 11
4842, 23
4179, 124
9244, 3
8408, 58
9164, 9
4696, 52
9184, 1
9171, 2
5409, 19
9211, 3
7783, 3
4885, 84
8251, 2
5022, 11
6520, 12
4159, 194
5024, 47
6573, 7
4533, 52
4437, 103
8250, 2
5297, 8
4467, 98
6395, 29
4553, 85
8092, 3
4950, 19
6818, 9
6355, 15
4854, 19
6584, 5
4486, 116
4394, 117
4875, 19
4482, 38
6820, 14
5277, 113
4470, 117
4445, 181
6576, 6
4387, 79
3497, 948
8078, 8
4442, 99
8113, 1
4840, 44
4384, 156
6455, 4
4450, 62
4530, 52
4188, 188
4946, 22
4406, 163
4323, 166
5252, 20
6538, 10
4054, 463
4871, 55
4790, 53
3730, 427
3729, 359
5262, 35
4053, 295
4236, 154
8076, 1
4419, 250
5260, 29
6562, 1
4888, 23
14713, 5
4440, 167
4494, 75
8052, 6
4627, 43
5286, 97
5285, 57
5243, 19
4541, 186
6207, 3
5337, 30
4630, 48
4826, 50
4631, 36
4634, 90
4813, 27
4635, 105
4733, 61
4865, 39
6411, 3
6431, 12
4647, 68
6484, 17
4711, 133
4654, 68
6409, 5
4883, 60
4598, 135
4590, 44
4619, 75
7979, 5
4589, 48
7944, 1
6513, 11
8055, 3
4555, 145
4819, 81
5059, 30
8100, 3
6738, 3
4849, 48
4821, 53
8042, 3
5058, 60
7922, 3
5083, 45
4718, 43
8087, 5
4565, 33
4568, 162
14786, 5
4513, 62
8373, 2
3548, 681
6206, 16
4723, 48
4510, 165
4797, 57
6358, 8
4700, 36
8005, 1
4571, 76
4582, 130
6699, 5
4556, 97
8171, 2
14699, 2
4426, 99
4689, 67
4335, 84
6451, 24
4803, 40
4709, 31
6376, 9
13906, 3
3633, 358
4501, 88
4288, 117
6323, 3
6444, 11
4651, 106
13936, 1
3663, 468
4456, 76
4477, 106
4478, 57
7997, 4
4388, 72
4752, 115
4521, 79
4380, 74
4527, 68
6309, 10
4328, 183
4160, 197
4325, 59
4317, 136
4250, 89
6137, 11
5227, 27
4750, 79
4122, 162
5273, 44
4538, 110
4052, 194
4511, 89
4972, 28
4300, 132
4603, 45
4763, 32
4030, 423
6405, 4
3440, 1064
4687, 102
6296, 38
4238, 104
4637, 57
4464, 76
4251, 105
4377, 91
5884, 8
4255, 165
5861, 18
4471, 116
4398, 141
6652, 3
7986, 1
3817, 392
6097, 6
4237, 166
4509, 128
4232, 203
4583, 71
5151, 43
4146, 340
4506, 94
6547, 6
4717, 55
6446, 12
4721, 53
3809, 402
14912, 1
4639, 190
4642, 92
9106, 6
4916, 30
6515, 22
4600, 59
5757, 17
4273, 115
4362, 81
5003, 29
4747, 91
4748, 39
4744, 68
6135, 2
4745, 39
6580, 19
4910, 110
5933, 13
4989, 55
5932, 29
5940, 11
5052, 16
4219, 191
6603, 11
5057, 24
4281, 140
7830, 5
4412, 107
7952, 21
4726, 103
8574, 3
7900, 1
3545, 671
5703, 10
5758, 13
4235, 159
3785, 503
5727, 24
4676, 91
6218, 55
6836, 2
4297, 202
3780, 152
4364, 95
3759, 310
6298, 5
5013, 61
13945, 2
3672, 513
6456, 7
6454, 11
4334, 101
6275, 5
4274, 168
7831, 1
3798, 321
7760, 2
5715, 92
4347, 101
4247, 263
6243, 16
8367, 4
6063, 37
4799, 93
3862, 270
4816, 23
6055, 6
5912, 14
4924, 46
3608, 370
6107, 7
6182, 4
6288, 50
7693, 5
10424, 8
151, 668
6205, 15
3463, 1042
6498, 21
5490, 9
7750, 7
5488, 24
4262, 172
4256, 289
5846, 16
4092, 205
7767, 8
4233, 97
4492, 95
4110, 353
4097, 121
6477, 9
4032, 162
3458, 932
4085, 261
7724, 9
6165, 11
5610, 57
8770, 26
7720, 6
6059, 3
6172, 2
5770, 76
7707, 17
6215, 8
6100, 8
6109, 12
3630, 441
7717, 34
4060, 230
6009, 23
8001, 3
3670, 661
5514, 112
3779, 305
5465, 12
7629, 4
5510, 18
3466, 1154
5796, 12
4706, 76
5920, 9
5931, 8
7609, 17
4774, 40
7669, 5
4340, 105
3588, 470
4356, 139
7605, 2
4080, 259
7811, 6
6117, 19
7595, 3
5888, 15
7608, 7
6156, 6
7613, 6
8890, 2
8836, 1
7610, 5
5736, 12
4690, 77
5677, 12
4248, 149
3484, 986
3471, 576
4694, 101
6069, 6
3510, 759
7603, 2
4268, 133
7651, 2
5973, 23
5934, 11
5708, 17
4719, 84
4241, 85
5422, 11
6369, 28
5672, 9
5681, 57
7775, 5
13730, 4
3457, 995
4239, 143
5858, 5
4664, 30
3848, 318
4190, 113
5944, 20
7683, 1
4661, 44
4200, 124
4223, 147
5634, 18
4224, 170
7602, 6
4669, 89
4149, 219
3316, 2077
5712, 13
5607, 12
4180, 229
5901, 16
5380, 20
4096, 253
5917, 20
6353, 6
4187, 124
5614, 59
7697, 14
5620, 110
6319, 19
7615, 2
7706, 2
5918, 28
6017, 4
14321, 2
4048, 349
3449, 694
4059, 136
3724, 364
3705, 455
5352, 33
5542, 34
5688, 24
14373, 1
4100, 165
6026, 13
7574, 9
5817, 5
5507, 64
4005, 278
5346, 47
5318, 31
5292, 9
7654, 2
7611, 4
5307, 16
3480, 963
5340, 34
5446, 26
5449, 22
4306, 124
5441, 44
5443, 31
5450, 40
14639, 1
4366, 134
5935, 17
5939, 4
5759, 12
5452, 13
5941, 23
4400, 118
5581, 14
3702, 339
7566, 2
5994, 4
3746, 331
5198, 37
4418, 155
4425, 88
6281, 6
5181, 14
3576, 419
6283, 18
4374, 186
7531, 9
7506, 9
7509, 25
4428, 154
14065, 5
3792, 361
8147, 15
8205, 16
4762, 82
4403, 248
4468, 59
4383, 121
4917, 104
4863, 30
4408, 228
4938, 56
4940, 39
4934, 49
4969, 23
4981, 28
4998, 44
7438, 4
5860, 23
4974, 98
7617, 4
6173, 11
5308, 36
4971, 59
3451, 647
7413, 15
7417, 40
5905, 4
7484, 1
4069, 359
4960, 28
4964, 53
7444, 4
4081, 412
4025, 383
5827, 33
4982, 45
7752, 3
4991, 69
7513, 4
4093, 187
4098, 211
4967, 22
7427, 5
6134, 6
5448, 9
5014, 20
4904, 68
3960, 275
4058, 207
5798, 6
5696, 34
4902, 44
5569, 26
6145, 4
5394, 13
5359, 21
4951, 45
5407, 72
3802, 412
5673, 41
4878, 19
3813, 411
4914, 50
5263, 25
7388, 2
4911, 33
3594, 916
3472, 944
7117, 7
7400, 10
5342, 94
4890, 17
3929, 196
4895, 20
7514, 10
4828, 45
6108, 56
5660, 51
5548, 24
4644, 89
4925, 79
4830, 84
4956, 25
4829, 46
7431, 4
7479, 1
5578, 11
7408, 13
4932, 107
5745, 11
3808, 369
4926, 26
3531, 515
7568, 3
7449, 7
7451, 14
5193, 25
4955, 22
5197, 10
3682, 335
3680, 554
3704, 234
3754, 324
7440, 6
3358, 1542
7317, 8
7338, 8
5224, 20
13442, 1
3169, 3899
2555, 20947
275, 236715
11719, 6
1446, 25624
810, 16867
5897, 29
1977, 14786
11731, 1
1458, 28112
6545, 2
11729, 2
1456, 32191
6543, 1
383, 33557
12228, 1
1955, 16755
12356, 2
2083, 11754
1160, 16093
12696, 3
2423, 33517
1972, 17736
2320, 73931
1333, 11687
1294, 7902
1292, 9032
1290, 8187
11561, 1
1288, 6944
2572, 17828
2516, 22749
1938, 14856
7025, 4
1939, 22361
2008, 28245
7095, 4
2251, 20309
2264, 16499
863, 5113
889, 57875
5976, 20
1626, 26956
1344, 39584
11505, 3
1232, 20872
1534, 42414
886, 29103
12232, 2
1959, 25686
12599, 6
2326, 41129
2612, 14124
12605, 1
2332, 80664
2330, 48898
1849, 105214
2113, 17044
2179, 32794
7266, 6
2216, 20541
7303, 5
1684, 25840
1512, 14038
6599, 2
1502, 10303
6589, 7
1686, 38206
6773, 93
1856, 128318
2215, 22461
1724, 68412
714, 3574
5801, 17
677, 4758
661, 2200
2097, 15109
2284, 20515
2286, 18045
500, 20780
11432, 1
1159, 55695
12199, 3
1926, 21104
7013, 6
1157, 42011
639, 3471
5726, 34
10324, 1
51, 41010
1104, 32243
6191, 20
2058, 11734
2053, 102408
11224, 7
951, 13561
950, 7283
6037, 12
931, 25479
6018, 2
1706, 108501
6793, 5
11790, 1
1517, 19305
2433, 26262
1940, 22704
7027, 73
2428, 31249
1863, 123639
12082, 1
1809, 33128
966, 14533
6053, 29
955, 47686
2246, 23613
2080, 17142
2120, 12875
2121, 11830
12391, 6
2118, 20809
2051, 120825
2017, 21553
2045, 16621
11608, 1
1335, 26238
2353, 33762
2515, 22416
1354, 53511
1339, 13268
1314, 6179
6401, 33
2406, 28714
2483, 23124
314, 4512
5401, 53
1635, 221967
1886, 35856
2074, 26331
11771, 1
1498, 21522
6585, 3
11945, 2
1672, 48877
2306, 50417
2085, 13062
2143, 14140
2167, 9013
7254, 3
2063, 20083
1660, 36375
12627, 1
2354, 31473
2356, 31945
733, 14857
2518, 21622
1445, 18623
11679, 5
1406, 10196
1404, 12198
12596, 2
2323, 43378
2321, 68115
1658, 35695
6745, 7
1585, 58343
6672, 17
1387, 18352
1529, 25020
1566, 49514
722, 1832
5809, 11
715, 2945
5802, 25
1993, 41680
12450, 1
2177, 26351
7264, 38
1105, 18313
1776, 47407
1107, 16126
1654, 21034
6741, 2
557, 1869
5644, 10
2230, 36878
12508, 1
2235, 25255
1567, 68913
6654, 5
2098, 14727
1963, 15718
11152, 1
879, 17222
10886, 5
613, 7221
544, 13511
542, 22436
2081, 15895
2220, 21248
12219, 4
1946, 26193
1947, 19594
2155, 9945
7242, 2
2154, 8954
1873, 44978
6960, 5
2157, 12955
7244, 14
1146, 30046
1151, 49053
1587, 67093
1836, 111425
2495, 19346
2503, 17112
625, 7342
1056, 58527
1143, 30164
1164, 18057
2471, 27106
11917, 2
1644, 96446
11907, 1
1634, 192950
6721, 4
11415, 3
1142, 29796
6229, 21
808, 23471
1595, 36475
1985, 19301
620, 31903
827, 19308
605, 4815
451, 4859
5538, 16
957, 17518
6044, 34
10611, 1
338, 1315
153, 2469
5240, 34
310, 1571
205, 2303
1879, 30743
11929, 1
1656, 18920
1623, 20126
1912, 27849
1584, 56239
1582, 94521
1914, 26665
1552, 65869
6639, 2
10793, 1
520, 10018
577, 4152
325, 15624
10360, 10
87, 3775
12214, 4
1941, 18917
2280, 21034
1614, 27169
1590, 37227
12435, 1
2162, 8966
7249, 5
12436, 3
2163, 9220
2073, 17874
7160, 9
2129, 14222
2313, 27901
1631, 45625
1670, 100985
2109, 17807
1829, 101100
12359, 1
2086, 13725
7173, 9
2088, 15855
2144, 13324
2168, 10342
7255, 63
2014, 26108
7101, 92
2012, 26103
7099, 11
1816, 149505
2013, 26586
7100, 223
1413, 16477
1847, 136252
1489, 20502
1459, 20106
6546, 9
11730, 4
1457, 29717
6544, 2
796, 33906
11486, 3
1213, 300107
1544, 123331
11513, 3
1240, 14512
6327, 13
1793, 66102
2254, 15221
1615, 42341
1753, 71660
2198, 21246
1733, 97470
2222, 25153
12552, 1
2279, 23340
1563, 33416
2182, 16254
7269, 41
1991, 27252
2180, 22928
1846, 241016
12115, 1
1842, 464085
1082, 11776
2336, 90243
1351, 37116
2582, 18235
11077, 1
804, 25752
5891, 19
1956, 17033
1541, 398848
2580, 17287
1598, 46809
2078, 34972
7165, 12
11829, 5
1556, 34462
1612, 25932
1607, 90116
1537, 138557
6624, 4
1936, 15409
1367, 20559
1345, 48597
1358, 44770
1356, 57002
6443, 6
11843, 7
1570, 111344
11655, 1
1382, 20000
6469, 6
1380, 13338
6467, 8
2458, 20564
928, 32760
1872, 45386
6959, 10
12148, 1
1875, 39153
6962, 8
1621, 26538
1876, 39857
10765, 2
492, 4786
570, 4754
1642, 80070
12100, 1
1827, 68410
1907, 18417
3953, 366
1973, 17558
12561, 2
2288, 24772
655, 6711
5742, 19
2419, 30063
1841, 350342
1848, 116644
12733, 4
2460, 16336
848, 11808
846, 14622
2258, 18659
2578, 18316
10860, 3
587, 2125
1109, 24308
6196, 8
2071, 13102
2018, 20115
933, 16911
934, 13176
1092, 19780
651, 3926
5738, 21
996, 410054
6083, 3
1819, 61469
6906, 5
1678, 43157
11919, 8
1646, 68486
11257, 1
984, 8507
983, 6884
2059, 15740
12330, 1
2057, 16106
1913, 27011
467, 56491
10809, 3
536, 22671
1275, 7181
1276, 7905
1239, 11704
1455, 32469
2347, 43220
7434, 2
813, 7495
11872, 1
1599, 54601
1609, 52955
11830, 36
1557, 28747
1412, 11321
1369, 18659
1346, 60471
1090, 42489
1767, 71060
1794, 113395
1782, 39395
1403, 16038
11835, 1
1562, 37091
1784, 48475
2310, 28990
2345, 41665
12604, 1
2331, 63903
1215, 276153
2333, 84740
1810, 27776
1928, 17813
1919, 51355
2281, 19811
1844, 463280
1845, 343343
1653, 31829
1817, 121666
6904, 20
1815, 113694
6902, 3
2296, 150381
1804, 128962
2316, 39223
11852, 3
1579, 411474
1859, 74351
1857, 113385
932, 24439
12255, 1
1982, 26965
11952, 9
1679, 41566
1792, 53568
730, 5411
12072, 2
1799, 87777
12256, 1
1983, 23188
1981, 23718
729, 4116
5816, 90
776, 92685
2146, 9518
737, 5539
5824, 24
1994, 37045
1995, 48724
1992, 35464
2277, 22876
12339, 3
2066, 19138
1906, 19926
2603, 13092
2613, 12019
1890, 39639
2247, 21039
1496, 22613
6583, 13
1454, 29068
1453, 29258
2351, 39197
11761, 1
1488, 24550
1507, 8622
1057, 33526
943, 17635
2249, 18091
2252, 16768
11305, 1
1032, 114972
2556, 19068
862, 4698
5949, 41
10661, 1
388, 11199
1010, 227322
10921, 3
648, 7718
5735, 17
10858, 4
585, 22988
11454, 1
1181, 13993
6268, 13
2309, 29873
2464, 17536
11879, 1
1606, 107490
1376, 20953
1375, 33916
1353, 54553
1545, 120559
1795, 224379
1241, 11450
1543, 192182
6630, 7
11812, 1
1539, 305632
1818, 78698
6905, 27
1070, 199676
1763, 53400
1790, 56524
1501, 13567
1573, 367450
1400, 27877
12210, 2
1937, 16733
1945, 27347
12540, 4
2267, 16476
2273, 20156
1530, 31333
6617, 6
2185, 13272
11862, 80
1589, 53645
12431, 2
2158, 10328
7245, 12
2159, 10126
2069, 12367
12392, 3
2119, 12471
2006, 33631
2124, 13075
1360, 43570
1665, 47354
6752, 7
2130, 14084
1916, 28480
11148, 1
875, 5261
5962, 30
10885, 5
612, 3463
5387, 23
10573, 1
300, 4628
673, 1862
5760, 3
532, 33797
1691, 56627
6778, 13
2092, 14108
2227, 24271
7314, 3
645, 30138
1954, 16768
2229, 30678
7316, 11
2023, 16128
1923, 24270
2228, 27974
7315, 14
1882, 34371
6969, 7
1880, 31916
1850, 96540
1878, 32203
10757, 9
484, 8060
1604, 90504
11398, 2
1125, 23771
1063, 42031
1855, 133269
11208, 3
935, 12417
811, 11871
11004, 1
731, 10829
10926, 7
653, 2742
11271, 1
998, 99311
6085, 2
1060, 16585
1139, 13026
10457, 3
184, 4648
2541, 16336
2463, 16800
1111, 27829
1229, 26976
2174, 13443
2173, 12499
2165, 8614
7252, 42
2029, 17330
7116, 19
967, 14753
1000, 118466
6087, 13
582, 5376
10658, 5
385, 24816
1865, 85381
1833, 86056
6920, 3
12160, 1
1887, 42161
11556, 2
1283, 9083
6370, 27
1586, 63870
1024, 133089
6111, 7
1898, 25649
11226, 2
953, 35357
6040, 22
1884, 34584
6971, 4
1958, 22428
7045, 5
1625, 30087
1694, 54614
1594, 27752
1592, 25842
1881, 36676
1899, 27124
1551, 70781
6638, 11
1883, 33340
991, 98202
6078, 3
905, 147534
1711, 55196
6798, 4
2579, 17794
12217, 1
1944, 21579
1874, 44595
1924, 25102
1935, 15033
1639, 49889
1888, 44682
1867, 63188
1839, 163667
1840, 245632
1837, 103811
1823, 79420
1526, 13229
2262, 15665
2268, 19663
1520, 39529
1812, 53052
11891, 1
1618, 31735
1248, 18844
1261, 9083
2282, 19728
7369, 5
11743, 1
1470, 24377
1003, 30763
2295, 199703
1179, 15393
6266, 5
11413, 3
1140, 19886
6227, 13
1136, 12480
1106, 15757
6193, 14
1487, 22921
12563, 1
2290, 32851
978, 27625
6065, 12
11237, 3
964, 11741
6051, 30
2141, 13543
1578, 360544
2126, 13254
956, 11879
1568, 72955
1546, 120211
1748, 52236
6835, 14
2253, 19023
1806, 53909
2232, 34670
2544, 18061
187, 4259
1975, 14118
2549, 19204
10465, 2
192, 7227
12239, 1
1966, 13940
1648, 68388
2194, 21291
2243, 27520
12276, 4
2003, 25964
1901, 27243
1864, 120795
6951, 1
2208, 48033
1862, 93879
6949, 11
12133, 1
1860, 68111
2192, 21784
1858, 84086
6945, 13
1854, 124036
1441, 56009
2211, 24824
11717, 6
1444, 58825
6531, 20
1170, 33092
1177, 26787
1285, 8556
2289, 29639
11593, 1
1320, 6217
1835, 107816
6922, 1
1385, 34758
1307, 11771
2342, 31025
2153, 9268
7240, 3
12293, 3
2020, 21330
7107, 18
2245, 26084
1267, 13395
1244, 14229
1257, 7215
6344, 18
1255, 22361
6342, 3
413, 46742
5500, 20
1359, 38531
10597, 3
324, 10835
5411, 49
1832, 97087
298, 5989
5385, 77
10671, 1
398, 11570
2237, 29000
2266, 20547
2327, 37741
2319, 59646
1054, 52114
6141, 11
11360, 1
1087, 12684
6174, 7
11920, 29
1647, 61827
1682, 28703
6769, 11
1692, 54868
1278, 15948
1268, 13996
1144, 38920
11683, 1
1410, 5515
6497, 8
12001, 2
1728, 49842
11741, 1
1468, 35544
1744, 51715
1725, 64348
1399, 21070
1397, 26100
1395, 26262
1365, 22678
6452, 7
1393, 19648
1386, 29085
6473, 13
2311, 22474
766, 6275
5853, 13
2248, 21415
961, 26316
6048, 10
1035, 64861
1182, 16099
989, 48252
6076, 11
11176, 5
903, 147212
5990, 18
10844, 1
571, 9024
1185, 13711
6272, 5
2339, 44779
373, 212435
1719, 47251
1930, 19458
1629, 30066
11914, 17
1641, 67692
1801, 67066
1811, 43764
12610, 8
2337, 70116
2218, 23540
7305, 20
2190, 21149
2191, 20193
2340, 34571
2209, 34747
1527, 17448
1528, 17456
2203, 57998
2202, 43716
1273, 9250
1272, 8675
11536, 3
1263, 9713
1262, 8478
2304, 35607
7391, 11
1452, 39333
11747, 1
1474, 27852
6561, 4
274, 66086
2631, 11786
871, 9295
5958, 12
2338, 55820
1274, 7900
11445, 1
1172, 50171
1461, 24552
1463, 21892
6550, 17
11246, 1
973, 19242
286, 13576
11098, 10
825, 123496
2195, 22467
832, 35576
958, 20851
830, 69565
831, 84130
562, 8292
5649, 89
2117, 19097
952, 17105
6039, 17
1664, 45969
2145, 9497
7232, 13
1494, 17029
1472, 22712
1449, 69408
6536, 28
1666, 67855
1362, 43449
1281, 9166
1667, 88189
1632, 76691
2546, 17171
10462, 1
189, 3914
2140, 11525
10463, 1
190, 4011
10673, 9
400, 42976
2142, 12523
1902, 26963
6989, 5
2125, 12103
1892, 31264
1662, 38746
1689, 47388
2107, 24318
2093, 13483
2274, 19874
2261, 16830
2000, 23766
7087, 4
2001, 18432
1998, 27494
2070, 13692
1970, 16915
12548, 3
2275, 21983
1929, 20815
12200, 1
1927, 19567
12532, 3
2259, 19279
1897, 29555
1925, 22210
1602, 79680
11878, 4
1605, 109188
1619, 32980
1643, 96200
1280, 10641
6367, 7
2490, 18832
1904, 21912
6991, 6
11758, 2
1485, 23247
1483, 38192
6570, 9
1482, 42898
6569, 1
11219, 1
946, 637159
6033, 7
1118, 170140
812, 6459
5899, 16
732, 15657
5819, 19
1113, 32474
1110, 31877
1141, 28607
1002, 40099
2514, 18566
12761, 2
2488, 21140
1116, 44134
1085, 14755
80, 1915
11474, 2
1201, 515632
2196, 22514
2188, 15817
1098, 98470
972, 23467
11244, 1
971, 81617
908, 22989
5995, 4
1051, 31896
6138, 16
1220, 65639
6307, 7
1910, 23078
1062, 23574
6149, 9
1072, 46705
6159, 7
11496, 2
1223, 80421
6310, 20
11326, 1
1053, 76283
1200, 292715
6287, 111
1222, 75244
430, 31627
5517, 10
1960, 28837
7047, 4
2685, 12237
328, 2227
5415, 9
1078, 106829
1189, 27845
6276, 9
1188, 39894
1059, 17791
11471, 1
1198, 179054
11146, 1
873, 20383
5960, 6
974, 19455
914, 698507
6001, 8
549, 6369
166, 25844
5253, 30
327, 5365
1869, 59229
1209, 102406
12125, 2
1852, 106454
1154, 48923
2025, 14081
1746, 57614
6833, 6
2064, 14128
2065, 17579
1933, 16708
2037, 12596
7124, 16
2021, 20865
2011, 28432
1624, 25009
1622, 20469
1685, 28989
1843, 515353
2022, 19881
820, 10315
2030, 24255
1516, 14357
11788, 3
1515, 12666
1493, 11692
1504, 9248
11654, 2
1381, 13843
11510, 1
1237, 15118
1683, 23011
6770, 9
1025, 94050
1713, 64296
6800, 12
11524, 7
1251, 40339
6338, 2
11972, 2
1699, 122034
10851, 8
578, 4493
1732, 75377
6819, 4
1439, 49433
6526, 5
11988, 1
1715, 62454
1696, 75886
1370, 17876
1366, 26090
6453, 4
1698, 100468
11609, 1
1336, 29690
1364, 25398
1495, 21072
6582, 49
1357, 49444
10798, 2
525, 13153
530, 99275
11996, 2
1723, 66878
1202, 729485
10888, 4
615, 28923
2972, 5313
2301, 32086
11317, 4
1044, 119772
2263, 17817
2136, 12465
1058, 39949
1601, 71635
929, 46112
11831, 5
1558, 35505
6645, 1
1669, 120804
1610, 37291
1352, 48412
10891, 1
618, 28639
12062, 1
1789, 60319
10767, 1
494, 10169
11847, 3
1574, 290545
6661, 7
2303, 32404
2201, 33331
2122, 11488
2206, 70211
7293, 3
1565, 47297
1564, 35189
1554, 35782
12011, 1
1738, 45566
1742, 53329
12095, 7
1822, 82653
12093, 2
1820, 67082
2214, 19291
1968, 12950
11153, 1
880, 15155
5967, 18
10960, 2
687, 4231
10816, 2
543, 12895
878, 10046
5965, 11
10786, 3
513, 15956
1951, 23854
509, 16589
548, 8686
2255, 21135
1769, 53403
1952, 26151
2350, 35306
702, 12711
5789, 10
683, 6039
746, 3019
2238, 27545
3022, 6613
10938, 8
665, 1395
2224, 22294
712, 8518
1964, 14349
12238, 2
1965, 13216
1962, 22822
2240, 25168
1934, 14626
2221, 25605
2239, 24707
1893, 30371
6980, 7
1891, 36542
2223, 18610
1889, 41515
1885, 35284
11356, 1
1083, 24315
2242, 23675
1150, 45310
1443, 106677
1153, 81694
2348, 41899
1168, 35979
1167, 23628
11438, 2
1165, 19980
1420, 13399
11444, 4
1171, 47462
1509, 10639
2346, 39009
7433, 35
1319, 6328
1330, 10302
6417, 30
2344, 37995
1277, 13098
2244, 22710
1384, 31966
1419, 11449
2210, 25498
1451, 53141
960, 27607
2317, 39361
2050, 91145
10672, 2
399, 24526
5486, 45
11399, 1
1126, 27008
6213, 5
2302, 33185
7389, 9
1266, 12422
1243, 18342
6330, 11
1256, 6781
6343, 10
1254, 46233
6341, 10
1435, 201912
1129, 14666
1433, 114688
1394, 20102
11702, 3
1429, 68743
1349, 48192
1329, 5613
6416, 11
1271, 10156
397, 12003
5484, 23
10562, 1
289, 58029
2298, 44991
7385, 8
2294, 162275
2297, 85684
472, 39637
2829, 9822
1866, 67488
1194, 119719
1896, 25581
1190, 165026
6277, 3
11291, 2
1018, 136423
1218, 104943
1199, 250737
6286, 6
937, 18711
6024, 13
11147, 1
874, 5954
5961, 17
975, 22705
6062, 8
1050, 26233
1049, 30193
11313, 1
1040, 56391
1184, 17544
6271, 6
1219, 82052
1197, 71528
326, 80498
10625, 3
352, 23072
5439, 26
356, 8549
358, 30179
724, 5652
5811, 25
5438, 40
351, 2969
1718, 55943
6805, 3
1055, 54094
1708, 55432
1086, 13312
1084, 33499
6171, 53
11381, 3
1108, 17282
1717, 62859
1636, 239175
6723, 9
1162, 25702
1603, 75203
6690, 6
1613, 28342
1633, 125204
6720, 6
12007, 1
1734, 106212
6821, 2
10861, 1
588, 4755
524, 14977
1479, 22030
828, 44672
5915, 17
1373, 21113
1350, 52537
11636, 1
1363, 27165
11634, 2
1361, 49009
6448, 3
1542, 338370
1788, 68274
1238, 11301
1540, 380440
2517, 20397
4874, 50
1535, 58090
11143, 1
870, 10022
5957, 16
1773, 30990
1760, 44282
6847, 11
1069, 87442
1499, 17593
11773, 2
1500, 13734
1497, 23825
1775, 37220
12050, 4
1777, 47222
1569, 82914
12051, 2
1778, 40071
1467, 37194
1802, 73119
1426, 72591
12099, 1
1826, 72024
11669, 2
1396, 25864
1424, 16678
11828, 15
1555, 32658
1417, 8763
1009, 453907
1006, 42475
646, 16869
5733, 21
583, 26267
10732, 1
459, 9554
5546, 27
2335, 86808
1903, 21181
12251, 14
1978, 16284
962, 21215
1037, 37191
11309, 1
1036, 53136
1226, 62828
6313, 29
1203, 849133
990, 43326
2312, 25189
1193, 158751
1206, 427524
2322, 59047
10747, 3
474, 190273
12043, 3
1770, 39201
10706, 65
433, 144327
5520, 130
10636, 1
363, 17270
11487, 1
1214, 281113
6301, 19
2352, 32863
575, 4538
1100, 49653
1095, 61643
12080, 3
1807, 46117
1918, 41317
1920, 50071
11832, 8
1559, 36248
1677, 45159
6764, 4
10388, 1
115, 3335
122, 8643
1870, 57466
2225, 19942
2226, 25710
2199, 24476
2200, 26893
2217, 23173
7304, 4
2176, 17929
2181, 17120
12486, 6
2213, 17656
2212, 18938
1736, 63426
2161, 8052
2166, 10807
7253, 15
11975, 1
1702, 92190
6789, 12
2189, 16438
11806, 1
1533, 33958
1532, 37116
1510, 13132
1523, 17381
1522, 14744
6609, 63
1317, 7218
1703, 104563
1707, 67030
1787, 70800
1861, 73739
2172, 11849
7259, 47
506, 11879
10818, 7
545, 18349
5632, 9
720, 4574
721, 1655
10996, 1
723, 3652
5810, 25
10989, 1
716, 3253
5803, 9
10998, 2
725, 4459
597, 1900
5684, 36
706, 20264
5793, 48
10708, 1
435, 16087
10716, 5
443, 3654
10715, 7
442, 6800
446, 4816
836, 7905
2178, 38065
10913, 1
640, 10570
713, 13705
711, 11751
566, 1273
922, 63004
1007, 144442
5721, 13
10907, 1
634, 2147
637, 2996
5351, 63
264, 229863
551, 8634
5265, 43
178, 1083716
888, 23652
674, 3431
10806, 2
533, 23562
401, 118267
347, 36348
5434, 42
12412, 6
2139, 12029
2148, 11952
901, 24517
5988, 7
1905, 20575
6992, 2
2278, 22000
10540, 1
267, 34418
5354, 48
12410, 2
2137, 10540
283, 40122
5370, 43
1894, 27323
6981, 7
2138, 10703
10820, 1
547, 6998
2276, 23581
1577, 258560
6664, 13
1690, 53609
1697, 94632
2110, 15049
2324, 43491
699, 19231
10974, 2
701, 11523
745, 2052
11236, 13
963, 16481
2090, 12853
1830, 109805
1831, 108966
1828, 84526
1900, 25111
12073, 1
1800, 68473
1798, 80379
2087, 13845
1761, 45069
2105, 19647
1757, 38293
2089, 12932
1727, 60075
1242, 11298
1066, 36516
12448, 2
2175, 15445
1791, 55624
4148, 173
821, 14921
1158, 72166
1019, 218019
3376, 1230
1525, 13742
6612, 7
416, 12709
1131, 21233
2442, 32732
10358, 12
85, 53727
12368, 3
2095, 13401
896, 161292
2431, 27196
10347, 6
74, 573
5161, 58
1183, 18397
10334, 16
61, 211691
10468, 1
195, 1876
2552, 19565
2691, 10865
10607, 1
334, 2612
1422, 14985
1253, 47169
3610, 490
1074, 28570
10333, 28
60, 46440
5147, 25
1169, 32421
516, 6648
392, 22475
1128, 16742
2376, 40130
10292, 6
19, 22954
2403, 32994
10319, 14
46, 130749
1155, 54141
194, 44966
5281, 16
1303, 7194
6390, 9
10422, 1
149, 84726
1348, 36526
2596, 15358
239, 3214
1714, 59478
6801, 21
1331, 14596
535, 22415
1076, 140110
12320, 1
2047, 21634
938, 28605
2287, 20587
2426, 31474
69, 2092
5156, 24
11478, 2
1205, 614963
6292, 31
2453, 24692
96, 391
11870, 4
1597, 50151
488, 6703
539, 10962
2897, 6421
540, 11661
1649, 70117
2497, 18972
10413, 2
140, 38386
11522, 1
1249, 26187
6336, 19
10954, 3
681, 3003
5768, 35
1651, 38759
4008, 248
10785, 7
512, 29919
5599, 25
518, 198158
5605, 17
10652, 2
379, 45632
2736, 9538
1627, 26721
682, 3389
10781, 1
508, 20077
5595, 17
1617, 29602
1431, 117077
6518, 24
3788, 331
2679, 11434
1005, 29626
3362, 1617
12665, 1
2392, 35112
35, 289697
5122, 15
10709, 5
436, 38144
12766, 1
2493, 18688
4850, 58
473, 141030
2766, 12648
10682, 1
409, 8434
5496, 11
1518, 21867
6605, 33
470, 166067
5557, 8
2688, 9534
10692, 3
419, 23618
1616, 44054
2725, 11779
1477, 16924
6564, 8
3834, 680
10780, 1
507, 21288
5594, 10
2390, 35612
10306, 12
33, 63215
2430, 25617
10346, 3
73, 613
12564, 3
2291, 47662
312, 1855
1421, 16213
1148, 100709
2396, 37752
10312, 56
39, 361995
12530, 1
2257, 20598
414, 8628
2771, 8702
553, 3045
2597, 13663
240, 540
2641, 12853
10557, 9
284, 96251
1372, 22734
638, 3019
2995, 6442
10563, 5
290, 99568
5377, 66
10564, 1
291, 4671
5378, 16
12010, 1
1737, 49783
1743, 53762
10553, 19
280, 10945
11662, 9
1389, 14060
1442, 90471
6529, 9
2617, 13041
260, 357462
1695, 58351
586, 5975
1427, 85927
2457, 24529
100, 224
5187, 48
2318, 49342
10914, 2
641, 2735
1750, 48174
1378, 11705
1591, 28734
482, 48100
2615, 13216
10531, 3
258, 368107
307, 1979
1416, 11842
1306, 9494
197, 14777
5284, 66
417, 23735
5504, 15
1176, 22935
6263, 4
10340, 80
67, 4057
5154, 63
2285, 20719
2452, 21936
95, 3027
1204, 663359
2462, 19118
10378, 6
105, 7031
1045, 57476
976, 31436
1269, 16685
11346, 1
1073, 53510
2565, 17534
208, 2112
5295, 31
154, 18961
5241, 23
11508, 3
1235, 18283
6322, 12
1156, 42477
1560, 37143
6647, 9
1895, 25960
6982, 31
1473, 25902
364, 16009
5451, 19
405, 20283
11787, 1
1514, 11462
6601, 2
2484, 25097
4841, 127
502, 5417
11884, 1
1611, 30115
12939, 1
2666, 10692
12799, 7
2526, 20261
10442, 1
169, 19016
10680, 5
407, 15337
5494, 13
2764, 7628
1655, 18875
546, 28856
171, 436465
5729, 7
10915, 2
642, 3319
1015, 48137
2539, 16135
182, 170521
1152, 81381
3509, 967
1065, 29326
6152, 10
11406, 1
1133, 29884
6220, 64
2315, 33520
11506, 8
1233, 20315
10397, 2
124, 42370
5211, 25
1374, 25127
2622, 12151
10538, 9
265, 207897
1309, 9176
200, 35353
5287, 27
227, 11986
5314, 49
2535, 17244
180, 39782
2591, 17779
10507, 1
234, 387
2601, 12815
10517, 1
244, 890
5331, 53
1687, 44884
1813, 55478
1765, 75266
1871, 53441
6958, 2
11035, 4
762, 3036
5849, 45
1908, 18412
799, 99845
1492, 19261
11078, 8
805, 16838
5892, 13
2171, 10528
1089, 16659
2364, 56782
10280, 7
7, 4942
505, 8886
5592, 18
1475, 21608
3832, 263
366, 2529
2723, 11071
7810, 14
11319, 1
1046, 55423
2494, 19066
137, 326
11519, 2
1246, 20347
3092, 5641
1469, 33579
6556, 9
1174, 19016
10338, 3
65, 22041
2449, 21012
10365, 25
92, 441
1161, 20511
2270, 19290
1321, 6518
212, 1905
5299, 23
344, 5308
1967, 13060
11131, 3
858, 6655
5945, 12
909, 38953
2414, 28160
10330, 2
57, 14602
1166, 17025
1576, 199492
1437, 47043
3794, 583
11720, 1
1447, 43740
906, 144829
5993, 12
2015, 25858
824, 54115
1132, 33125
6219, 5
2241, 26612
1673, 52005
10837, 1
564, 3978
1137, 23524
6224, 3
321, 43084
1430, 115451
247, 314
5334, 37
1265, 10668
2513, 19095
156, 803
2540, 16326
183, 8327
5270, 16
10454, 3
181, 75456
1466, 34974
357, 23515
1225, 87449
6312, 24
3582, 585
11691, 12
1418, 8982
1986, 22080
877, 11849
5964, 12
2496, 17835
278, 39622
1414, 15814
2384, 39368
27, 10165
15014, 2
4741, 27
1949, 21664
11681, 1
1408, 10136
299, 3950
5386, 60
1147, 70661
6234, 46
2395, 36056
10311, 1
38, 171804
11281, 4
1008, 405526
3365, 1078
493, 26656
5580, 8
354, 3663
2711, 11448
337, 4731
196, 14695
1825, 72106
10475, 6
202, 648
5289, 87
1311, 6664
6398, 5
1508, 9873
6595, 15
10699, 2
426, 19050
5513, 26
10560, 1
287, 894
2644, 12006
2860, 10252
1751, 62057
6838, 11
1747, 48909
10461, 3
188, 2744
5275, 35
2545, 17930
11709, 1
1436, 136582
381, 392649
1490, 15056
6577, 5
360, 15511
2717, 9483
1608, 69352
1121, 154662
6208, 20
1067, 39136
10606, 1
333, 1488
12963, 1
2690, 11083
526, 56233
5613, 14
2744, 10637
1700, 114531
10350, 1
77, 3644
1186, 18129
6273, 21
2382, 43651
4739, 157
10298, 4
25, 121621
5112, 160
11407, 2
1134, 7744
1310, 7371
6397, 7
2558, 17982
10474, 5
201, 4673
5288, 14
2639, 10269
282, 22798
1681, 31041
572, 16368
5659, 19
10331, 7
58, 1537
10588, 1
315, 5227
10561, 1
288, 793
5375, 7
11102, 1
829, 42716
2489, 20786
132, 1470
5219, 35
229, 740
5316, 21
1027, 67695
10759, 4
486, 5692
5573, 36
12708, 1
2435, 27162
78, 717
11460, 2
1187, 25977
6274, 18
1149, 42740
2397, 41611
40, 9924
1102, 43008
10550, 24
277, 10483
10764, 1
491, 2113
11873, 2
1600, 64321
541, 17509
1650, 36142
0, 241119
2358, 34249
7445, 11
10274, 29
1, 19409
2561, 15965
204, 460363
5291, 36
1313, 5642
2507, 16434
10423, 1
150, 11823
5237, 24
11532, 2
1259, 7116
6346, 7
1286, 6265
2360, 37456
7447, 6
3, 596607
1112, 23371
6199, 7
4, 2792511
893, 70675
5980, 12
1093, 24617
2368, 45996
10284, 2
11, 49189
1120, 130802
2589, 16725
10505, 2
232, 14719
5319, 62
773, 7863
10275, 2
2, 8090481
10532, 5
259, 669713
1368, 23164
10393, 54
120, 7571
5207, 43
2477, 21161
10752, 1
479, 96663
1588, 65572
993, 345764
2102, 16621
10896, 1
623, 11870
2548, 19383
191, 6984
5278, 24
705, 3558
5792, 29
1814, 74810
6901, 47
10476, 3
203, 155429
460, 51003
538, 13592
10554, 8
281, 7750
5368, 35
2372, 41355
15, 15714
1124, 28375
396, 19430
1505, 9730
910, 41157
2019, 21051
672, 1483
1781, 36840
2394, 36570
4751, 75
10310, 25
37, 1738347
5124, 41
12190, 1
1917, 35288
11387, 1
1114, 50665
5, 201090
2389, 35602
7476, 4
32, 66423
5119, 32
11212, 1
939, 27626
12321, 1
2048, 36123
10307, 14
34, 71434
12648, 4
2375, 38800
18, 6208
11400, 1
1127, 27058
10363, 2
90, 36036
5177, 16
2308, 40097
471, 18358
5558, 17
1580, 346069
50, 8005
2407, 29292
2600, 12184
10516, 7
243, 6361
2461, 19605
11966, 3
1693, 54695
584, 9526
2427, 29154
70, 2080
841, 8308
5928, 4
1950, 22081
10503, 2
230, 663
3192, 3654
294, 2745
2651, 11874
487, 6803
2386, 39008
29, 118119
5116, 39
1138, 32456
11272, 6
999, 74467
3356, 1247
12097, 2
1824, 81170
2443, 30063
10359, 4
86, 9760
5173, 38
11468, 1
1195, 139509
6282, 21
2700, 11174
343, 2270
5430, 71
213, 1177
10459, 1
186, 4087
727, 4101
12848, 2
2575, 20567
218, 2068
10748, 1
475, 125916
2693, 10007
7780, 11
2465, 18526
108, 4193
5195, 23
1217, 167192
2411, 30186
10327, 1
54, 40543
5141, 29
1163, 31847
849, 8471
10581, 3
308, 1919
329, 7701
1438, 45369
1476, 18807
2585, 17606
2751, 8754
394, 14467
1503, 13738
270, 9362
5357, 35
2795, 7595
438, 162593
1547, 110180
1415, 13130
10579, 6
306, 2200
2385, 42767
10301, 6
28, 10003
4742, 25
2522, 21957
10438, 4
165, 3291
11934, 1
1661, 32777
552, 6712
5639, 25
782, 27016
2598, 12475
7685, 2
10514, 8
241, 382
5328, 31
10375, 2
102, 1449
2459, 23022
1323, 7449
10889, 1
616, 57122
2432, 27168
75, 9817
2293, 117145
734, 9220
2550, 19985
193, 50650
2272, 20832
4629, 134
450, 3871
5537, 23
1637, 158625
2371, 40470
10287, 1
14, 22777
1123, 155440
6210, 7
936, 12199
6023, 7
395, 15003
5482, 17
293, 6763
1402, 19326
2393, 29612
10309, 45
36, 1341119
11418, 1
1145, 35767
11337, 10
1064, 40608
2599, 12574
10515, 6
242, 5151
1324, 5914
1304, 7549
6391, 1
8, 1826365
1117, 92263
2492, 18696
135, 160
1704, 127842
2299, 46101
7386, 16
622, 21850
1731, 56974
2388, 39530
10304, 2
31, 35593
10664, 13
391, 48264
2748, 9768
2400, 40023
10316, 1
43, 50332
2334, 97043
2473, 22353
10389, 1
116, 16734
5203, 41
2527, 22220
10443, 1
170, 162446
11552, 1
1279, 13034
297, 4191
5384, 78
12643, 1
2370, 46303
13, 8208
5100, 43
2231, 40401
1122, 239296
6209, 10
10827, 2
554, 1837
1663, 42898
2425, 29369
7512, 4
10341, 11
68, 2356
118, 1536
1227, 31201
6314, 16
10905, 3
632, 4166
1741, 43595
2367, 45377
4724, 64
10, 136885
1119, 197954
457, 18362
318, 16626
2675, 11085
2187, 14496
2123, 11703
4480, 68
10710, 6
437, 9825
5524, 13
1135, 9357
2383, 43453
26, 119313
5113, 24
1676, 44786
6763, 2
10840, 1
567, 2872
2410, 32818
10326, 46
53, 17518
1796, 258399
2530, 19304
10446, 3
173, 111625
11555, 1
1282, 10208
12672, 9
2399, 41860
42, 84139
2260, 15142
7347, 6
16, 289952
5103, 75
684, 12967
143, 11608
12107, 1
1834, 93618
6921, 34
1293, 6790
6380, 3
211, 3539
5298, 25
72, 538
2429, 26773
7516, 5
2091, 15506
982, 11043
10741, 1
468, 88545
2536, 17568
4893, 21
179, 22285
1388, 16730
10552, 46
279, 26483
303, 13033
2405, 32223
48, 26123
819, 10350
843, 3544
5930, 13
302, 12342
1411, 6420
1668, 118136
2916, 4923
559, 2757
5646, 18
2402, 41810
10318, 2
45, 128793
3173, 3946
816, 6501
1088, 9525
12470, 3
2197, 20656
12636, 1
2363, 55444
7450, 19
10279, 4
6, 34453
1115, 48147
2529, 19245
172, 643140
1771, 29802
2505, 16445
148, 126
11192, 1
919, 76465
6006, 24
2028, 15206
1103, 29229
2378, 39456
21, 1356007
1130, 15873
6217, 13
1640, 56618
10804, 1
531, 43186
12647, 1
2374, 41533
10290, 1
17, 3545
5104, 31
144, 139
10742, 5
469, 245372
981, 17888
944, 35406
6031, 15
10676, 6
403, 4667
1999, 20728
917, 9470
12299, 1
2026, 14831
1264, 7953
10392, 1
119, 54992
1228, 26226
6315, 11
12686, 5
2413, 31005
10329, 1
56, 11697
5143, 17
921, 41547
2441, 34419
10357, 2
84, 3622
10420, 11
147, 109
11164, 2
891, 11268
5978, 2
1432, 111406
11218, 9
945, 208189
6032, 18
404, 8038
2468, 18997
10384, 3
111, 7138
2478, 22326
10394, 3
121, 1835
1230, 18362
12760, 2
2487, 21493
130, 192
11065, 2
792, 145586
5879, 35
2608, 10943
251, 70417
5338, 24
2611, 12744
254, 450
5341, 29
2706, 12197
10622, 1
349, 4141
10788, 1
515, 41081
2872, 9106
12743, 10
2470, 22403
10386, 3
113, 3040
1033, 105082
519, 14096
5606, 27
1628, 29353
803, 30929
262, 27012
1004, 27267
463, 6562
2705, 10752
348, 75749
5435, 10
10675, 1
402, 134079
263, 79243
2620, 11819
1511, 13556
6598, 3
2602, 14705
10518, 1
245, 832
5332, 27
1868, 64152
10754, 4
481, 37872
11464, 4
1191, 690723
231, 678
301, 7972
2380, 49643
7467, 2
10296, 4
23, 140564
4737, 33
11115, 1
842, 4302
5929, 33
10569, 1
296, 2632
11678, 38
1405, 10420
837, 8918
959, 25149
12341, 5
2068, 13731
418, 18952
10739, 1
466, 13915
5553, 62
3932, 243
1575, 208107
6662, 7
1521, 15612
6608, 32
412, 32255
12903, 2
2630, 11149
10712, 1
439, 432407
5526, 21
980, 26714
465, 4225
2366, 60219
10282, 1
9, 654172
1091, 30391
6178, 3
2387, 40039
30, 20873
1712, 64695
6799, 7
5344, 26
257, 990
630, 6096
1739, 40340
2307, 52205
10592, 2
319, 63763
1428, 63343
2398, 35276
10314, 1
41, 84906
5128, 36
4755, 71
860, 6640
5947, 14
2445, 33246
10361, 49
88, 744
449, 3821
10763, 2
490, 3185
5577, 10
2708, 11296
2590, 18181
233, 27557
1017, 86150
10749, 3
476, 47132
994, 1133610
12376, 1
2103, 17634
453, 3521
5540, 17
10644, 1
371, 8075
5458, 37
1480, 26062
10645, 1
372, 597
1481, 39494
10696, 2
423, 9374
421, 19342
10727, 1
454, 4788
593, 6961
992, 108627
2101, 14401
10758, 2
485, 5451
10619, 2
346, 16457
2703, 12639
865, 2546
5952, 18
2567, 19279
210, 7350
751, 2387
10774, 1
501, 5983
1471, 21410
3828, 353
10635, 1
362, 8785
2719, 10905
758, 1922
1786, 66875
750, 1629
887, 66380
1996, 36260
11581, 1
1308, 11347
2583, 18252
226, 12046
767, 1005
489, 5238
628, 10983
2985, 6045
317, 7902
920, 102069
5356, 14
10542, 1
269, 5548
2440, 28978
10356, 3
83, 2125
5170, 54
1192, 808790
624, 7743
2328, 43269
13058, 2
2785, 8679
7872, 3
10701, 1
428, 68131
969, 54138
1464, 25798
2573, 18780
923, 73056
1041, 109320
6128, 5
3398, 1442
1234, 21442
10398, 1
125, 11288
12477, 3
2204, 69928
4561, 43
2509, 14134
152, 22582
11569, 1
1296, 7094
755, 4618
5842, 10
12685, 1
2412, 29495
4769, 48
10328, 1
55, 761678
596, 2048
5683, 36
1705, 134619
12003, 4
1730, 58441
462, 69523
10596, 1
323, 6487
2680, 10331
1571, 184490
456, 17830
997, 408030
2106, 18451
174, 25338
5261, 31
12865, 1
2592, 15669
235, 3137
1465, 28157
924, 91296
2033, 16821
11213, 1
940, 17645
2049, 48790
7136, 6
3283, 2014
926, 61243
2035, 13654
389, 30445
930, 29418
1061, 15542
2170, 10576
2577, 19161
954, 67751
6041, 23
1207, 135968
941, 14022
6028, 50
11520, 2
1247, 20993
1029, 77112
11497, 3
1224, 85567
2448, 22325
7535, 10
10364, 16
91, 9751
1052, 55044
1075, 39261
2184, 13936
11523, 1
1250, 39116
10479, 7
206, 45936
5293, 47
11588, 6
1315, 8665
10480, 1
207, 130789
1316, 7774
6403, 10
10355, 20
82, 2115
2439, 25193
4928, 64
353, 33002
2710, 10162
81, 3510
2438, 27533
7525, 11
12709, 1
2436, 26683
10352, 3
79, 4274
5166, 13
1774, 41592
2349, 35269
3229, 3973
11284, 2
1011, 241725
2116, 22235
2115, 20648
2207, 50624
4564, 83
2485, 27865
128, 31349
5215, 84
2451, 19258
7538, 27
10367, 1
94, 606
2147, 10333
1038, 43634
1284, 9657
175, 115263
2040, 12418
7127, 12
1759, 37298
12081, 1
1808, 44495
1047, 24246
1805, 125214
696, 2419
861, 6902
5948, 10
3218, 4477
1096, 91934
2042, 13182
7129, 3
424, 2589
2036, 12450
927, 25790
6014, 23
2041, 12041
654, 5113
1948, 23202
2010, 26528
7097, 18
2038, 12316
1953, 22745
7040, 5
2034, 13512
7121, 41
11198, 1
925, 74099
2409, 28106
7496, 2
10325, 53
52, 4771
4766, 64
2469, 25209
112, 17972
11494, 1
1221, 59482
47, 4441
4761, 101
1434, 145017
2401, 36579
44, 6112
4758, 128
3035, 4739
2379, 42449
22, 4378
5109, 37
4736, 53
1409, 8735
1407, 11223
2486, 21360
7573, 2
129, 324
5216, 54
2169, 9965
7256, 10
2152, 9649
7239, 25
1043, 104776
2151, 9835
7238, 7
3399, 1381
11315, 1
1042, 129524
11087, 1
814, 10722
10681, 5
408, 16014
686, 4773
11221, 1
948, 17998
2965, 4162
619, 11017
5333, 10
246, 1286
897, 120240
5984, 6
895, 137348
2004, 30742
11126, 1
853, 5932
5335, 12
10521, 2
248, 6790
621, 8418
2978, 7580
2566, 19369
209, 2548
5296, 6
629, 5539
2986, 5999
8073, 24
1877, 36490
2689, 9942
332, 3028
5419, 25
10937, 10
664, 2427
5751, 25
942, 7715
6029, 69
656, 5289
4738, 90
2381, 47771
2520, 21047
10436, 1
163, 10947
644, 6378
3001, 5524
11056, 2
783, 47838
10693, 2
420, 36738
11180, 1
907, 16438
117, 1221
2542, 16639
185, 4236
10383, 3
110, 709
2467, 19158
868, 3240
5955, 18
445, 3667
5532, 23
168, 11687
5255, 14
4882, 26
10450, 1
177, 643641
2534, 18093
4891, 75
10589, 1
316, 25039
2673, 12621
455, 5664
10879, 1
606, 5092
5693, 20
2456, 23953
2595, 15354
10511, 1
238, 2481
569, 2868
2454, 21868
236, 43291
2466, 17628
604, 4279
5691, 107
13232, 1
2959, 5557
602, 6024
617, 328187
1726, 70833
600, 4297
5687, 13
461, 15199
2818, 9351
1709, 48280
10666, 23
393, 47815
847, 12772
10362, 2
89, 24420
2446, 31479
885, 10277
882, 3653
5969, 7
884, 6419
2702, 9741
899, 23477
5986, 8
335, 1207
2692, 10148
10634, 9
361, 5316
2718, 9418
367, 1577
2724, 9173
2722, 9426
949, 16230
422, 6723
5509, 5
1531, 30790
355, 3017
2712, 11357
7799, 2
560, 1420
850, 9784
374, 758818
10679, 8
406, 9144
918, 23388
2027, 15254
2804, 7878
10720, 2
447, 8213
573, 7782
411, 15181
13041, 4
2768, 10253
10823, 1
550, 13860
809, 23376
11080, 1
807, 15349
2835, 9334
10751, 2
478, 74022
13107, 1
2834, 8031
477, 41767
627, 7373
271, 10093
5358, 95
11053, 2
780, 5937
781, 7900
761, 1560
12896, 1
2623, 12787
266, 171492
11037, 1
764, 3687
5851, 10
2618, 10058
261, 511103
5348, 36
5315, 15
10501, 5
228, 482
11029, 3
756, 1933
5843, 7
752, 3509
2739, 10237
10655, 2
382, 275648
380, 152730
10437, 2
164, 41208
10700, 2
427, 70487
1536, 87277
410, 9955
2699, 10032
342, 5590
339, 18477
1448, 62044
340, 39605
1028, 78531
791, 100920
5878, 33
784, 6312
5871, 6
785, 23902
5872, 5
2677, 13208
12408, 4
2135, 12246
1026, 54434
6113, 7
719, 2904
2128, 13792
728, 2285
1538, 216824
10794, 1
521, 23930
11903, 5
1630, 39740
10371, 2
98, 222
2455, 24267
2594, 15800
237, 140127
2614, 10904
987, 20983
6074, 12
4453, 129
2096, 14453
988, 44911
6075, 12
2625, 12314
268, 46253
1377, 16150
904, 166670
5991, 25
900, 20188
10688, 1
415, 10673
1524, 13664
6611, 4
913, 705857
6000, 12
253, 13756
10966, 6
693, 5879
894, 84198
5981, 14
10834, 1
561, 949
10836, 2
563, 1974
565, 2044
892, 45793
911, 45816
2992, 6077
635, 3348
11188, 2
915, 25890
6002, 11
10790, 43
517, 111130
522, 5977
676, 9248
5763, 5
1785, 56703
695, 9797
10964, 3
691, 9363
698, 21795
2164, 9546
7251, 23
2186, 12734
1077, 279767
1716, 61043
12070, 2
1797, 81871
1921, 34701
1922, 28832
1909, 24356
12204, 1
1931, 19455
822, 12005
1932, 18711
823, 16444
2104, 18407
359, 14343
2716, 9556
292, 33464
2649, 11233
431, 8056
5518, 13
4002, 311
675, 6114
5762, 8
495, 15745
2134, 11596
2416, 29589
59, 69099
614, 38914
370, 9234
2727, 8219
311, 4870
2480, 23613
123, 1874
5210, 41
11448, 1
1175, 19267
2707, 10599
7794, 4
350, 7292
432, 56263
5519, 34
13062, 20
2789, 9092
1680, 35864
2305, 44532
1196, 49664
2269, 15941
4856, 36
10415, 1
142, 28191
626, 7173
2983, 6092
765, 4428
5852, 22
1101, 40215
1097, 170467
1099, 68056
1721, 52571
11367, 1
1094, 44332
576, 5067
1068, 51887
6155, 11
1216, 230760
434, 97771
377, 561889
11759, 4
1486, 20777
10651, 1
378, 90965
2733, 8144
376, 1870905
2533, 17550
10449, 1
176, 173703
2524, 22664
4881, 42
10440, 1
167, 43550
11481, 1
1208, 117288
6295, 12
574, 3608
5661, 3
10293, 2
20, 14508
4734, 36
2377, 47007
11289, 1
1016, 40047
1039, 48353
965, 14458
10285, 2
12, 303450
2369, 44761
1260, 7552
529, 98593
1638, 73415
390, 38156
5477, 10
2747, 11457
11296, 1
1023, 262953
798, 375667
5885, 14
11070, 7
797, 189526
10558, 14
285, 4800
5372, 29
11185, 1
912, 228820
2732, 8659
375, 2208047
11757, 2
1484, 30886
1783, 42578
6870, 3
2726, 10178
369, 3379
1478, 15279
1034, 79554
1423, 12534
2609, 14602
252, 8749
5339, 27
1561, 39914
1764, 60875
1780, 42769
1762, 45301
514, 48711
2871, 8039
1506, 11675
6593, 6
11243, 1
970, 114554
1766, 89524
802, 94511
1779, 39139
869, 5285
694, 6870
685, 16080
692, 10590
10962, 1
689, 2312
5776, 6
690, 4695
1401, 22553
11713, 3
1440, 33101
1270, 14579
6357, 49
1749, 50271
1549, 117081
581, 16987
12008, 1
1735, 101707
1729, 57908
5194, 69
107, 115914
2837, 8430
1671, 67859
1081, 11788
1720, 42809
1079, 21467
6166, 11
1701, 97837
11321, 1
1048, 28788
1210, 111486
1710, 45775
1745, 61305
1722, 60868
11446, 1
1173, 15956
6260, 17
1212, 294195
2450, 22708
10366, 1
93, 1405
3388, 1000
11304, 1
1031, 97110
11293, 4
1020, 403762
3325, 2428
968, 27541
12025, 2
1752, 67705
589, 5463
3009, 4545
652, 2333
5739, 24
1013, 34872
898, 55314
11509, 2
1236, 19629
1014, 47679
867, 4017
5954, 8
12031, 1
1758, 36335
2867, 6660
10769, 1
496, 9982
1398, 23361
12028, 2
1755, 53964
1450, 64860
6537, 8
1550, 93561
1756, 46435
1821, 67283
12013, 2
1740, 42700
6827, 1
1754, 60545
11149, 4
876, 9198
700, 17767
697, 6716
511, 12494
5598, 16
1620, 26841
1553, 55195
6640, 17
1245, 16920
1355, 49512
534, 26794
1772, 32416
1768, 60420
11274, 2
1001, 105597
977, 30752
979, 27097
386, 24120
2743, 8369
11303, 1
1030, 86428
10800, 1
527, 29146
11295, 3
1022, 416357
1021, 470711
11353, 1
1080, 40140
902, 54997
947, 622135
1997, 34874
10657, 1
384, 25400
2741, 10068
2193, 22259
1071, 47439
2108, 18821
10756, 3
483, 9309
11285, 7
1012, 24326
688, 1926
5775, 79
2616, 12719
2551, 17965
3210, 3464
3215, 3542
1341, 25773
2629, 11533
2755, 7891
2745, 9992
2735, 8862
2752, 11087
12325, 5
2052, 147267
2391, 35050
710, 8789
726, 4177
5813, 20
11015, 4
742, 1877
744, 1966
2233, 36935
7320, 11
1989, 28257
2234, 32878
2357, 31763
12628, 1
2355, 31169
12859, 1
2586, 17079
2114, 18638
2283, 21695
2265, 18521
1688, 42902
11918, 1
1645, 66820
12216, 19
1943, 17099
2373, 45743
2670, 10599
11484, 1
1211, 201918
2420, 26324
2672, 11422
2424, 31527
1425, 35253
6512, 4
4586, 39
3090, 5263
6003, 18
916, 26807
10546, 2
273, 17249
66, 4455
250, 1024
24, 3140
5111, 51
309, 2433
3383, 1344
13525, 1
3252, 2891
3036, 5309
4682, 231
5874, 40
11060, 1
787, 6047
5866, 12
779, 6798
2854, 7696
4584, 86
10376, 2
103, 236
5190, 42
5951, 12
864, 2582
3394, 1684
3506, 1180
3512, 784
3513, 977
2205, 71163
3505, 958
5953, 11
11139, 1
866, 3151
3518, 736
5893, 10
11079, 13
806, 11643
4138, 305
6073, 22
986, 21405
3515, 1144
857, 4295
11112, 1
839, 12390
5926, 28
844, 4002
4170, 206
4171, 80
4168, 148
2499, 18780
4178, 199
3552, 717
3935, 337
3622, 528
4976, 39
2365, 54204
11562, 2
1289, 6168
3224, 2886
11570, 1
1297, 7244
1491, 16172
10337, 1
64, 32561
12404, 1
2131, 14300
768, 2346
5855, 16
1258, 6623
6345, 4
12282, 1
2009, 26193
3341, 1498
199, 230
10981, 1
708, 10087
5795, 95
1942, 19227
1298, 8566
537, 8196
331, 1827
10717, 1
444, 3063
594, 5279
610, 4423
5697, 11
3004, 5811
3172, 4658
345, 2284
5432, 20
658, 1822
510, 45471
801, 60477
11090, 1
817, 8406
670, 2482
11099, 13
826, 34299
10884, 1
611, 12152
890, 4883
3188, 4522
2989, 5531
3027, 5421
1291, 7303
2990, 5874
3279, 2907
2987, 4941
2361, 42299
2362, 49397
3258, 2834
13231, 1
2958, 5670
13227, 3
2954, 5967
2952, 5046
2951, 6061
2950, 6046
995, 1178533
2948, 5184
2936, 5970
788, 8835
2619, 12966
2929, 5122
12385, 2
2112, 14528
2061, 14422
2642, 12200
2924, 6770
3216, 3259
2749, 9802
2728, 9252
2082, 14294
2914, 5519
2901, 6157
2067, 15823
12994, 3
2721, 9950
2084, 12545
2870, 9378
2730, 8870
2868, 7929
2111, 15272
2046, 23107
7133, 13
3055, 5117
3021, 6798
3038, 6301
1572, 275743
1513, 13982
3026, 5842
2875, 7184
3207, 3354
3102, 6503
3195, 4181
3158, 4559
2646, 12340
12710, 3
2437, 27630
3187, 3899
11113, 1
840, 9970
5927, 43
834, 7371
3340, 2023
3286, 1834
1462, 22321
6549, 1
2032, 23119
2444, 36598
3184, 5024
3095, 5843
3091, 6033
3186, 3380
3174, 4346
1581, 207320
2079, 20780
2506, 18385
2039, 12389
7126, 8
12691, 1
2418, 27272
2075, 30967
2076, 35591
7163, 23
2094, 13668
2150, 11669
7237, 5
2149, 10514
3078, 5156
3246, 3441
11948, 1
1675, 50371
1674, 55465
6761, 3
2219, 28378
7306, 25
2474, 26347
2482, 23484
2491, 21938
2271, 19352
3137, 5027
1548, 125963
3226, 3271
3288, 2092
2300, 32255
2236, 27820
1803, 95548
1984, 21302
1231, 21483
6318, 17
1343, 31723
1961, 32048
1596, 39591
3133, 6324
3313, 1396
1460, 23275
592, 6811
2016, 23570
2024, 16386
985, 16739
6072, 9
3267, 2829
2359, 35437
3263, 2532
3266, 2343
2060, 13993
1318, 6742
13522, 2
3249, 2342
1851, 114226
1853, 113499
662, 2853
2714, 8897
3242, 3074
2821, 8246
2715, 11059
3254, 2781
13507, 3
3234, 3151
3257, 3597
3243, 3358
704, 5346
5791, 22
10713, 8
440, 23729
2183, 14727
10641, 1
368, 1748
10638, 1
365, 2717
741, 1953
5828, 11
738, 5457
10335, 3
62, 3212
3147, 5475
3799, 370
3742, 357
2584, 16586
2640, 10375
2635, 12582
12328, 1
2055, 23145
7142, 36
1980, 21554
2532, 16336
2570, 19905
1915, 29580
1325, 5990
6412, 23
12841, 1
2568, 16240
2501, 17348
11574, 5
1301, 7559
11573, 3
1300, 7041
1295, 7072
3265, 2951
2502, 20583
272, 19361
2500, 15991
10796, 9
523, 4533
568, 2443
2574, 18294
2481, 23238
2475, 21613
2569, 18435
2643, 11683
2571, 17367
1391, 20469
1593, 26463
12777, 3
2504, 18019
590, 2815
2007, 31887
2624, 14206
11605, 6
1332, 12881
1969, 15596
3642, 338
2512, 17069
2773, 7562
3112, 5329
6267, 14
1180, 13738
2759, 8707
3900, 331
458, 2142
3858, 306
13078, 4
2805, 9728
7892, 89
3933, 325
3841, 363
10753, 3
480, 86421
3687, 506
11067, 7
794, 34853
5881, 49
13808, 2
3535, 922
13741, 1
3468, 758
12260, 1
1987, 22635
3683, 373
3620, 469
3661, 526
2676, 12301
3397, 1000
3920, 335
13777, 3
3504, 1161
3660, 408
3674, 616
3688, 433
3671, 357
3539, 595
10322, 27
49, 8871
3429, 1074
3681, 468
3922, 275
3558, 888
3686, 629
3685, 416
580, 2230
5667, 6
3906, 368
3343, 1520
3691, 245
464, 3593
3901, 283
3446, 770
558, 2698
2810, 7456
3904, 352
2817, 9226
7904, 1
3903, 209
1302, 7955
2669, 10349
2684, 10269
1299, 6352
1957, 18311
3727, 575
13951, 12
3678, 784
3677, 302
2701, 9805
429, 18976
851, 10017
5938, 26
838, 12456
5925, 20
1990, 29369
772, 15084
5859, 7
13352, 1
3079, 4993
12986, 1
2713, 9339
13293, 3
3020, 6299
3762, 356
3082, 4636
3008, 6163
13283, 1
3010, 5660
3703, 373
1342, 35603
1326, 7497
1340, 15959
2606, 14762
3075, 5587
1383, 22375
2054, 33900
7141, 31
2005, 33205
7092, 12
2547, 20387
1911, 21716
3876, 208
718, 2792
2132, 10860
668, 2031
5755, 18
749, 1504
10976, 2
703, 7277
3080, 4982
12275, 1
2002, 21111
2686, 8815
2731, 8413
2761, 11408
2919, 4988
13086, 6
2813, 7484
2906, 5943
2869, 8358
2915, 5537
800, 115887
774, 7750
2476, 21879
2447, 26013
2314, 27323
1519, 33621
2907, 6972
2528, 20993
2044, 16125
3662, 361
2408, 31567
10776, 1
503, 5951
2422, 26082
2256, 17963
3713, 200
1334, 14906
6421, 8
11644, 4
1371, 20730
3085, 6962
2543, 16393
3000, 5358
3029, 4866
2969, 5495
3708, 312
12400, 6
2127, 12404
1178, 11211
2587, 16154
2576, 17909
2975, 5209
3643, 470
2937, 6052
2939, 6626
3641, 610
3635, 461
13569, 1
3296, 2179
3327, 2022
3314, 2239
3041, 6243
3025, 6556
3043, 6338
3033, 5958
13284, 5
3011, 5218
2250, 17859
2605, 14127
835, 6827
845, 6834
2417, 27400
12329, 1
2056, 17044
1379, 11151
6466, 10
10414, 5
141, 411
15501, 4
5228, 39
647, 2509
2472, 22903
3732, 435
591, 3808
2638, 10511
2537, 15662
2511, 15152
1583, 75847
2099, 15813
3136, 5753
2329, 44487
7416, 140
1347, 43402
6434, 19
2523, 22318
833, 20663
4867, 32
1657, 30659
1390, 16792
2647, 12546
717, 1930
2656, 11591
671, 2485
678, 1689
5765, 27
881, 4659
5968, 4
883, 3619
5970, 19
3769, 414
3144, 6544
12931, 3
2658, 14029
2498, 18594
2133, 10812
2072, 14793
2160, 8732
7247, 79
12925, 1
2652, 12218
3003, 5795
3064, 6955
3069, 5472
709, 17097
1976, 13924
12677, 4
2404, 36848
2607, 14125
7694, 4
1838, 113301
1974, 13852
2581, 17569
7668, 13
14034, 2
3761, 253
3695, 183
2898, 7099
631, 6174
2325, 31599
2434, 28082
855, 5381
2687, 12380
3739, 279
3097, 6174
2563, 16986
3753, 234
12304, 6
2031, 30195
2559, 16652
2560, 18006
2554, 19658
2913, 8838
12930, 2
2657, 13450
1652, 35701
3191, 3728
2694, 9486
12955, 1
2682, 12009
2621, 10751
2632, 11817
10568, 1
295, 2861
441, 29875
13394, 1
3121, 5872
146, 889
158, 1599
2604, 12718
2697, 8680
14080, 1
3807, 318
3811, 582
10577, 1
304, 6015
12932, 1
2659, 13130
3839, 415
2661, 12882
13317, 1
3044, 6247
3023, 6213
3209, 3785
1338, 11267
1988, 26830
2292, 69752
2043, 14171
2664, 12041
7751, 3
3853, 318
1392, 22911
2824, 8202
2654, 13183
2831, 7277
14127, 1
3854, 292
2610, 14211
2521, 24378
3298, 2155
2746, 8719
12616, 1
2343, 33875
7430, 8
2341, 31407
1979, 17117
2720, 8516
1305, 6929
2564, 18268
1312, 5208
859, 8862
5946, 8
2100, 13397
1337, 16015
3821, 291
13116, 1
2843, 8816
3042, 4772
2797, 9705
13064, 1
2791, 10575
2792, 8697
771, 6304
2588, 18027
1252, 37529
1328, 4388
6415, 11
13095, 2
2822, 8080
2814, 6459
3800, 341
3222, 3111
3181, 3515
2968, 5854
2977, 6254
3178, 4687
3375, 864
4459, 102
3378, 1051
3379, 1367
3198, 3171
3248, 3072
3058, 5800
4725, 30
3278, 3071
14017, 2
3744, 250
13310, 1
3037, 5360
3040, 4939
4485, 60
3049, 4960
3253, 2751
3050, 6403
13332, 2
3059, 5563
13158, 6
2885, 6345
3955, 801
3199, 4274
3232, 3720
2808, 8454
2807, 9467
3065, 5860
3238, 3350
4121, 758
3061, 6181
3244, 2904
4112, 330
11016, 8
743, 2513
499, 23074
5586, 76
2877, 5885
3005, 4985
2879, 7055
2904, 8167
3161, 3659
3154, 4686
2911, 6024
3013, 5478
754, 3792
5841, 18
2628, 10625
3014, 4969
12350, 2
2077, 34910
2928, 5870
3012, 6000
2947, 6007
2940, 7857
11059, 1
786, 34441
5873, 5
2925, 7392
2927, 6512
2855, 8492
2655, 12566
13149, 1
2876, 7636
2878, 7871
2930, 5187
2864, 8840
2645, 11877
2887, 7414
2903, 5693
2923, 8163
13190, 2
2917, 7047
2756, 9696
13266, 1
2993, 6707
2980, 6350
2874, 6549
13240, 1
2967, 6524
3053, 5033
2982, 5311
3130, 4816
3225, 4323
2553, 20777
3034, 4964
8121, 7
2996, 6123
2557, 18453
3917, 371
2781, 8214
3400, 1087
3936, 329
3396, 2051
3389, 1631
739, 3671
2593, 15948
2525, 21735
3228, 3077
2633, 11149
759, 1366
707, 40977
3067, 7297
3127, 4641
3260, 3244
3018, 5888
3256, 3167
3106, 5775
3125, 4139
3109, 6221
3117, 4851
736, 4831
5823, 39
11048, 2
775, 65638
2062, 15745
3971, 192
3167, 4036
3415, 1414
3943, 256
3944, 314
12954, 1
2681, 10942
2668, 10768
322, 6007
2415, 32369
3443, 1069
3148, 5311
3447, 1213
3444, 1106
3377, 1454
4153, 276
528, 21897
12792, 4
2519, 21427
2671, 11273
2678, 11338
3318, 1893
11125, 1
852, 7492
221, 49078
10603, 6
330, 1108
10906, 2
633, 3830
643, 18277
10923, 2
650, 4195
649, 3494
856, 3556
2479, 24276
1287, 6693
6374, 4
3364, 1220
2767, 8294
3317, 1817
3315, 2088
3236, 2871
2637, 12554
3345, 1806
3306, 2214
10528, 1
255, 456
12900, 1
2627, 12007
3275, 2353
3028, 5468
609, 2360
2962, 5980
2943, 6331
763, 4368
760, 1485
5847, 9
3380, 1445
4013, 358
777, 7202
3175, 3874
3979, 292
13449, 3
3176, 4231
3403, 982
3189, 3789
3357, 1459
3182, 3578
4162, 122
3190, 3425
4014, 387
3793, 431
11068, 1
795, 43650
5882, 26
11066, 4
793, 43838
815, 7286
219, 1685
789, 12235
2704, 11295
603, 6696
636, 2523
223, 837
5310, 66
10387, 4
114, 1050
2988, 6548
12938, 2
2665, 10941
2626, 11096
2742, 9429
2765, 8447
2653, 12040
2683, 10539
2918, 5397
13085, 1
2812, 9046
2905, 6145
2839, 8204
2816, 9303
2815, 9003
2737, 7850
2738, 9097
2740, 11201
2857, 7858
4027, 315
3374, 1302
4012, 528
13634, 4
3361, 1400
3498, 854
2882, 6220
3417, 1018
3406, 1167
3006, 4986
2956, 5524
3141, 6010
599, 2970
12244, 4
1971, 19935
13093, 1
2820, 9967
2998, 6826
3015, 6732
2538, 16729
2531, 17570
3002, 5565
159, 434
3048, 4342
2650, 14909
3387, 1200
13327, 3
3054, 6006
2889, 7794
10593, 2
320, 12586
2663, 12884
2421, 27029
4003, 395
3999, 509
198, 2763
3366, 989
3997, 262
3995, 467
3950, 303
4000, 346
11063, 1
790, 36370
3592, 593
3993, 339
3991, 238
818, 8803
3328, 1730
13436, 1
3163, 3994
3474, 886
3801, 508
3869, 543
2946, 5693
13218, 1
2945, 6556
2955, 6992
3866, 235
13254, 6
2981, 6814
3584, 785
3864, 340
3863, 300
3804, 289
162, 163
4939, 61
104, 4335
3371, 1229
555, 3619
3487, 1123
3119, 5687
2698, 8925
3825, 287
4076, 199
12982, 2
2709, 13019
2997, 6314
2960, 6186
3391, 1106
2840, 9143
3689, 330
8776, 3
3089, 6083
2873, 6313
3007, 6380
3777, 343
3281, 2373
2900, 6236
2899, 7171
2895, 6676
2883, 8097
4083, 346
13135, 7
2862, 7865
2884, 7704
504, 6988
3129, 4937
3115, 5066
13399, 2
3126, 5363
2909, 5239
2696, 11412
3124, 5704
3145, 5810
3384, 1393
3108, 5685
3151, 4651
3070, 5963
3469, 728
10336, 17
63, 5374
305, 2844
3419, 1189
3774, 285
3766, 253
3491, 723
3128, 5617
2674, 12682
3773, 222
3177, 3922
3131, 4736
3495, 1003
4124, 358
3522, 918
3166, 3838
2775, 10213
2762, 6759
2776, 6894
4181, 145
2777, 9808
2667, 10296
3575, 807
14059, 4
3786, 409
3464, 789
2778, 7889
2729, 8808
2757, 9721
1659, 29561
276, 29477
13057, 1
2784, 8113
3479, 842
3239, 2659
598, 2638
1322, 7194
2798, 9787
3563, 767
4172, 180
3559, 544
3555, 708
2838, 8322
3557, 489
2634, 11444
2894, 5952
3304, 2166
2508, 16651
3292, 2273
3290, 2378
10660, 36
387, 15756
3604, 657
3923, 316
2695, 9007
3565, 670
3452, 1080
3829, 355
3335, 1523
3812, 355
10852, 1
579, 3527
3820, 275
3329, 1651
3333, 1666
2796, 9825
3925, 205
2832, 10329
2896, 6745
2865, 8350
2770, 8451
11026, 1
753, 4068
5840, 7
2510, 17752
7597, 21
2660, 10824
3850, 235
2970, 6378
3577, 461
3603, 885
3637, 535
3846, 383
3720, 229
3499, 597
2973, 6667
679, 2641
3348, 1778
2772, 7793
3611, 460
2780, 8287
3490, 1238
2562, 17043
3564, 712
3819, 261
3084, 5854
3824, 324
14009, 14
3736, 534
2908, 5908
3644, 270
3940, 376
3639, 453
3861, 232
2846, 9914
10586, 1
313, 2553
2788, 8792
2763, 9154
3614, 555
2888, 6014
2790, 7647
3235, 3802
608, 2674
5695, 37
3462, 1126
13870, 1
3597, 738
3602, 654
13345, 2
3072, 6141
3589, 589
3591, 718
3899, 282
2842, 8250
3600, 539
3760, 348
3616, 513
3609, 561
4212, 170
3615, 408
3898, 247
3628, 400
3897, 355
13907, 8
3634, 479
425, 3925
5512, 21
3409, 1025
3619, 720
747, 1573
497, 8284
2836, 7128
2750, 9595
3101, 5014
3099, 5263
13222, 1
2949, 6155
2966, 6671
2802, 7457
2648, 11827
3123, 5102
3171, 3912
13101, 1
2828, 7905
3111, 7247
1327, 5701
3653, 485
2774, 8217
214, 696
5301, 16
3103, 6754
3815, 344
3532, 731
3747, 381
3957, 344
3752, 276
3961, 261
3165, 4449
3910, 353
2636, 11226
3164, 5275
3934, 213
3245, 3270
601, 4599
3213, 3135
740, 1703
748, 1833
3896, 337
3894, 256
3805, 273
3571, 494
14087, 1
3814, 274
3024, 6144
3538, 696
3612, 540
3835, 416
3837, 571
3891, 261
3838, 583
3847, 312
3062, 4813
3063, 5962
2734, 9647
3432, 950
3748, 324
13026, 1
2753, 9444
3954, 310
3307, 1960
3790, 362
3789, 363
3607, 671
3057, 5636
3051, 5713
3893, 282
3892, 420
14163, 1
3890, 266
99, 12396
5186, 31
10374, 15
101, 4820
5188, 22
13807, 1
3534, 779
2859, 8145
3372, 1305
3261, 2433
778, 4172
3889, 339
13356, 1
3083, 7035
2922, 6620
2921, 6815
3201, 4535
2786, 10385
2961, 5329
2809, 9540
13694, 1
3421, 914
13100, 1
2827, 9122
2938, 6204
3143, 5169
3139, 6101
3088, 5455
3105, 5033
3107, 5144
3081, 5881
3077, 6250
3407, 1413
3086, 5664
3382, 1207
3381, 1222
3312, 2288
757, 2092
3481, 798
11008, 1
735, 5819
3402, 1354
3875, 370
3220, 3867
4264, 127
2754, 8935
3323, 1609
3219, 3609
3827, 384
14141, 1
3868, 276
3138, 4383
161, 198
5248, 99
10430, 2
157, 853
3413, 1280
3142, 4986
4296, 208
3873, 337
3076, 5380
3870, 501
3503, 1014
4161, 196
3879, 275
4156, 191
4150, 547
4155, 315
4151, 169
10400, 1
127, 184
4147, 365
3928, 413
4502, 106
3598, 733
3030, 6098
3392, 1145
3405, 1139
3150, 4377
4127, 249
3596, 450
3585, 512
2852, 8141
2851, 7976
3595, 504
3590, 571
3587, 851
3624, 333
10771, 4
498, 12409
5585, 19
3350, 1363
3573, 484
2825, 8894
3947, 369
3606, 422
13476, 2
3203, 4516
13452, 1
3179, 4217
10936, 1
663, 2439
5750, 24
3425, 780
3152, 5116
3149, 5358
3153, 4322
3160, 4287
3996, 518
3951, 285
3241, 3377
3159, 4419
3168, 4651
3441, 908
3410, 1053
3442, 851
3214, 4005
3411, 958
4109, 532
3567, 820
14316, 8
4043, 354
4073, 432
3346, 1594
3439, 953
13055, 5
2782, 8864
3737, 410
3554, 924
3418, 1316
13815, 3
3542, 756
3467, 982
3031, 5699
3601, 532
3528, 937
13829, 1
3556, 608
3549, 639
872, 11891
5959, 28
3570, 890
3508, 639
3722, 830
556, 1387
4396, 65
3871, 448
3716, 338
3844, 312
3613, 291
4026, 518
3569, 606
8656, 4
3852, 272
3574, 586
4044, 601
3599, 939
4015, 185
3867, 329
336, 1369
4393, 125
3404, 1560
3233, 3468
3237, 3034
4106, 204
3486, 789
3016, 5906
3019, 5722
3701, 376
4063, 356
2793, 9980
13159, 3
2886, 5704
3230, 3216
3796, 329
3227, 3804
3992, 286
4417, 110
10933, 11
660, 1939
4101, 556
249, 3162
2934, 6465
3757, 324
10428, 1
155, 1246
4105, 236
3071, 6538
2779, 7226
2800, 8463
2156, 9728
3056, 6709
2994, 5673
2957, 6548
3887, 326
3180, 4229
3886, 335
14221, 3
3948, 386
3885, 556
4404, 261
14363, 2
4090, 224
3942, 370
3074, 4799
3113, 4812
3093, 5841
3110, 7186
3740, 302
3277, 2750
3914, 265
14028, 3
3755, 336
3965, 295
3823, 334
3883, 266
4139, 188
4430, 83
3276, 2646
3912, 246
3202, 3996
3272, 3133
13477, 1
3204, 4381
3797, 387
14280, 1
4007, 399
3303, 2626
3308, 2317
4143, 211
3924, 291
3946, 448
13099, 1
2826, 9809
3998, 404
4201, 165
3851, 354
2830, 8725
2787, 8959
3349, 1253
3857, 203
3962, 195
256, 803
2783, 8591
13118, 3
2845, 6982
4154, 270
2758, 9819
4075, 208
2880, 6336
133, 141
5220, 26
10939, 1
666, 3754
3973, 319
4176, 139
3134, 5842
4158, 218
2769, 8260
3895, 554
3363, 1108
3884, 313
4439, 120
3987, 160
2902, 5477
4131, 461
4166, 285
3324, 1536
3945, 244
3632, 675
2662, 11017
4051, 276
3395, 1050
13236, 18
2963, 6292
4118, 292
3909, 187
3911, 303
2931, 4928
4136, 216
13215, 1
2942, 6689
2858, 8886
2850, 7993
2881, 6629
3915, 217
3916, 457
2794, 7460
2912, 7015
4035, 318
4041, 256
2848, 8879
4123, 351
4029, 254
3529, 945
4065, 175
4226, 146
3431, 1078
217, 1528
5304, 14
224, 1295
5311, 36
3423, 883
3211, 3240
3087, 5765
3367, 1197
3533, 522
4135, 327
3420, 1349
3741, 404
3422, 1056
3416, 1105
13687, 1
3414, 1350
3284, 2821
13566, 2
3293, 2230
2847, 7865
3274, 2293
2801, 8131
2974, 5971
3299, 2504
10930, 1
657, 2573
5744, 13
2964, 5763
3289, 2405
3321, 1799
3331, 1668
3287, 1922
2844, 8728
4031, 267
4047, 258
2941, 7142
3514, 1071
3520, 716
3967, 324
3918, 446
4140, 220
3659, 677
4141, 207
3271, 2087
3913, 278
2841, 8985
4132, 406
4134, 300
4336, 143
4293, 183
3461, 1038
10495, 1
222, 2729
5309, 30
3907, 348
3751, 280
3902, 279
4547, 77
4560, 49
10614, 1
341, 2355
139, 27386
2971, 6020
13129, 1
2856, 8333
3336, 1597
2891, 5571
2991, 7171
3060, 5223
3116, 5742
3155, 5012
3840, 390
3326, 2146
4045, 358
14118, 1
3845, 254
3334, 1380
3270, 2661
4287, 198
3200, 3542
3162, 4650
13430, 1
3157, 4583
3880, 408
3146, 4719
3193, 3396
659, 1725
5746, 14
3654, 545
4271, 255
3437, 1033
4070, 191
4072, 440
4261, 108
4283, 158
3980, 359
4342, 158
4321, 186
3017, 6644
3359, 1901
3351, 1409
13615, 1
3342, 2119
854, 5685
3771, 267
3970, 321
4125, 401
3849, 243
4448, 254
4357, 163
3393, 1220
4006, 295
14563, 1
4290, 137
3656, 410
8743, 3
3454, 1023
14344, 1
4071, 494
4103, 281
3424, 1171
3877, 292
3881, 403
3385, 1091
3767, 356
4049, 238
3749, 338
3756, 355
3743, 310
3745, 486
4907, 43
4337, 219
4508, 169
2853, 8328
2920, 6067
2893, 8322
3638, 322
3974, 369
3919, 315
4111, 492
3032, 6267
4040, 195
4104, 310
13504, 3
3231, 3163
4365, 141
3968, 294
3259, 2456
3264, 2998
3114, 6082
3194, 4165
4330, 277
4476, 45
4115, 266
3707, 345
13610, 2
3337, 1700
3250, 2122
2799, 7759
10409, 6
136, 240
5223, 8
3046, 6397
3206, 3949
13481, 13
3208, 4470
3205, 4191
3221, 3665
3268, 1694
3212, 3099
448, 2668
3223, 3985
2976, 4971
13139, 17
2866, 8001
2760, 6724
2861, 7038
2890, 7357
13208, 1
2935, 6405
2910, 5809
4469, 43
4077, 338
4413, 79
3073, 5096
4397, 127
3300, 1997
4133, 320
4021, 390
4382, 158
4386, 85
3360, 1009
4086, 337
3255, 2580
3355, 1356
3311, 1664
4922, 62
3369, 1286
3262, 2583
4346, 110
4405, 137
2803, 7219
3332, 1963
14626, 1
4353, 138
4420, 45
3338, 1770
3122, 5605
3273, 2546
2806, 8139
3978, 265
4569, 101
4563, 95
3986, 248
3983, 234
4566, 77
3990, 216
225, 758
3291, 2631
10404, 8
131, 910
5218, 71
5086, 12
3294, 2781
4416, 157
13325, 1
3052, 6067
3285, 2548
3949, 260
3765, 225
3952, 425
2926, 5703
3305, 1784
3045, 5386
4114, 301
4580, 116
13617, 5
3344, 1505
2984, 7154
3320, 1863
3921, 340
4808, 40
4415, 147
3958, 195
3525, 838
3536, 674
14237, 1
3964, 318
3562, 711
8649, 18
3856, 267
3650, 512
2833, 7863
3657, 492
4186, 182
4189, 160
4620, 58
4231, 254
3456, 878
14748, 3
4475, 43
14502, 1
4229, 133
4221, 134
4578, 43
4307, 153
4057, 280
3593, 492
4062, 387
4167, 174
3476, 842
3874, 377
3251, 3318
3483, 777
3775, 399
3843, 597
770, 4948
5857, 20
3816, 510
3120, 6399
3731, 468
3725, 385
3733, 320
3735, 431
4604, 29
3581, 678
3572, 580
4544, 33
4345, 247
3412, 1220
4175, 235
3625, 912
10725, 13
452, 3248
5539, 22
3605, 473
4343, 108
3667, 315
4301, 181
3629, 431
3623, 555
4220, 150
13904, 1
3631, 546
3647, 371
4633, 46
3516, 746
13899, 2
3626, 445
4020, 333
667, 18914
5754, 9
3956, 367
4516, 67
4022, 395
669, 1123
2863, 8445
3185, 4387
126, 568
4329, 128
2953, 5826
3094, 6976
3096, 5858
3989, 285
3301, 2043
4004, 222
3878, 327
4327, 107
14132, 1
3859, 278
3297, 2659
4276, 211
3778, 344
4605, 48
2823, 9671
4286, 223
13738, 1
3465, 942
14283, 2
4010, 399
4320, 156
4617, 78
4269, 134
4023, 324
4225, 93
4658, 97
14323, 2
4050, 244
4540, 104
3401, 1393
4267, 200
4272, 106
3197, 3083
4038, 309
13663, 3
3390, 1198
3489, 1113
4039, 199
4354, 270
3368, 1308
3450, 1156
3098, 5969
2819, 9988
7906, 7
3269, 2101
3118, 5429
14805, 1
4532, 56
4295, 83
4632, 69
4292, 138
3132, 5061
4341, 90
4542, 77
3994, 327
4574, 43
4636, 45
3438, 798
13377, 1
3104, 6741
4666, 39
3434, 1038
4896, 42
4033, 333
2811, 9330
4368, 86
13733, 17
3460, 1013
4304, 71
13643, 1
3370, 1886
3453, 1053
3427, 1245
4018, 384
13165, 2
2892, 7190
3430, 1004
4535, 57
4074, 360
3386, 1728
4017, 283
5037, 67
5039, 53
3649, 383
4064, 200
3721, 295
4381, 230
3511, 686
4102, 172
4066, 416
4078, 197
3665, 362
4401, 67
607, 3047
5694, 47
10493, 1
220, 3558
3519, 674
4095, 254
4324, 158
3183, 3970
4441, 119
3768, 289
4588, 33
4395, 46
4120, 284
2932, 5594
769, 4177
145, 132
4536, 68
4042, 308
10488, 2
215, 1364
5302, 10
4037, 281
3066, 6022
5001, 48
4977, 26
5011, 27
5012, 34
4901, 43
5008, 43
5018, 30
5021, 18
4130, 242
3488, 1102
4119, 317
4515, 73
2944, 6847
4995, 44
4129, 229
3676, 569
4859, 27
3507, 1099
4504, 81
4701, 89
4385, 99
5046, 61
3931, 511
5047, 66
4587, 40
4145, 263
4185, 150
4152, 376
4495, 112
4499, 88
4465, 49
4466, 151
4921, 47
4497, 188
3772, 296
3373, 1127
4298, 225
4089, 261
4832, 43
4028, 283
4024, 298
3969, 288
4107, 161
4108, 427
4820, 84
4305, 341
3196, 4530
3580, 524
3560, 786
3517, 622
4457, 127
4822, 77
3135, 4474
3339, 1659
4194, 386
4192, 127
4461, 93
4355, 192
4373, 135
4833, 47
4825, 78
4452, 81
4839, 67
3694, 388
3692, 380
4447, 110
4912, 69
3719, 515
3718, 589
4409, 209
3699, 494
13971, 1
3698, 413
4402, 150
4473, 235
4367, 181
4460, 134
4423, 119
3937, 306
4983, 21
4678, 69
4880, 72
4872, 80
4866, 106
4091, 204
3905, 179
4877, 31
4894, 36
4411, 97
4858, 45
3982, 237
4818, 35
4222, 229
4789, 71
4597, 58
4776, 67
4780, 90
4768, 49
4775, 85
4771, 50
4942, 42
4782, 118
4781, 62
5247, 20
160, 266
4596, 193
4389, 51
4777, 78
4173, 196
680, 1540
5767, 11
10489, 1
216, 828
4930, 35
4973, 69
4929, 57
4177, 247
4767, 27
5054, 44
106, 834
5079, 44
5063, 23
4952, 41
5051, 80
5049, 34
4675, 83
4959, 102
4203, 85
5050, 230
4714, 34
4980, 34
4985, 72
4994, 38
5043, 44
5041, 82
5042, 40
5070, 24
5072, 25
5085, 30
3322, 2081
3330, 1831
2849, 7382
3319, 2364
5081, 57
5045, 67
5044, 20
5048, 84
5062, 17
5067, 57
3795, 450
4886, 81
97, 289
4879, 42
5019, 21
5038, 78
5015, 48
3541, 564
4067, 283
3763, 504
4068, 401
76, 333
3648, 392
3941, 353
3578, 474
109, 244
5196, 114
3668, 583
3579, 555
3586, 928
3981, 292
2979, 6447
13272, 1
2999, 6114
13957, 7
3684, 305
3714, 217
3728, 278
3750, 254
3712, 279
3715, 327
13816, 2
3543, 805
2933, 6397
13996, 2
3723, 574
3617, 423
3710, 352
3673, 318
3776, 302
3770, 276
3882, 345
4036, 209
13769, 2
3496, 744
3526, 515
4084, 183
4019, 416
4128, 323
4055, 254
4137, 362
4046, 389
4011, 416
3636, 398
3645, 441
8732, 2
4144, 240
13490, 2
3217, 3947
4218, 185
4157, 193
3408, 1273
3282, 2303
4165, 278
4193, 87
3455, 819
4205, 159
3485, 939
3100, 5463
4528, 56
3039, 5242
14564, 1
4291, 153
4191, 166
14585, 1
4312, 189
4245, 144
3436, 1006
4278, 99
3428, 1137
4314, 125
4243, 166
4257, 169
3470, 940
3309, 1938
13746, 1
3473, 921
3433, 1031
3492, 804
4279, 229
3502, 747
4311, 95
3501, 1057
3500, 1021
4284, 204
3566, 789
4280, 144
4265, 73
4270, 162
4246, 145
4244, 207
4253, 137
4275, 217
4277, 281
4208, 199
4202, 200
13834, 1
3561, 587
3295, 2316
3646, 385
4414, 168
3658, 358
3784, 257
3675, 307
4438, 113
4410, 252
3679, 379
3426, 1210
3435, 975
3482, 682
3664, 424
3666, 571
3693, 380
3738, 387
3696, 295
3700, 445
3836, 348
3669, 598
3655, 349
8742, 15
3140, 6263
3651, 414
3047, 5429
14211, 1
3938, 541
4496, 98
3781, 274
3888, 408
3842, 306
3791, 264
4543, 49
3706, 314
4489, 103
3959, 375
3352, 1631
3280, 2817
3865, 292
4518, 46
3818, 202
3627, 439
3984, 281
4525, 84
4537, 58
3459, 608
3826, 326
4558, 63
3477, 1229
4595, 131
4562, 65
13826, 2
3553, 801
3988, 192
3927, 226
4549, 91
3302, 2340
3068, 5731
3347, 1768
3353, 1934
4548, 94
4570, 112
4593, 36
14818, 1
4545, 91
4581, 96
3930, 313
4585, 83
3872, 397
4624, 57
595, 3318
4622, 113
4618, 102
3448, 877
4616, 124
4009, 332
3618, 647
8705, 1
3547, 594
4289, 237
4252, 98
4001, 334
138, 89
4614, 162
3540, 646
3690, 505
3524, 854
3544, 736
3822, 432
4204, 198
3709, 492
3939, 419
4299, 136
4621, 64
4407, 326
4379, 97
3758, 214
3478, 813
3717, 379
4371, 54
4372, 121
4294, 119
3833, 386
3855, 273
4827, 53
4319, 112
3830, 551
4318, 151
4322, 235
4864, 52
3963, 293
4326, 76
4846, 29
14606, 1
4333, 229
4390, 86
4061, 190
4094, 253
10344, 6
71, 913
3310, 1694
3170, 4159
4087, 279
4463, 56
4427, 119
3445, 1021
4196, 104
3568, 831
4056, 454
4126, 127
4359, 98
4358, 90
3908, 330
4899, 34
4351, 136
4349, 68
3976, 271
3156, 5013
4088, 492
3977, 221
4889, 18
4887, 49
4898, 50
4900, 12
4370, 135
4860, 76
14722, 1
4449, 78
4234, 149
14719, 3
4446, 148
4740, 87
3806, 262
5055, 51
13766, 1
3493, 809
3494, 792
4369, 97
4348, 67
3240, 3315
3475, 1000
3521, 793
13796, 1
3523, 766
3530, 752
4491, 50
4313, 160
4652, 107
3621, 432
3734, 355
4309, 119
3764, 241
4435, 75
4685, 69
4487, 147
4454, 40
3782, 317
3860, 323
3247, 2887
14248, 1
3975, 271
4443, 162
4674, 111
4668, 41
4646, 48
4524, 77
3354, 1288
4432, 93
5028, 38
5033, 52
4209, 121
5035, 30
4211, 156
5029, 16
4848, 56
5023, 24
5025, 33
5031, 70
4986, 21
4975, 144
4249, 113
4672, 52
4791, 36
4852, 42
4804, 40
4680, 37
3550, 672
3831, 255
3537, 668
3546, 642
3640, 386
4844, 42
4240, 142
4770, 63
4242, 123
4870, 57
4207, 253
4184, 414
4695, 78
3803, 401
3726, 466
4254, 72
3527, 843
3551, 717
14486, 2
4213, 135
4116, 343
3711, 328
3697, 243
4117, 334
14576, 1
4303, 131
4779, 51
4099, 253
4807, 24
3985, 131
4282, 220
4759, 45
4285, 238
4837, 32
4142, 370
4079, 391
4217, 90
14289, 1
4016, 357
4258, 179
4198, 197
4332, 142
4746, 78
4199, 123
4263, 124
4716, 88
4765, 146
4753, 73
4691, 42
4727, 74
4728, 48
4712, 86
4514, 106
8767, 8
8739, 4
3652, 438
4805, 87
4802, 70
4812, 48
4399, 119
4857, 57
134, 170
4601, 71
4573, 52
4793, 47
