7991, 2
7598, 1
7972, 1
8658, 4
8577, 25
7236, 1
7883, 1
7414, 2
7818, 1
8586, 8
7781, 4
8521, 3
8158, 2
7616, 2
8152, 2
7609, 2
7211, 1
8296, 25
8566, 31
7947, 2
6947, 4
8209, 1
8453, 1
7245, 14
8072, 4
7575, 6
7736, 3
7732, 3
8270, 3
8147, 8
8356, 1
8478, 1
8248, 3
8294, 3
7953, 1
7882, 3
8187, 15
7648, 3
8804, 5
7560, 5
8029, 3
7684, 1
7420, 6
7445, 1
6732, 2
7810, 2
6933, 2
7458, 9
7623, 5
7580, 3
6889, 7
7259, 2
7504, 3
6895, 9
7750, 1
7433, 7
6939, 1
7323, 6
7194, 17
7636, 4
7372, 25
6986, 2
7261, 2
8045, 11
10187, 2
7200, 32
10190, 1
7378, 6
9180, 9
7429, 3
7907, 2
8838, 3
7825, 9
8101, 2
8862, 3
8714, 1
10099, 1
10225, 5
10064, 2
10227, 1
10072, 1
10081, 20
10078, 3
9011, 1
10052, 4
10218, 4
10269, 2
10047, 2
10046, 1
9996, 3
10208, 5
9878, 2
10041, 1
10174, 2
10003, 1
10173, 1
10134, 5
10146, 4
9617, 1
10237, 11
10238, 5
9841, 2
10166, 1
8260, 2
10164, 79
10233, 3
10161, 20
9649, 1
9747, 3
9792, 1
9787, 2
9655, 2
9775, 1
10184, 1
9777, 1
9766, 8
9913, 5
9719, 6
9720, 17
9761, 2
9639, 2
9644, 2
9688, 10
10183, 3
9518, 2
9542, 1
9554, 1
9730, 164
9632, 1
9648, 2
9646, 1
9611, 2
9652, 4
9695, 2
8572, 1
9453, 3
9434, 13
9721, 2
9664, 2
9624, 1
9658, 2
9636, 2
9019, 1
9716, 12
8717, 51
9555, 1
9635, 3
10181, 5
9592, 3
9597, 2
9594, 8
9552, 40
9529, 11
9251, 1
9391, 2
9725, 7
9362, 2
9726, 61
9498, 2
10247, 3
9629, 2
9627, 2
9642, 10
7571, 6
10189, 1
9827, 2
7097, 3
7416, 2
9277, 5
10124, 9
8701, 1
9712, 9
9152, 1
10244, 2
10245, 1
10145, 6
10168, 3
10067, 6
10217, 11
8379, 2
9468, 4
9829, 2
9998, 1
7934, 9
7990, 10
9274, 25
9267, 6
8451, 2
9473, 2
8641, 1
9995, 5
8435, 1
8247, 5
8298, 1
7909, 11
8402, 14
9986, 5
9972, 1
8002, 1
9599, 3
10130, 1
9243, 4
9507, 1
9416, 1
10050, 2
7235, 1
6827, 3
9154, 2
9842, 5
9883, 3
8422, 3
8693, 22
8689, 9
8578, 3
8568, 1
8286, 2
6765, 22
6722, 1
7661, 12
8417, 9
7221, 2
8420, 2
10236, 6
6862, 21
7699, 4
7635, 1
7633, 2
7631, 2
8371, 1
8213, 11
8236, 4
7897, 5
10038, 1
7804, 9
6397, 11
7314, 9
6967, 3
8108, 2
8240, 5
8249, 2
8135, 1
7219, 7
7217, 4
8550, 18
9616, 4
8194, 2
8546, 4
8199, 5
7915, 1
8459, 28
9815, 1
7688, 19
7552, 1
7506, 6
7549, 1
7667, 10
8686, 8
8120, 5
8503, 4
8046, 12
8580, 16
8017, 6
10215, 4
10210, 4
6699, 2
7898, 12
8570, 13
10031, 1
7169, 3
9951, 2
9949, 4
7887, 10
7960, 27
7952, 11
8522, 10
9983, 4
8311, 1
8359, 1
7927, 10
8081, 2
8244, 8
7625, 5
7509, 29
7517, 3
7475, 13
8302, 2
8508, 8
7993, 2
6772, 5
9723, 10
7940, 7
7755, 10
9558, 1
7961, 5
8251, 26
8243, 5
8253, 9
9580, 2
7700, 4
7894, 3
7447, 3
7901, 9
7612, 3
8446, 3
9937, 1
7701, 6
8018, 1
8191, 3
7030, 3
8277, 5
8098, 1
7767, 62
7900, 2
8214, 11
8193, 1
7629, 3
8162, 5
8153, 5
7602, 21
6876, 4
9516, 2
8266, 27
8258, 5
7505, 67
7705, 15
7797, 8
8136, 1
8428, 1
7535, 5
7418, 3
8141, 3
9882, 3
10056, 1
10057, 14
9682, 3
9683, 1
10007, 17
10010, 3
10004, 1
10016, 1
10012, 4
10021, 5
10024, 2
10019, 4
10011, 1
10022, 28
8280, 2
9317, 2
10040, 7
10034, 12
9420, 5
9495, 2
9358, 4
6941, 12
9421, 2
7873, 7
7769, 4
9494, 8
9431, 1
8732, 1
9341, 5
8171, 2
7249, 22
7083, 33
7095, 6
9515, 3
9711, 8
7595, 5
9287, 5
6914, 1
6893, 19
7149, 16
9681, 1
7570, 9
7751, 11
9689, 4
7439, 25
6255, 414
7478, 5
7823, 3
7546, 5
7983, 19
7430, 6
8073, 12
6900, 8
7626, 4
7634, 16
7376, 93
7446, 34
7838, 10
9933, 1
7437, 17
6483, 7
8013, 4
9330, 4
9641, 26
9634, 8
7798, 26
6412, 14
7480, 3
7227, 6
9651, 8
9336, 1
6729, 7
7370, 5
9560, 15
9559, 12
9595, 10
8697, 27
7500, 1
7496, 4
9939, 1
7764, 5
9198, 1
9200, 15
7703, 29
7419, 35
7652, 10
9296, 1
7462, 2
7707, 12
8475, 2
6938, 16
7813, 3
9228, 1
7205, 14
6254, 14
7811, 15
7106, 1
7182, 7
9295, 34
9281, 3
9297, 25
7628, 3
7744, 2
7730, 24
7772, 17
6927, 6
7187, 36
7021, 3
6891, 33
7031, 18
7467, 14
7726, 2
9239, 1
6710, 51
7415, 3
7569, 35
7073, 36
7005, 11
7670, 10
7087, 35
7367, 85
7461, 1
8940, 2
9526, 8
7690, 4
6658, 19
9151, 1
6590, 8
6879, 7
7543, 16
9069, 4
8477, 1
7472, 13
6417, 89
8967, 2
9087, 1
8929, 6
7590, 11
8927, 5
7502, 66
9240, 4
7605, 64
7479, 11
7611, 21
9234, 5
7313, 1
7206, 3
9307, 2
9305, 12
9471, 3
7485, 42
7534, 61
9304, 1
7649, 9
7464, 3
7081, 19
7586, 7
8274, 10
7585, 77
8799, 9
7499, 13
7587, 10
7538, 13
9326, 1
6031, 125
6940, 3
9043, 1
9045, 16
9099, 3
8869, 12
8879, 11
7453, 25
9889, 3
8276, 2
8271, 1
7368, 16
9042, 1
7250, 5
7197, 7
6971, 32
8288, 77
8293, 3
8916, 5
8183, 1
7344, 8
8292, 3
8291, 1
8181, 1
8290, 2
8180, 1
8179, 2
8178, 1
9472, 3
9133, 1
8778, 21
8783, 11
7277, 63
9482, 1
9057, 8
8998, 2
8737, 8
8698, 10
9324, 3
9467, 2
6692, 12
7134, 40
9067, 2
6973, 2
9006, 4
7266, 7
7321, 64
7334, 57
9062, 8
7326, 11
8792, 2
7096, 13
7048, 10
8744, 3
8745, 10
8724, 5
9081, 1
8709, 1
9065, 1
8584, 38
9500, 2
8588, 2
8666, 2
8859, 7
7615, 1
8105, 9
8114, 2
7836, 2
7413, 10
8398, 2
8363, 1
9825, 3
7895, 8
9880, 8
8525, 1
6459, 6
9063, 2
6410, 4
6655, 10
8684, 4
8675, 3
8443, 7
8601, 5
9183, 1
8647, 2
8897, 1
7829, 7
8592, 3
9488, 16
7820, 1
7884, 5
7878, 3
7881, 24
8771, 13
9111, 1
7657, 6
7658, 21
9150, 1
8516, 1
8817, 7
8555, 2
8444, 1
8805, 27
8372, 1
8369, 2
8374, 26
7562, 10
7373, 25
8281, 1
7501, 11
8573, 6
7339, 2
8439, 1
8433, 1
8196, 3
8438, 2
8441, 5
8426, 2
8727, 1
8368, 4
8532, 8
8230, 3
8237, 8
8227, 4
7497, 4
7253, 10
8262, 5
7483, 60
8395, 2
7284, 12
8824, 14
7630, 5
9367, 1
8354, 2
9085, 3
7792, 6
9370, 15
8184, 2
8022, 7
8265, 1
7107, 10
8319, 4
8404, 7
7360, 6
7355, 23
8346, 3
7371, 21
9392, 5
8304, 1
8307, 48
8091, 35
8217, 4
8004, 49
8467, 5
8396, 1
8001, 2
8399, 2
6952, 5
6845, 13
8129, 1
8229, 29
8123, 3
8019, 4
8009, 1
8020, 9
8154, 11
6576, 8
8021, 8
7924, 19
8358, 3
6656, 11
7828, 4
8044, 10
8047, 6
8321, 19
6695, 12
8382, 1
7992, 1
8030, 2
7746, 10
9073, 17
7554, 8
7555, 2
6525, 25
7542, 6
8143, 16
6835, 14
7539, 35
6509, 73
8295, 2
6421, 23
8056, 1
8436, 36
6415, 71
6409, 37
6479, 31
8499, 6
6478, 132
8507, 1
8337, 4
8283, 3
7584, 57
7591, 10
8670, 2
7058, 16
7752, 31
6458, 21
6686, 5
8330, 9
8301, 3
9366, 8
7057, 2
7622, 15
7075, 31
8512, 1
8726, 1
9136, 1
9140, 1
9064, 30
9139, 14
9131, 8
9078, 28
9082, 4
9012, 1
9021, 1
8933, 3
8936, 1
8939, 4
9056, 6
8956, 1
9083, 14
8715, 2
8657, 2
8643, 1
8469, 27
8023, 39
8161, 12
7984, 10
8130, 2
7674, 4
6861, 4
7659, 6
7977, 6
8138, 1
8025, 13
7665, 24
9369, 1
7996, 11
7056, 54
9758, 2
7132, 79
7982, 14
7049, 14
6958, 5
7115, 9
7231, 4
8336, 3
8026, 3
8333, 4
7308, 42
6597, 251
6585, 13
6529, 19
6527, 3
6534, 66
6600, 16
7258, 5
6583, 10
8419, 1
8087, 1
7243, 60
8192, 25
7651, 1
6701, 7
7039, 10
8772, 2
9373, 11
7777, 5
7679, 2
7685, 6
8938, 5
8242, 2
8063, 9
8113, 2
8465, 2
9308, 2
9419, 2
8785, 1
7945, 10
9174, 13
7178, 10
7392, 57
7397, 14
6814, 24
8740, 2
6963, 11
9376, 1
7452, 32
6607, 17
8036, 2
6896, 45
8034, 52
8983, 30
6937, 11
7410, 26
7564, 32
8860, 3
6003, 680
7195, 8
6004, 51
6841, 16
6039, 313
6832, 10
7214, 7
8750, 2
7507, 6
6837, 12
6720, 4
6719, 1
6150, 29
6155, 292
6149, 44
7642, 31
6755, 15
7875, 1
6565, 18
6678, 7
7118, 20
7487, 14
7663, 4
7486, 71
7473, 3
7450, 2
7484, 24
7733, 17
6438, 58
7050, 14
7741, 33
7405, 10
7347, 9
7442, 9
6357, 25
7226, 9
7377, 13
7185, 117
7176, 8
7662, 12
9338, 4
7465, 22
9360, 3
7514, 2
7269, 3
7492, 13
7307, 4
6961, 14
7488, 20
7252, 9
6599, 37
6648, 1
7365, 25
7391, 10
6909, 6
8851, 4
7402, 41
8636, 7
8978, 8
6753, 12
6823, 17
6694, 4
6671, 16
6231, 41
8813, 1
7468, 6
7385, 46
7380, 94
7449, 28
6843, 7
6524, 61
6540, 12
6531, 14
6490, 32
7141, 1
7091, 51
7337, 5
7789, 39
7783, 11
5536, 75
6883, 10
8991, 25
7246, 15
7771, 12
6863, 3
6859, 6
6828, 1
6830, 13
6898, 6
6901, 10
7248, 16
6289, 29
6234, 36
7490, 3
7351, 19
9354, 12
6485, 31
6297, 52
6922, 15
6944, 28
7466, 24
7498, 2
7399, 15
7401, 38
8848, 3
7315, 30
6716, 15
6709, 31
7395, 35
7386, 62
7613, 30
8896, 10
7387, 51
7593, 6
7354, 25
7607, 36
6549, 44
8798, 10
8560, 1
6977, 7
6842, 6
8562, 20
9351, 4
6966, 9
6950, 9
6535, 55
6888, 12
6246, 25
6899, 3
6244, 49
5922, 135
6555, 55
6838, 10
6500, 6
8537, 2
6731, 11
6476, 140
6847, 10
6460, 59
6746, 17
7653, 1
7143, 15
7139, 4
7146, 5
7427, 37
8603, 2
8595, 3
8552, 5
8631, 77
7092, 10
7098, 28
7133, 29
7110, 10
8625, 66
8849, 2
6502, 9
7572, 16
7162, 65
6489, 6
6584, 32
9300, 27
9291, 6
7491, 35
7100, 8
6239, 23
8604, 1
8802, 31
8651, 1
9294, 8
7099, 2
6439, 18
7457, 26
8367, 20
7451, 3
6867, 11
6325, 45
8527, 8
6871, 112
8619, 3
4732, 29
6866, 14
6264, 27
6005, 349
7002, 19
8787, 1
7424, 5
7283, 27
6954, 7
8222, 12
6775, 9
8605, 1
6251, 20
7375, 108
7196, 13
8905, 29
8894, 4
9289, 2
7183, 10
7180, 21
8606, 6
7186, 59
8547, 1
6542, 68
8549, 5
8590, 2
5240, 479
8083, 8
6670, 11
9233, 1
7279, 53
8610, 1
6463, 29
7242, 14
8739, 3
8531, 6
8579, 12
8529, 1
6873, 16
6826, 3
6623, 22
6874, 19
6875, 22
7156, 139
8533, 1
7084, 18
5256, 576
6589, 14
6515, 489
7151, 6
7223, 3
8111, 6
7161, 8
7164, 32
7062, 19
7012, 3
7013, 8
7007, 33
8523, 2
7152, 11
7148, 10
7234, 35
8887, 14
6924, 13
8845, 23
8511, 1
9272, 2
7181, 13
6564, 8
6915, 16
4521, 78
4155, 146
6885, 24
6839, 22
8534, 3
8536, 26
5290, 129
8115, 1
7935, 35
5531, 80
5903, 76
5462, 331
7932, 1
8448, 1
8551, 19
8545, 13
8393, 7
8285, 10
5821, 98
8418, 4
8408, 1
8389, 3
8411, 1
8388, 2
8410, 1
7448, 2
8476, 18
8460, 21
8544, 54
9230, 1
8543, 17
8364, 14
7922, 11
8010, 6
6819, 13
5519, 59
7230, 2
7708, 45
7706, 53
7702, 9
7709, 35
8008, 3
8585, 8
8064, 4
9110, 2
8587, 2
8245, 1
7600, 1
8107, 2
8220, 29
6571, 19
6570, 24
9165, 5
8252, 7
5658, 151
6714, 19
8261, 10
8228, 4
6041, 21
6043, 42
5986, 70
8189, 19
6437, 8
5972, 24
6010, 83
6073, 47
7553, 15
8306, 5
8005, 5
7508, 3
6271, 41
7997, 7
8205, 3
8201, 6
6682, 10
6145, 16
7966, 7
6631, 38
7493, 8
7970, 7
8331, 27
8322, 29
7432, 12
6464, 12
7762, 28
6533, 30
6539, 56
6544, 171
7393, 22
6026, 40
7425, 14
6278, 59
7257, 9
7382, 11
7381, 11
7135, 16
7434, 47
7431, 25
6225, 51
7193, 42
7441, 5
7440, 1
7443, 7
8233, 6
8239, 2
7827, 23
9163, 1
8238, 3
8234, 15
7917, 1
8215, 1
5405, 651
7919, 5
7890, 4
7928, 100
7933, 42
8000, 7
4471, 43
7760, 14
5524, 80
6466, 12
5527, 153
7272, 15
7929, 2
7256, 23
7247, 47
7267, 40
8119, 2
7650, 5
7225, 14
7359, 22
7363, 41
8474, 5
8082, 1
8614, 1
8616, 18
8075, 39
8621, 8
5589, 42
7870, 10
7988, 1
7958, 3
7908, 6
7989, 14
7899, 1
7978, 1
6852, 32
7852, 4
7937, 1
7959, 3
2693, 172
7876, 1
7374, 14
6920, 3
7014, 5
8984, 2
7063, 86
8127, 13
8385, 1
4515, 169
6962, 7
7637, 11
6992, 29
6983, 19
5761, 60
4553, 67
7943, 21
4510, 159
7886, 1
7885, 3
7955, 4
7029, 12
6955, 12
4687, 42
8104, 9
7034, 38
7173, 2
7787, 10
8106, 81
7489, 7
6640, 12
9144, 2
6532, 7
6932, 6
7426, 39
6931, 45
6872, 7
4590, 629
6855, 33
6840, 6
7244, 3
6577, 14
6573, 12
6834, 24
6558, 47
6831, 18
6824, 14
6550, 65
6556, 154
5793, 637
6822, 53
6295, 16
6346, 82
6241, 24
7776, 4
6084, 325
6280, 54
7822, 5
6290, 185
6252, 21
6250, 81
7994, 1
8365, 20
7737, 77
7052, 30
7717, 9
8554, 8
9013, 7
7481, 28
8352, 4
7698, 28
4765, 21
7987, 2
6327, 79
7366, 18
6638, 14
7459, 8
7456, 5
6319, 437
7358, 24
4603, 22
7389, 102
7390, 75
6059, 224
6075, 18
6090, 238
4738, 25
6538, 61
7026, 8
6277, 53
8904, 8
7199, 29
7191, 41
7188, 2
6342, 11
7454, 6
8725, 6
7336, 2
7748, 2
10241, 5
10226, 1
10201, 1
10204, 2
10158, 1
10153, 13
10261, 1
10265, 2
9175, 1
9080, 1
10118, 4
10212, 2
10224, 1
10116, 1
9982, 2
9961, 2
8224, 6
9722, 4
9809, 1
8093, 5
8092, 1
8391, 5
8173, 39
6736, 24
6465, 11
6934, 15
5781, 161
5823, 82
5728, 148
6089, 532
6128, 45
6581, 11
5749, 107
6587, 97
7319, 6
6526, 16
7528, 15
7520, 9
7043, 22
9732, 1
7524, 5
8122, 1
7521, 30
6414, 21
7001, 17
6980, 13
6023, 105
6423, 31
6905, 1
6903, 26
7008, 11
6902, 8
6012, 78
6427, 46
6481, 31
7519, 3
7127, 8
6025, 91
7518, 5
8198, 2
7123, 5
7620, 6
8235, 6
6328, 50
6332, 46
6330, 22
6620, 23
4390, 72
7038, 13
6748, 9
6942, 17
6029, 31
8144, 3
7463, 31
6592, 44
6575, 8
6568, 8
6614, 170
5591, 246
4517, 61
4506, 50
5567, 1020
6993, 32
7065, 8
7010, 31
6140, 19
6139, 97
7422, 3
6137, 58
8050, 9
4740, 44
6129, 99
6130, 24
6133, 55
6869, 36
6291, 70
6308, 42
6257, 327
6388, 38
6273, 24
6371, 19
6286, 713
6362, 26
6385, 329
6374, 69
6390, 56
8200, 1
6394, 147
6299, 68
6263, 26
6268, 27
6266, 17
6265, 43
6473, 29
6400, 128
6422, 19
6399, 31
7237, 5
7695, 7
6566, 5
7273, 13
7265, 2
9561, 2
7288, 20
6424, 35
6456, 8
6391, 356
6389, 302
6679, 11
8060, 4
8156, 43
8149, 14
8052, 7
8032, 2
6331, 40
5879, 28
5758, 986
7408, 218
8033, 2
7406, 21
7482, 5
8150, 26
7912, 11
6530, 6
7409, 30
7412, 28
7400, 39
7428, 42
6033, 73
7544, 5
3371, 533
7224, 1
5925, 79
6429, 18
6548, 77
6020, 106
6543, 38
5445, 149
7920, 2
7527, 12
9575, 10
7340, 20
6734, 8
9577, 5
7341, 74
6987, 14
6301, 156
5871, 99
5626, 234
5955, 113
5790, 337
7388, 113
5928, 60
5550, 85
6276, 14
5666, 482
6945, 83
7840, 7
5682, 193
5664, 726
7841, 6
6953, 5
6055, 65
5610, 179
6887, 8
6886, 14
6925, 63
6040, 68
5948, 112
5386, 598
9484, 2
6091, 187
10231, 5
5723, 163
4630, 64
6066, 71
7941, 3
6403, 7
7704, 33
7694, 22
7689, 21
6056, 156
6054, 47
7712, 6
7606, 15
7944, 40
7756, 20
4744, 35
7938, 3
5939, 126
5938, 122
4964, 125
5525, 56
6099, 141
10148, 7
4477, 211
6878, 33
6541, 54
7948, 3
5482, 66
5937, 62
7806, 1
7803, 15
7802, 2
7799, 31
7053, 65
5601, 94
5612, 633
5617, 271
5454, 266
5484, 162
5620, 1075
7785, 11
5613, 611
5648, 228
10142, 2
10098, 1
4192, 92
5756, 351
6588, 48
7557, 11
10102, 2
5943, 179
7714, 9
7753, 2
6998, 51
7041, 37
5694, 179
6013, 96
5951, 277
6651, 68
5411, 1325
6256, 233
6283, 39
7906, 10
6654, 19
6305, 18
7471, 28
6943, 6
7495, 13
5529, 92
9397, 1
9411, 1
7910, 17
5547, 112
10039, 8
10239, 7
6064, 77
7930, 24
7809, 6
6281, 75
6243, 63
6339, 156
7561, 33
6321, 58
6235, 26
6323, 115
6247, 58
10163, 47
6569, 31
6279, 205
7379, 41
10182, 36
7523, 77
7526, 20
9203, 4
7525, 7
7530, 48
10179, 2
9247, 5
7532, 27
5488, 262
5505, 115
4592, 89
7579, 8
7596, 18
6428, 52
6820, 8
4552, 220
6743, 13
3658, 296
3792, 298
7640, 7
5128, 228
6351, 19
9990, 1
7312, 25
7311, 91
5015, 87
9088, 2
6152, 89
7320, 5
7271, 12
6307, 183
6298, 7
6296, 64
6377, 38
6300, 179
7474, 6
4897, 43
10246, 8
7578, 4
5918, 87
7757, 17
7583, 10
9908, 2
7175, 8
6628, 23
6572, 59
4161, 58
7166, 25
7177, 14
6086, 208
7165, 83
7184, 63
6223, 32
6563, 17
5875, 159
6553, 85
5872, 43
7477, 12
7160, 5
7157, 35
6604, 25
7179, 36
4074, 202
5829, 37
6416, 25
6582, 36
5753, 194
5836, 93
5820, 76
7018, 18
5822, 62
7738, 28
5834, 103
7202, 7
4926, 155
7742, 27
7711, 46
7444, 44
7710, 14
5534, 189
5993, 237
5987, 43
7240, 2
7696, 7
7693, 11
5984, 48
7233, 24
6045, 38
6512, 25
5888, 109
6514, 242
6047, 25
5847, 110
6497, 16
6495, 19
5859, 96
7218, 7
6014, 35
5773, 73
7476, 72
7638, 13
7589, 6
7592, 28
7677, 121
7335, 20
6135, 166
7678, 47
6619, 55
6275, 106
6745, 36
7643, 10
6420, 9
6715, 25
10198, 11
10197, 13
7632, 15
6294, 17
7275, 5
5725, 147
9859, 8
5729, 60
6926, 44
6928, 37
4407, 69
6078, 61
6071, 156
6918, 28
6916, 7
6314, 177
6513, 22
6929, 78
6096, 183
7404, 23
6236, 103
6912, 5
7074, 42
6718, 13
6615, 51
6627, 53
6665, 9
6636, 75
6800, 187
6697, 11
6676, 20
6496, 62
6790, 21
6733, 11
6727, 3
6769, 15
6782, 7
6798, 486
6799, 110
5779, 135
5887, 100
5734, 61
7071, 32
6713, 97
7407, 35
6809, 18
6812, 6
6784, 15
6808, 5
7644, 37
7654, 4
6517, 21
6528, 7
6603, 43
6797, 15
7042, 50
7045, 36
7044, 34
7189, 54
6688, 80
6689, 22
7331, 17
5582, 243
6685, 152
6341, 57
6303, 128
6304, 142
6311, 43
6805, 147
7641, 21
2846, 159
10015, 10
10268, 7
7603, 18
6690, 22
6681, 20
9974, 6
7000, 24
6673, 70
7289, 7
9946, 2
7163, 13
10028, 2
10206, 8
6737, 8
6560, 18
9890, 1
8140, 2
9901, 22
7503, 13
6505, 58
10063, 31
9678, 7
9968, 1
9970, 18
9671, 4
9668, 6
9965, 6
9997, 2
8881, 2
10061, 13
6215, 100
7255, 56
7003, 17
8880, 82
8720, 2
4417, 94
8911, 5
9605, 8
6272, 33
9609, 4
6469, 14
9700, 4
6261, 24
6316, 327
6951, 69
6315, 54
6806, 74
6233, 83
6779, 40
6467, 29
6956, 4
6609, 16
6606, 29
6171, 76
6177, 34
6170, 95
6313, 64
9663, 2
2733, 157
8893, 17
9819, 1
10017, 4
9710, 1
10043, 170
6121, 62
10084, 9
9607, 4
4026, 112
7037, 20
5856, 107
3940, 151
9463, 2
9774, 5
6141, 37
9455, 2
5947, 61
9769, 4
5814, 125
6387, 575
9759, 1
5678, 79
5824, 71
5853, 438
6693, 29
5908, 52
9439, 2
5902, 194
5909, 182
5695, 130
5713, 99
6269, 19
6547, 121
6661, 35
4564, 143
6545, 56
5743, 55
5741, 369
5744, 390
6561, 16
6691, 68
6884, 33
6407, 76
6408, 13
8535, 7
6717, 30
6616, 72
9600, 2
9024, 7
6511, 24
8383, 2
9679, 3
6499, 16
6591, 60
9677, 4
6174, 92
6622, 115
8103, 5
6579, 86
9049, 19
10249, 3
6595, 612
5453, 212
5816, 148
9166, 1
3894, 63
3778, 228
6653, 106
3314, 1035
3780, 274
5437, 120
9072, 2
6580, 2
5901, 26
9767, 8
6639, 17
5676, 62
9108, 5
9158, 41
6068, 87
9824, 1
9153, 2
9148, 1
2799, 851
9037, 1
5452, 191
5330, 214
9035, 3
5083, 52
4484, 73
5895, 79
5896, 71
9549, 1
9768, 6
6018, 88
5563, 204
9086, 1
6034, 63
9038, 12
9084, 307
5562, 520
5701, 382
6021, 187
2980, 124
9828, 9
5363, 210
7957, 1
9312, 2
6551, 57
9795, 4
4464, 93
4472, 40
4466, 197
9323, 5
7975, 3
5864, 49
4753, 47
9211, 1
4697, 37
4596, 37
4668, 51
4097, 151
4704, 40
4739, 50
12865, 4
2592, 232
4436, 68
6442, 47
4531, 210
9402, 2
8941, 31
6447, 33
9002, 1
6449, 4
5815, 63
5293, 116
5630, 140
5615, 199
7862, 1
5813, 167
4867, 124
5812, 409
4539, 58
8203, 7
8202, 15
5061, 502
9380, 3
8913, 4
9714, 1
5696, 170
9039, 1
9168, 1
9886, 1
5104, 295
5702, 69
5688, 85
2842, 216
5718, 50
5755, 440
9335, 12
9379, 4
5754, 276
5090, 125
6419, 45
4505, 94
9115, 4
9018, 1
4492, 318
5797, 331
6347, 98
5478, 80
3719, 184
8919, 7
3725, 206
5806, 82
5595, 1087
5614, 751
5661, 118
9023, 14
5826, 253
6336, 113
6337, 50
5709, 87
5722, 104
5786, 356
5770, 76
5526, 256
5507, 323
5792, 267
5799, 568
5733, 540
5082, 63
5788, 92
4778, 45
5628, 160
5767, 191
5777, 156
5668, 145
5802, 377
9119, 10
9372, 4
5602, 177
4825, 90
6383, 78
9022, 2
6382, 109
3847, 109
6379, 113
2653, 207
6432, 45
9172, 2
3743, 229
3864, 239
8159, 25
2739, 90
2746, 149
2727, 146
8866, 2
9709, 1
6418, 6
9264, 3
6567, 69
4118, 62
8857, 3
6363, 49
6024, 107
6063, 20
7892, 8
8986, 2
7889, 7
6011, 45
6037, 33
9319, 7
6161, 120
7824, 11
8832, 4
9686, 6
2831, 360
3240, 437
3797, 200
9670, 28
9660, 3
9491, 2
8738, 1
9754, 2
5745, 287
9805, 7
7719, 1
5716, 104
5720, 303
9812, 34
8834, 3
4526, 166
7998, 4
7724, 2
8836, 1
8769, 4
8890, 17
5942, 334
8980, 1
9033, 4
8823, 3
2848, 170
6146, 104
5578, 169
7588, 10
5435, 129
5433, 436
8713, 9
5581, 229
6125, 141
5705, 62
5708, 61
6127, 76
5737, 596
9657, 18
7954, 10
5775, 73
5752, 300
4571, 22
6001, 132
8773, 2
8777, 22
5998, 144
4560, 99
5999, 219
5746, 51
4667, 34
8784, 6
4496, 68
4473, 73
4485, 115
4525, 74
5629, 69
6361, 2
8664, 3
8754, 1
9546, 7
9097, 2
5868, 281
4572, 69
9184, 2
9533, 2
9531, 5
8649, 1
9537, 28
9539, 11
9528, 1
8795, 4
6260, 31
9522, 6
7601, 18
2638, 221
9510, 12
9497, 6
4342, 196
6030, 170
4359, 147
5570, 357
8696, 2
9675, 2
4358, 89
5772, 164
3626, 385
7807, 1
9593, 2
9625, 7
5548, 142
5539, 576
8703, 2
4500, 92
7786, 16
3899, 126
5540, 240
8611, 11
5473, 111
8553, 12
5430, 90
5489, 49
5485, 45
5516, 335
8648, 5
5523, 48
5508, 89
5511, 78
5513, 503
8650, 4
8599, 7
5515, 249
5512, 334
5933, 63
8655, 2
5552, 160
8589, 9
8582, 13
8652, 4
8656, 22
8659, 1
8613, 1
3058, 200
8855, 1
5907, 66
5665, 274
3648, 205
5576, 372
5565, 230
5460, 465
5618, 470
5619, 413
5577, 279
5469, 372
3598, 381
3061, 183
8735, 3
5606, 105
7423, 14
7417, 8
9104, 1
9143, 7
9141, 42
9051, 3
9044, 1
9050, 2
7582, 4
9142, 72
5796, 545
5791, 802
5800, 632
5803, 185
5819, 176
5817, 50
7608, 56
9288, 28
7541, 13
7116, 136
7154, 6
8204, 28
7119, 17
5714, 77
5650, 144
8326, 1
7121, 52
7510, 9
7260, 25
7268, 36
7438, 10
8622, 2
9385, 1
8479, 2
7436, 60
9387, 14
7421, 4
9386, 3
7411, 52
8208, 11
7046, 40
8716, 15
5480, 71
5522, 512
7059, 81
7317, 9
7470, 12
7079, 19
7055, 14
7080, 40
9306, 27
7469, 36
7078, 66
8218, 12
8574, 5
9396, 23
8833, 3
7793, 17
8569, 5
7327, 8
7364, 14
8264, 28
8462, 6
7362, 3
8256, 1
7361, 7
7396, 47
4370, 206
4368, 253
8628, 4
8633, 3
4364, 40
4542, 54
8565, 4
8381, 1
8397, 1
8380, 5
8456, 18
4162, 176
8564, 1
8559, 3
8370, 10
8843, 13
3722, 138
8177, 3
8255, 32
8174, 2
8175, 2
4801, 116
7839, 1
8176, 1
7342, 3
9409, 6
10180, 11
4896, 111
8170, 9
9404, 6
8168, 10
8210, 9
8269, 2
10150, 1
8128, 1
5400, 433
7435, 42
8407, 53
8197, 3
10199, 3
6815, 65
6813, 17
7985, 3
8067, 7
7980, 14
6803, 59
6785, 42
7974, 66
8576, 11
8571, 9
8514, 10
7973, 7
6762, 23
6767, 18
4584, 52
14875, 11
4602, 21
4652, 44
6742, 10
6740, 25
4551, 81
6747, 11
4353, 179
6667, 2
8226, 11
6770, 33
8831, 4
9474, 2
8827, 1
6766, 28
4608, 54
4692, 31
6761, 22
8829, 10
4516, 128
4705, 97
6777, 31
6672, 41
6778, 9
4775, 37
6674, 26
6677, 33
6650, 37
6633, 25
6451, 23
6637, 16
6634, 34
6641, 3
6645, 13
6776, 17
7971, 5
6624, 28
5624, 1088
6445, 98
6816, 50
8458, 21
8059, 3
8058, 1
8749, 1
8455, 37
6774, 40
7969, 27
9114, 3
7967, 7
6773, 23
6340, 54
8206, 26
6989, 50
6200, 21
9659, 2
6982, 6
6957, 14
6350, 45
6151, 149
4696, 32
6985, 54
6917, 11
7968, 18
6984, 102
6338, 23
9469, 1
7963, 1
7801, 5
7849, 5
7850, 24
7837, 5
7773, 13
7768, 32
7770, 2
7814, 4
8012, 1
7691, 5
7647, 13
7671, 4
7683, 7
7721, 8
7692, 43
7666, 31
7713, 3
7758, 22
6618, 319
6077, 45
7860, 24
6960, 6
7759, 7
7844, 5
7861, 115
8483, 5
8049, 9
7847, 21
7201, 14
7794, 24
7754, 3
7788, 6
7766, 31
7830, 9
7190, 7
7842, 9
7859, 434
8211, 6
7015, 9
7686, 19
7763, 8
8316, 13
7854, 17
8794, 1
7851, 22
7856, 149
7720, 11
7725, 10
7120, 31
7723, 7
7722, 9
4756, 66
7599, 11
7610, 22
7681, 48
7858, 55
8303, 3
7547, 4
7846, 45
7032, 14
7857, 184
8085, 31
7574, 17
7832, 7
7536, 32
7537, 41
7545, 5
7834, 7
9399, 1
6356, 29
6355, 28
6343, 169
4973, 97
9398, 1
8172, 8
4587, 273
4599, 47
6324, 28
4582, 209
6333, 56
6334, 37
7916, 5
9384, 1
5546, 247
4538, 92
4851, 160
4643, 206
4045, 133
4430, 109
6317, 891
4824, 171
5348, 519
6329, 82
6335, 67
4804, 33
2641, 402
5545, 291
5890, 34
9705, 12
9704, 4
9707, 11
9691, 4
9692, 9
9694, 26
9684, 20
9665, 6
9702, 4
9703, 6
7921, 8
6617, 49
9701, 17
4078, 149
7568, 37
7565, 5
4550, 159
7567, 37
9713, 17
9731, 44
9718, 7
9724, 11
9734, 4
9727, 165
9563, 5
7035, 10
9505, 4
9736, 44
9737, 4
6381, 43
6471, 8
6498, 124
6494, 13
6501, 23
9860, 1
9924, 10
9728, 197
9773, 2
6436, 50
6474, 124
6454, 18
6503, 62
9867, 2
9813, 2
6521, 44
9478, 8
9405, 1
9378, 3
9400, 1
9988, 5
9973, 5
4653, 34
6844, 3
9374, 6
9271, 1
9261, 10
9266, 7
9255, 1
9253, 2
9263, 5
9252, 9
9888, 7
9244, 2
9917, 10
9991, 4
9885, 1
9189, 1
9897, 1
9898, 5
9117, 16
9212, 10
9204, 1
9206, 7
9207, 5
9157, 188
9159, 3
9938, 1
9208, 2
9181, 1
9217, 8
9160, 2
9214, 1
9209, 2
9219, 32
9129, 6
9220, 5
9218, 8
9120, 14
9216, 2
9116, 1
9149, 2
9112, 2
9109, 10
9215, 14
9186, 2
9107, 5
9074, 29
9954, 10
9047, 3
9090, 10
9041, 1
9481, 4
9040, 1
8937, 6
8928, 1
8923, 1
8935, 40
8870, 2
8871, 13
8861, 1
8858, 9
8885, 11
8864, 2
8868, 2
9989, 2
9739, 10
9092, 3
8915, 5
9744, 17
9868, 2
9061, 14
9884, 1
9863, 2
9743, 16
9746, 3
9706, 10
9745, 4
9749, 7
9862, 1
9729, 901
9733, 28
9748, 8
9325, 3
9967, 11
8793, 9
9874, 1
9992, 169
9993, 183
8169, 21
10202, 1
7556, 28
4959, 96
7576, 92
4963, 368
6821, 20
7082, 28
7086, 12
6642, 8
3959, 207
6817, 33
6802, 13
7455, 16
6810, 19
7817, 2
6807, 99
7550, 16
7384, 10
7548, 59
7551, 55
4816, 64
3840, 343
3879, 201
2833, 181
6760, 33
6657, 10
4853, 57
3813, 276
6554, 86
6946, 12
8449, 5
6612, 632
10009, 3
6613, 78
6370, 8
6611, 264
10156, 3
8117, 10
7460, 14
8126, 74
10143, 17
8116, 4
8118, 5
8112, 2
10152, 5
7064, 16
6396, 49
6405, 32
8151, 6
6392, 265
6292, 28
6398, 119
6369, 18
6376, 47
6754, 13
6406, 24
6393, 54
7060, 14
6751, 15
6404, 55
4348, 134
6625, 48
7153, 1
3354, 303
2668, 215
2664, 366
8494, 3
7812, 2
6282, 57
7103, 11
8406, 51
8409, 20
8109, 47
8484, 3
8496, 30
8190, 7
8488, 7
6364, 6
7522, 80
5985, 40
6249, 36
8497, 118
8489, 11
6574, 24
5782, 110
8872, 3
7949, 33
6593, 54
8921, 1
9843, 3
9838, 5
8323, 9
8351, 10
8313, 14
8324, 26
6482, 7
9844, 3
6484, 6
8318, 27
8310, 2
8031, 5
3655, 139
8040, 9
5810, 277
5926, 144
9845, 76
8219, 4
8212, 5
9847, 11
3642, 194
8096, 3
2639, 514
9850, 19
2632, 442
7511, 5
7740, 21
7529, 14
9849, 8
8125, 3
3618, 514
5973, 138
3574, 317
5979, 100
5981, 218
5598, 553
5574, 520
2724, 301
5600, 428
5892, 46
2803, 329
4729, 37
6723, 18
5571, 692
5684, 197
6696, 20
6728, 75
7276, 69
7394, 30
8164, 33
8142, 2
8146, 33
8070, 5
8145, 7
8137, 8
8148, 20
8028, 26
8084, 1
2762, 246
8088, 12
8037, 2
7333, 27
6786, 41
6124, 220
6165, 182
8015, 4
7979, 4
7964, 10
8027, 32
7936, 7
7939, 1
7942, 6
7918, 7
6712, 21
7896, 4
7891, 5
7999, 7
8003, 14
7888, 10
8055, 4
7880, 1
7950, 3
7962, 7
7853, 8
8089, 15
8090, 314
7718, 2
7697, 4
7646, 8
6795, 29
4828, 213
5996, 78
6105, 146
7356, 14
7357, 21
6100, 307
8163, 187
6098, 56
5992, 183
7353, 26
6360, 20
7040, 19
6061, 35
6048, 211
4637, 14
6166, 38
6042, 90
8165, 92
8166, 4
5680, 291
7105, 10
5760, 448
4112, 83
7124, 2
6058, 59
6259, 182
4994, 84
7104, 18
5494, 57
3890, 114
7094, 4
7101, 13
3744, 297
3678, 255
3542, 450
2813, 449
4346, 77
4981, 67
5007, 111
5004, 65
4907, 61
4869, 210
5005, 105
4972, 444
4969, 651
5006, 526
4698, 75
4937, 55
4971, 178
5039, 68
9910, 2
6274, 30
5444, 114
5115, 70
9959, 92
5442, 76
5671, 54
7125, 3
4669, 61
4670, 61
5013, 90
6035, 23
5732, 685
2768, 344
5126, 82
2929, 327
5894, 77
5560, 390
7369, 21
8195, 4
4975, 289
4890, 99
5731, 359
4586, 85
5721, 130
5715, 142
5422, 430
5181, 179
6107, 101
5704, 125
6080, 17
5144, 216
5094, 240
4331, 176
4398, 73
5099, 364
4467, 132
5162, 270
5609, 181
4003, 67
3936, 160
3674, 344
3842, 184
5103, 88
7023, 18
5106, 299
4129, 82
3392, 377
3729, 282
3277, 471
5594, 519
6238, 58
5076, 78
6240, 14
5440, 287
7174, 78
4386, 67
5105, 94
4053, 148
5118, 149
5561, 524
7004, 12
5127, 103
5538, 158
7006, 30
7090, 38
4866, 133
5514, 713
5503, 128
5551, 123
4918, 57
9907, 4
5506, 179
6209, 17
6006, 110
6158, 168
5364, 253
2990, 517
5370, 362
3064, 375
5121, 1125
5358, 168
4806, 26
5008, 313
8155, 56
6949, 40
7212, 3
5558, 518
4961, 112
5210, 419
5556, 135
6187, 32
9902, 5
5883, 119
4429, 100
4427, 228
7216, 80
7215, 14
4431, 59
6088, 76
7070, 8
4217, 196
7068, 12
4212, 41
5543, 86
5554, 226
4038, 199
4056, 98
5212, 179
5923, 158
4028, 165
5418, 605
7033, 26
5412, 275
7028, 5
7066, 11
3858, 527
5149, 459
3645, 259
7208, 7
3610, 273
3676, 187
3315, 846
4976, 230
7054, 16
5109, 187
5123, 255
5129, 156
6116, 66
4927, 199
4908, 97
5100, 252
5112, 389
5203, 103
6112, 70
7051, 9
5209, 370
5225, 1194
6959, 21
6087, 307
5214, 219
6108, 144
9947, 2
7009, 32
5911, 28
6976, 21
6974, 42
5421, 626
5434, 264
5414, 231
5443, 158
5876, 88
3162, 170
5416, 185
5438, 171
2982, 259
5425, 185
5399, 332
5318, 357
5296, 79
5390, 112
5269, 511
5681, 716
5882, 125
5467, 668
5458, 195
5921, 272
6708, 16
5919, 646
5608, 245
5616, 68
7047, 20
5208, 418
4474, 205
4490, 113
5211, 445
4491, 557
4462, 76
4443, 118
7332, 21
5739, 214
4354, 193
4047, 109
4071, 277
5990, 113
3772, 352
3632, 291
3654, 190
6413, 24
6270, 15
6703, 23
6833, 11
3325, 607
5982, 89
3042, 322
3796, 297
3690, 228
3934, 70
3688, 236
5988, 124
5989, 45
6848, 17
5914, 112
5959, 144
5945, 265
5878, 77
5893, 97
5885, 63
6981, 14
5757, 815
5804, 648
5873, 125
5825, 87
5971, 103
6849, 9
5870, 89
5886, 87
5884, 46
5849, 446
5932, 67
5950, 88
5931, 42
5958, 78
5969, 307
5905, 35
5865, 130
5899, 85
5877, 47
5954, 339
6851, 74
5962, 79
5960, 83
5170, 165
5795, 242
5961, 53
5970, 343
5963, 331
5964, 211
5830, 53
5966, 215
5967, 167
6988, 64
9909, 4
5968, 395
5789, 526
6804, 50
6793, 8
4523, 46
5946, 101
4980, 348
7088, 15
6853, 38
6856, 17
6854, 87
5840, 65
6860, 17
5839, 99
6698, 16
5838, 320
7203, 10
5027, 298
6038, 80
4751, 52
5837, 169
5835, 173
5832, 40
6972, 18
5486, 94
3679, 284
9801, 2
3786, 269
9800, 9
9896, 2
7067, 14
2985, 412
2987, 230
2977, 91
9797, 1
9895, 2
3199, 180
3164, 322
7111, 11
2912, 280
6562, 33
3435, 464
6559, 34
3398, 253
3685, 221
2710, 250
2633, 790
5585, 132
3537, 529
5811, 226
6594, 138
3552, 653
3350, 371
6557, 15
9717, 6
3024, 358
9853, 2
2706, 124
2635, 148
9872, 1
9875, 4
7171, 18
7170, 11
3923, 168
8039, 6
8038, 2
3330, 1061
6801, 79
7155, 70
6969, 25
6970, 53
7025, 10
6965, 44
6968, 24
7089, 9
2627, 404
3868, 257
3047, 450
7136, 99
3403, 916
3148, 201
2594, 355
2800, 402
3379, 198
3086, 131
2607, 406
7150, 7
2678, 440
2745, 256
2755, 241
2729, 373
2720, 337
5924, 95
5927, 90
3391, 651
5929, 114
8062, 6
7222, 11
6101, 530
7036, 29
5592, 166
5956, 205
3313, 399
5995, 130
5805, 149
7077, 39
5809, 378
5807, 424
6065, 59
6258, 208
6062, 116
6367, 236
7965, 8
9782, 1
9762, 5
9790, 2
9963, 5
3294, 273
2959, 229
9789, 7
9786, 24
9958, 1
9785, 27
5409, 195
6683, 17
3443, 369
3412, 755
3397, 724
13552, 2
3279, 286
9693, 9
3133, 391
3341, 578
3030, 185
3477, 277
3475, 255
2931, 459
3539, 432
2930, 301
2948, 225
2924, 452
2942, 199
2940, 465
2763, 231
3447, 322
5657, 49
6818, 14
6811, 14
6996, 64
5692, 75
5693, 325
6306, 31
4977, 384
6999, 25
5275, 658
6173, 69
6997, 93
5233, 369
7061, 14
3043, 121
9755, 1
6635, 28
7109, 17
7122, 15
6794, 28
6791, 29
6919, 18
6789, 12
6552, 38
6921, 9
6787, 8
6829, 1
6546, 7
6865, 12
6783, 26
6825, 13
5222, 247
6923, 16
6857, 16
3151, 566
3146, 202
6913, 25
6643, 12
13394, 4
3121, 138
3079, 354
3134, 254
3081, 173
3119, 253
13335, 1
3062, 199
3105, 170
3021, 119
3060, 419
3095, 408
2935, 123
3037, 285
2872, 198
3023, 262
2855, 307
13169, 4
2896, 124
2938, 218
2865, 281
5137, 388
4840, 169
2738, 337
13089, 7
2816, 280
2908, 206
5299, 118
6700, 65
4065, 78
4495, 180
4536, 98
6894, 21
4823, 51
4747, 13
4736, 23
4733, 48
5089, 332
7108, 2
9740, 7
5093, 260
391, 509
724, 1013
5134, 152
6144, 95
6735, 23
6143, 20
6237, 17
7085, 17
4380, 67
5140, 144
5107, 78
5097, 390
6123, 44
4310, 22
5159, 657
5130, 194
6122, 140
6120, 49
4275, 112
2602, 659
5056, 103
5122, 427
4007, 152
5086, 261
4561, 53
6115, 88
4008, 237
5051, 246
5021, 37
5032, 99
5028, 358
6610, 41
3646, 165
3575, 570
6516, 18
6518, 44
3580, 411
3597, 645
3715, 243
3748, 492
6519, 30
4248, 76
3641, 270
6199, 180
5057, 117
5423, 190
5010, 103
3682, 388
3830, 220
4983, 52
4978, 63
4979, 58
3788, 234
3147, 152
6675, 24
3343, 418
3340, 392
3399, 495
3085, 215
6164, 42
6212, 40
6175, 87
9622, 1
6507, 58
6052, 68
6008, 53
6044, 258
6082, 270
6053, 175
6074, 107
4631, 42
5461, 191
6510, 76
6666, 25
6118, 43
6134, 62
6081, 222
6201, 65
6182, 19
2777, 259
6207, 108
6214, 23
6114, 80
6148, 82
6217, 60
5491, 59
6232, 26
6218, 134
6216, 17
6221, 121
7855, 222
6050, 151
6131, 35
3793, 156
5146, 156
6136, 57
6230, 168
6228, 112
6506, 41
5427, 213
6095, 169
6227, 36
6226, 80
6704, 80
5965, 179
6224, 77
6705, 15
6046, 55
6242, 68
6352, 78
6491, 16
6353, 64
6684, 46
6702, 10
5075, 40
6348, 92
5138, 282
6349, 146
6486, 17
9620, 5
6402, 37
6948, 55
6354, 93
6492, 33
5843, 132
5851, 202
6310, 27
6493, 76
3179, 126
6312, 158
3201, 155
6608, 20
6605, 54
6935, 5
3106, 438
3059, 244
2794, 306
6488, 14
2880, 338
4311, 219
3176, 287
6537, 23
2716, 196
2683, 162
2667, 410
3533, 417
3819, 146
3808, 215
2776, 116
3534, 217
3566, 106
3328, 604
6882, 42
6880, 33
6602, 44
6601, 32
6904, 22
6907, 11
6864, 8
6897, 8
6906, 32
3579, 639
6711, 94
4186, 282
4099, 101
3213, 272
3555, 1179
3191, 746
3167, 298
3195, 162
3239, 321
4191, 262
7835, 12
4210, 127
6523, 40
6522, 22
4224, 172
6536, 29
6453, 12
4173, 82
9735, 3
4216, 173
9578, 23
6910, 8
4059, 67
4096, 269
3913, 114
3896, 225
4105, 349
3898, 225
6203, 23
3918, 300
3824, 98
3832, 214
3795, 281
3790, 345
3783, 374
4073, 147
3794, 290
3815, 218
3728, 366
3791, 172
4121, 75
4029, 144
2709, 336
4090, 100
3577, 369
4119, 138
3291, 176
3163, 170
3153, 100
3230, 353
3306, 435
4123, 103
6384, 272
6457, 10
3110, 198
7795, 1
7241, 32
7796, 4
3994, 121
7617, 10
6868, 14
6870, 20
9314, 3
6142, 62
6372, 28
3925, 177
9361, 1
9353, 7
5712, 111
9309, 10
9390, 97
9388, 3
6741, 4
6596, 133
6598, 95
6630, 48
6626, 36
3812, 225
6752, 24
6750, 33
7349, 108
13038, 12
2765, 587
6668, 21
9579, 3
7346, 14
6652, 15
7348, 91
7352, 17
6647, 12
3706, 236
6253, 43
9596, 8
6504, 37
9346, 71
6103, 110
9347, 2
5801, 104
9565, 7
7011, 12
9536, 3
6401, 62
9574, 95
9572, 6
6441, 37
9584, 53
5944, 523
6744, 52
9602, 2
5906, 48
5904, 113
5841, 55
7114, 14
9538, 5
7126, 46
7128, 41
9113, 4
8856, 19
5751, 135
7113, 23
5980, 40
5978, 43
9562, 11
3077, 435
3057, 318
2989, 214
2970, 196
5765, 167
5769, 116
2849, 238
5593, 83
9265, 2
5596, 392
5176, 291
5185, 932
3226, 453
5415, 299
3187, 375
5413, 165
3194, 263
5474, 147
5410, 332
3178, 303
3190, 202
3173, 178
3185, 224
3066, 467
3212, 186
5780, 187
5398, 497
3183, 452
2971, 157
2964, 425
10810, 2
537, 360
3182, 342
2973, 166
13141, 4
2868, 87
2936, 104
9147, 1
2415, 556
5302, 407
2744, 444
2756, 293
2713, 196
2712, 429
2978, 127
3041, 139
5314, 263
5912, 233
9161, 3
5915, 83
5916, 190
4601, 97
5077, 65
4497, 156
728, 321
4657, 409
4655, 228
5291, 129
4626, 219
5307, 137
4635, 84
4634, 71
3807, 328
5394, 318
4392, 187
4401, 245
5698, 184
548, 558
4511, 113
5254, 377
4414, 85
4503, 236
4507, 124
2606, 477
4350, 321
4321, 319
4235, 63
4120, 82
4127, 266
4075, 71
3507, 357
4326, 65
4324, 142
4475, 88
5707, 129
4316, 195
4397, 174
4313, 96
4076, 98
3740, 338
3914, 227
3873, 203
3909, 294
3188, 275
3123, 351
2852, 556
2853, 324
2847, 570
2840, 418
2835, 868
2821, 353
2628, 252
4136, 110
4092, 121
4158, 138
2642, 452
5936, 107
5419, 1012
5420, 345
4223, 148
4188, 186
4299, 206
5457, 233
9197, 3
5935, 101
3374, 721
5468, 101
5476, 364
4088, 82
3305, 547
5483, 339
5930, 116
6644, 9
5920, 428
4389, 111
4419, 338
5178, 84
11224, 9
951, 154
5898, 15
955, 777
5897, 65
9171, 47
10868, 3
595, 286
10829, 15
556, 184
10871, 3
598, 368
11223, 1
950, 457
9169, 2
5124, 245
5152, 303
649, 236
7140, 14
10869, 4
596, 389
557, 132
2743, 391
906, 382
463, 441
9128, 29
9125, 13
4233, 130
9121, 1
5259, 325
5253, 576
9017, 1
916, 182
9123, 24
4273, 179
5101, 132
9031, 4
3963, 214
4988, 99
4230, 369
4205, 90
9028, 1
9029, 1
6991, 75
5016, 96
4960, 135
4194, 96
4406, 147
5274, 524
6017, 40
3854, 367
4166, 146
4411, 51
4140, 243
9027, 2
3835, 171
3322, 389
4152, 140
3652, 705
6016, 101
3653, 284
3651, 600
3663, 322
5258, 295
4137, 153
4177, 159
5587, 45
8997, 4
4183, 259
3907, 226
3528, 707
3255, 262
3264, 340
3124, 203
3044, 164
2972, 180
3901, 117
3905, 117
3502, 779
3973, 221
3084, 90
5242, 458
5221, 560
5163, 455
5584, 169
5080, 92
5245, 562
5102, 90
5147, 169
6979, 18
404, 461
5249, 208
5141, 151
5167, 230
5116, 91
5132, 232
5234, 335
5218, 346
5215, 335
3510, 549
5219, 370
5213, 257
5255, 321
5271, 352
5286, 132
5295, 87
5111, 322
5292, 605
5555, 264
10848, 2
575, 1173
635, 1731
5148, 329
5580, 105
5284, 411
6978, 36
5030, 72
5535, 146
5528, 347
5517, 126
5575, 305
3798, 151
5246, 151
5831, 75
5265, 738
5532, 220
3152, 213
3352, 421
5994, 169
5833, 86
3051, 260
13374, 1
3101, 249
3157, 332
2920, 473
5276, 395
2819, 463
2790, 197
2782, 298
2822, 115
5456, 241
9134, 2
2899, 292
2906, 388
2918, 249
2521, 715
2440, 703
4749, 57
5451, 222
5471, 239
634, 1520
5268, 955
2981, 308
8828, 2
5155, 214
5059, 208
5074, 121
5091, 167
5092, 125
5371, 180
5787, 323
5071, 157
6000, 119
11229, 4
956, 984
4535, 184
455, 284
540, 487
4711, 24
5424, 144
2359, 728
5376, 232
2595, 297
5776, 137
943, 193
5566, 467
3887, 314
4648, 44
5395, 215
8975, 1
5367, 655
4642, 23
2452, 911
8758, 3
8981, 1
5991, 222
4382, 30
4487, 309
4387, 89
4483, 537
9094, 2
8982, 1
2413, 853
9095, 1
4395, 69
2830, 107
734, 1023
5953, 82
4597, 37
8965, 1
8954, 1
5315, 387
4574, 33
5311, 264
5308, 218
4567, 109
4563, 119
5740, 516
4180, 139
4558, 80
5304, 197
4557, 49
5537, 440
5727, 55
5300, 174
5343, 821
8968, 3
4361, 80
8955, 1
5220, 173
5759, 361
4239, 293
4372, 303
4198, 97
8948, 1
4172, 56
4009, 305
3989, 135
3927, 120
4153, 98
4197, 106
3983, 183
3700, 324
3825, 192
3895, 376
3599, 329
3589, 282
3587, 502
3603, 381
3584, 120
3554, 697
3553, 311
3573, 453
5339, 356
12942, 2
2669, 583
3563, 228
3755, 241
3765, 213
3346, 158
5730, 127
3445, 149
8966, 2
3583, 582
2589, 316
3717, 515
3405, 1242
3718, 277
3702, 184
3345, 309
3857, 448
3876, 117
4087, 84
5356, 275
5357, 203
5337, 158
5277, 381
5724, 91
5361, 300
5150, 136
5224, 653
5195, 97
5169, 607
5216, 331
5362, 1138
8932, 3
5726, 201
10735, 10
462, 330
3680, 202
5264, 660
5278, 410
5227, 753
5359, 317
5243, 950
5283, 352
5360, 452
5611, 717
5572, 263
5325, 306
3784, 164
3125, 159
5023, 316
3732, 367
5320, 198
5312, 294
5223, 1017
5257, 176
5328, 1240
5324, 304
4598, 69
5313, 297
5697, 138
5321, 196
4522, 132
5153, 161
5329, 724
5232, 275
5700, 110
5298, 190
4373, 205
5200, 264
5199, 373
2414, 1083
5070, 153
3675, 345
5699, 122
2620, 385
6147, 57
9054, 17
5866, 177
5597, 437
5206, 500
2597, 309
4400, 100
4124, 190
5867, 116
8909, 1
4826, 80
5640, 276
6877, 11
3316, 878
3234, 714
3281, 419
3376, 255
5900, 25
5113, 744
3329, 562
5084, 291
3141, 412
6930, 33
2898, 324
3286, 257
3028, 294
2829, 185
2812, 387
3097, 214
2843, 671
5272, 526
5072, 56
5069, 278
2811, 464
2773, 227
2795, 413
3063, 431
3283, 496
3054, 241
2793, 444
3011, 441
3078, 145
13280, 1
3007, 291
3002, 150
2757, 294
2891, 204
2814, 279
2983, 299
3006, 196
5579, 173
3149, 147
2518, 701
3114, 286
5603, 127
3088, 257
8557, 1
2600, 285
3087, 553
912, 148
811, 431
11187, 1
914, 195
4905, 113
11197, 2
924, 87
5633, 859
4842, 111
5634, 361
4827, 59
5934, 95
5917, 252
3025, 339
4831, 61
4832, 73
5703, 113
4970, 462
8581, 7
2520, 900
8752, 8
6660, 42
5441, 206
6749, 39
8821, 9
8563, 2
8678, 5
5046, 156
4930, 66
5052, 280
2677, 90
5012, 77
4726, 40
5060, 204
5053, 131
5778, 237
5018, 101
4532, 54
4529, 89
4508, 190
5774, 104
5035, 202
8561, 25
5026, 240
10973, 2
700, 440
4493, 564
5040, 160
2583, 718
465, 139
2555, 328
816, 1933
6771, 7
5050, 103
5784, 400
10624, 1
351, 272
5735, 152
5048, 97
5738, 525
2305, 720
2400, 902
5031, 91
4990, 429
5037, 124
8594, 1
2360, 691
5369, 669
5736, 93
9005, 5
4913, 193
5366, 404
5783, 119
934, 129
5794, 139
4376, 136
8994, 6
4383, 49
4381, 70
947, 274
4315, 93
4352, 246
4388, 129
8995, 8
4181, 120
366, 385
971, 1860
2355, 930
854, 586
5941, 335
2347, 397
2309, 832
2345, 614
10891, 1
618, 7378
2352, 1357
2300, 1206
4537, 82
2288, 1321
2331, 1066
2328, 934
2348, 599
2325, 947
2285, 1151
10832, 4
559, 260
5646, 380
2277, 921
2312, 1676
2313, 1171
2339, 1305
2326, 987
2110, 4334
2340, 837
2304, 1747
2233, 1350
2047, 9001
1004, 990
2051, 7544
7138, 7
2054, 5759
2067, 5973
2068, 6926
103, 1189
5190, 814
11194, 1
921, 227
748, 1013
10340, 1
67, 3852
5154, 678
5204, 130
117, 4437
5098, 399
11, 42991
2306, 1723
4499, 146
4502, 119
4509, 358
4501, 177
5095, 123
8, 10498065
4494, 213
4470, 98
4520, 68
141, 232
5228, 832
4616, 31
5510, 150
423, 489
11062, 4
789, 643
844, 2060
872, 1324
12278, 2
2005, 9301
2271, 1648
764, 1468
721, 567
5808, 150
1991, 10255
1215, 2118
6302, 67
1060, 4011
2268, 1182
2275, 869
2265, 1291
1993, 9221
589, 643
309, 697
5396, 91
310, 373
5397, 362
1958, 14428
2189, 1980
2232, 1796
4527, 88
2170, 2234
4585, 186
2228, 2690
2252, 2271
1183, 2391
2129, 2831
2130, 2604
2223, 2268
7310, 2
1935, 20442
7022, 12
2119, 3733
2186, 2841
2184, 2622
2117, 4345
7204, 28
2159, 1716
2112, 4357
2138, 2723
2139, 2896
2071, 9306
2060, 5645
7147, 44
2134, 2914
4488, 208
2131, 3330
2072, 6533
7159, 21
2065, 7385
420, 1223
4245, 244
1888, 26450
6975, 13
739, 809
622, 5440
365, 364
478, 428
702, 514
2553, 455
196, 1074
1961, 12375
782, 557
5869, 132
800, 660
10714, 1
441, 1399
2083, 6712
679, 2118
5766, 141
1911, 16121
2036, 7588
2052, 6375
10351, 36
78, 3048
5165, 383
2034, 6951
1683, 38353
2089, 6409
282, 878
2103, 4893
2109, 4410
1195, 3050
4156, 157
983, 1499
6070, 114
570, 1860
10764, 2
491, 609
2613, 438
256, 1725
80, 1254
810, 407
10906, 3
633, 1521
5342, 1139
255, 6694
10894, 1
621, 6613
1921, 18222
905, 511
903, 412
11026, 25
753, 2403
11454, 29
1181, 2595
108, 1835
1857, 27614
1101, 2973
6188, 41
4991, 194
277, 7615
301, 8053
5388, 114
1847, 35962
4204, 114
5327, 488
240, 3384
871, 1752
1884, 23491
2128, 3870
659, 3170
10889, 8
616, 3508
10955, 16
682, 713
1225, 2593
1221, 2353
10526, 2
253, 12928
5340, 276
1031, 586
162, 473
10849, 1
576, 2477
5663, 355
226, 1473
1851, 34083
4208, 116
775, 772
5862, 108
1698, 40288
496, 793
5583, 141
1107, 2265
6194, 264
1032, 1201
6119, 97
11259, 36
986, 1445
757, 1311
5844, 82
991, 1962
876, 3575
2322, 725
1962, 14577
3071, 300
2903, 208
1589, 35674
4371, 99
5125, 215
10311, 3
38, 38105
5217, 278
10403, 1
130, 808
516, 572
5230, 610
10416, 46
143, 178
10961, 2
688, 2344
2951, 452
3197, 248
3298, 457
13570, 2
3297, 465
3296, 458
374, 481
3156, 364
3076, 210
11371, 1
1098, 2956
6185, 128
3455, 901
670, 2464
2073, 7777
12299, 2
2026, 6366
687, 2499
1910, 18494
1905, 14526
3267, 482
2122, 3283
7209, 20
2120, 3618
7207, 18
5250, 796
163, 2786
10809, 3
536, 970
5623, 562
731, 499
5818, 221
1250, 3500
3607, 514
8694, 7
572, 2103
5659, 171
11378, 1
1105, 2300
6192, 58
2485, 1234
128, 1024
4814, 185
100, 369
5187, 893
176, 456
5263, 938
69, 3177
5156, 301
771, 416
5858, 120
883, 1116
11039, 4
766, 1699
10903, 2
630, 1071
5717, 205
993, 1246
10893, 1
620, 6695
5334, 880
247, 3693
10399, 8
126, 267
407, 5474
10701, 1
428, 2073
852, 725
842, 986
306, 1571
5393, 123
89, 1210
2160, 2744
2196, 2593
2902, 212
545, 2254
5632, 241
75, 817
10457, 4
184, 456
4461, 208
12377, 3
2104, 4316
263, 4979
5350, 617
765, 954
5852, 70
193, 2803
5280, 147
161, 178
5248, 424
477, 238
5564, 953
472, 911
5559, 483
891, 4774
623, 10670
5710, 228
10897, 4
624, 11415
5711, 240
667, 65990
758, 1239
5845, 96
11034, 1
761, 473
5848, 93
131, 548
2143, 3494
644, 627
10910, 2
637, 1458
2925, 202
568, 561
5655, 414
517, 1420
5604, 70
1874, 26410
534, 13510
5621, 878
531, 872
2198, 1700
7285, 53
715, 793
717, 435
603, 788
5690, 114
961, 1189
10573, 7
300, 3350
5387, 111
2657, 142
10726, 9
453, 399
11056, 1
783, 741
2053, 6587
11088, 1
815, 772
1223, 2404
3602, 544
11518, 1
1245, 3098
10619, 1
346, 562
1024, 424
6111, 265
2114, 4351
770, 731
5857, 435
236, 814
5323, 464
10458, 1
185, 538
10452, 7
179, 444
5266, 638
84, 1633
5171, 123
90, 1044
5177, 272
10408, 1
135, 575
2115, 3677
2118, 4079
1047, 2498
5326, 207
239, 1891
612, 471
755, 9450
5842, 127
11338, 1
1065, 6768
1767, 62430
119, 5475
2003, 8668
1011, 569
5229, 1298
142, 217
10788, 5
515, 788
11372, 1
1099, 2623
6186, 63
2046, 6421
2094, 6203
832, 637
962, 2345
6049, 63
3319, 272
1006, 1095
6093, 184
11019, 6
746, 696
10502, 3
229, 1543
5316, 184
2084, 6986
2078, 9141
495, 747
2069, 8402
2254, 1899
2012, 8122
1240, 2836
3571, 339
1214, 2164
826, 764
5913, 74
2237, 3044
7324, 36
2240, 1411
3327, 802
8414, 2
2226, 1758
2246, 1505
4595, 84
2238, 1740
7325, 31
2249, 1864
2245, 1777
12075, 1
1802, 41501
1189, 2955
1912, 18163
779, 776
1383, 5201
6470, 5
468, 183
106, 1936
5193, 172
1983, 11561
869, 998
11188, 3
915, 375
6002, 125
1904, 19258
1586, 29124
2243, 1852
7330, 63
1811, 36830
2256, 1966
7343, 1
12526, 1
2253, 1811
847, 779
10450, 4
177, 1074
2248, 1426
895, 1716
889, 5755
5976, 222
1178, 2757
11377, 9
1104, 2112
6191, 58
1835, 50012
706, 1471
1848, 35345
2220, 2500
2124, 3937
2334, 483
3949, 269
11865, 16
1592, 35571
1796, 43843
1185, 2202
1175, 3136
6262, 37
1172, 3486
11521, 2
1248, 3435
451, 383
2217, 1670
7304, 131
2225, 2392
894, 1429
892, 1874
11064, 4
791, 425
877, 3590
1050, 2685
1027, 496
1040, 1460
1029, 567
1044, 1931
1387, 5041
2563, 215
206, 1987
3595, 466
11511, 8
1238, 2668
2235, 2335
7322, 16
3282, 417
2063, 5358
987, 2306
173, 848
5260, 242
982, 1212
6069, 66
2234, 1641
741, 1553
5828, 145
1318, 3972
2187, 2709
7274, 75
2169, 2751
2167, 2133
7254, 4
11237, 2
964, 1838
6051, 194
763, 2064
5850, 305
11122, 6
849, 754
2195, 2221
7282, 12
1608, 41406
14405, 1
4132, 209
1775, 56380
1502, 97925
1304, 2157
2038, 5455
2201, 2787
882, 995
788, 898
11579, 3
1306, 2302
2048, 6679
2024, 7802
501, 490
5588, 104
2035, 6436
11774, 1
1501, 74773
11033, 1
760, 518
2001, 9729
4528, 241
2171, 2099
2088, 6651
168, 759
1926, 17437
2156, 2407
1384, 5062
1456, 89957
3442, 666
1085, 3552
6172, 46
1478, 30825
830, 408
1879, 24114
1885, 23370
1893, 22292
10935, 19
662, 7933
1680, 68364
11955, 5
1682, 49013
10698, 1
425, 822
3261, 414
3168, 259
10613, 12
340, 928
2697, 669
917, 176
3274, 634
12173, 12
1900, 22237
2021, 6062
11163, 8
890, 9911
5977, 68
888, 5750
5975, 106
1302, 2230
1078, 7380
2272, 1235
1898, 17478
3266, 314
1865, 26276
666, 71467
11500, 3
1227, 2465
1686, 42032
1534, 121062
6621, 20
11666, 5
1393, 4702
6480, 329
1706, 40598
1859, 27513
11379, 8
1106, 2593
6193, 18
1386, 6183
1119, 2776
6206, 66
10978, 1
705, 742
1855, 28457
1996, 9245
794, 674
5881, 293
1224, 2242
3562, 65
11478, 1
1205, 2960
10799, 15
526, 3379
1940, 18823
7027, 58
1951, 15774
12221, 3
1948, 17171
2028, 6878
12119, 3
1846, 39028
12222, 1
1949, 17986
12293, 1
2020, 7044
1942, 21402
1944, 18912
2016, 9059
1936, 23566
1882, 24962
4148, 64
1791, 39122
1685, 47520
988, 1528
4169, 195
1812, 41564
1242, 3035
1216, 2856
1233, 2411
6320, 343
1602, 41303
805, 974
11020, 1
747, 960
5238, 306
10424, 30
151, 353
524, 976
11111, 7
838, 555
10836, 14
563, 787
343, 1181
10505, 1
232, 1144
5319, 458
3650, 163
1293, 3042
6380, 66
11391, 1
1118, 2408
6205, 44
3400, 642
1043, 2273
1978, 10097
1965, 13800
861, 2135
11042, 2
769, 768
855, 999
1256, 3461
1404, 8104
1093, 3013
6180, 33
1049, 2522
1806, 37479
4165, 104
12081, 1
1808, 42315
1063, 4833
1692, 35890
977, 1899
1699, 38634
1399, 4810
1124, 2919
6211, 95
1829, 46611
10594, 1
321, 792
5408, 262
12117, 1
1844, 32801
12202, 10
1929, 23754
7016, 26
1982, 8875
7069, 28
3075, 235
11856, 1
1583, 32825
1617, 37426
740, 1414
5827, 814
1287, 3260
1112, 2388
1037, 1192
11153, 1
880, 1797
3237, 512
1979, 10182
1229, 2217
1210, 2674
1169, 3870
1937, 21140
7024, 20
1941, 20732
4122, 131
1765, 65467
1766, 65822
12237, 2
1964, 13272
1907, 16024
6994, 16
671, 3045
2027, 8237
10803, 14
530, 1001
768, 609
5855, 94
2655, 450
298, 8394
5385, 122
2702, 163
345, 504
5432, 131
1908, 20178
1679, 70543
1981, 8707
1906, 19197
1303, 2301
1208, 2820
999, 780
1809, 39396
1889, 22596
2444, 629
7531, 16
3737, 147
1380, 4618
1061, 4772
1902, 22311
1871, 24249
1777, 63109
1700, 41748
12034, 1
1761, 81332
1768, 68782
11951, 3
1678, 70319
1880, 23199
3543, 188
1186, 2754
3564, 667
1207, 2913
12006, 3
1733, 118086
1895, 20447
10890, 20
617, 2775
5194, 166
10380, 15
107, 3313
10753, 7
480, 1463
11070, 9
797, 678
299, 4030
2545, 580
188, 1916
1897, 21490
1909, 15861
1206, 2575
6293, 45
1051, 2451
6138, 92
2433, 851
10352, 310
79, 1677
5166, 320
2436, 755
1959, 14744
4200, 41
1843, 34546
11143, 1
870, 1149
5957, 186
2002, 8623
3065, 398
1834, 42502
1832, 42488
494, 532
1358, 5300
1945, 18348
1103, 2898
6190, 28
1569, 45980
1402, 6097
1157, 5460
11792, 5
1519, 113174
1877, 24593
6964, 11
737, 734
10699, 1
426, 2091
3557, 771
1200, 2537
6287, 32
1045, 1844
6132, 67
1599, 34578
3052, 216
3053, 162
1914, 18148
11101, 1
828, 603
699, 758
3056, 294
3232, 435
875, 2790
1230, 2371
1170, 3127
1167, 3322
12037, 1
1764, 78878
1763, 84699
6850, 36
1930, 21505
7017, 61
1931, 23226
1954, 12958
4109, 139
1752, 102445
689, 656
3046, 347
660, 3316
5747, 353
1939, 23105
5237, 161
10423, 5
150, 2698
10796, 2
523, 2029
11035, 1
762, 1423
294, 6692
5381, 692
1492, 41337
367, 1367
4101, 97
1744, 114475
1852, 33024
3452, 128
1095, 2377
1746, 103458
1977, 11096
4329, 399
1972, 11148
1128, 3964
1149, 6403
11762, 5
1489, 43647
1943, 19368
1946, 22028
1236, 2531
3867, 298
1510, 71148
11598, 1
1325, 5358
437, 1894
1193, 3237
10950, 3
677, 7813
5764, 205
3034, 420
11046, 3
773, 756
5860, 542
1255, 3598
3454, 274
11370, 1
1097, 1942
6184, 56
11590, 2
1317, 3307
1042, 1991
665, 13312
3022, 150
2350, 904
1863, 24006
3606, 374
1249, 3099
1896, 19853
12005, 3
1732, 127789
3432, 1143
1075, 4790
6162, 19
1598, 36912
989, 1321
6076, 156
1787, 43053
12057, 2
1784, 44050
1790, 42720
1694, 35045
6781, 13
1691, 38403
1913, 16863
1927, 18515
1196, 3158
5202, 237
10388, 2
115, 3983
488, 849
1217, 2416
1920, 19395
1209, 2672
1198, 2897
6285, 356
3570, 461
11486, 10
1213, 2146
1591, 30991
1590, 34096
12463, 1
2190, 2660
2335, 1108
12609, 1
2336, 974
808, 787
2338, 422
827, 466
287, 2683
5374, 103
320, 1476
5407, 127
296, 13601
5383, 199
295, 6280
5382, 261
976, 2310
3333, 279
862, 1862
5949, 30
3219, 502
846, 1686
3203, 116
3332, 444
1054, 3671
3411, 265
3290, 487
2270, 1467
1299, 3227
6386, 110
1321, 5142
564, 3927
5651, 457
2921, 434
1180, 2846
6267, 37
1025, 429
1500, 65076
2269, 1274
120, 8884
5207, 363
2955, 202
967, 2685
2199, 2419
7286, 11
851, 961
2279, 1010
2282, 1243
3777, 275
1420, 11845
1294, 3306
3617, 516
1260, 5580
1359, 6698
6446, 11
1349, 6651
2076, 5605
2915, 260
2081, 5341
2079, 6728
569, 3260
5656, 57
2926, 222
2082, 6088
2007, 6344
12353, 11
2080, 6245
7167, 4
754, 2364
3111, 357
985, 860
6072, 132
3342, 723
8429, 10
2102, 4890
588, 1338
5675, 157
2945, 488
12373, 1
2100, 5121
3040, 579
10956, 49
683, 877
1925, 21256
4258, 177
12174, 19
1901, 20331
2096, 5837
2057, 7404
7144, 16
3982, 131
1625, 35506
471, 404
2828, 663
2095, 5609
2091, 5581
2176, 2119
7263, 8
2175, 2061
7262, 18
1956, 12083
2177, 2023
7264, 12
2771, 331
2909, 263
2037, 6145
2725, 170
2619, 1278
254, 32819
5341, 550
2611, 366
2626, 444
2772, 397
421, 1245
5135, 189
10321, 20
48, 59196
2778, 317
5068, 124
354, 481
2711, 155
2714, 357
12981, 4
2708, 308
3049, 221
692, 534
10746, 8
473, 828
2218, 1466
7305, 142
2215, 2410
7302, 58
2192, 3321
932, 175
6019, 59
2213, 1724
7300, 10
4565, 188
2208, 2521
7295, 41
2205, 2309
7292, 4
2194, 1892
7281, 20
288, 2494
5375, 172
2645, 269
71, 2472
5158, 250
1082, 3595
6169, 29
3439, 551
8526, 2
56, 10829
5143, 195
10642, 1
369, 852
1084, 7252
3441, 734
10480, 6
207, 3161
5294, 113
2609, 1014
10525, 2
252, 6507
111, 1757
5198, 394
248, 9857
5335, 525
209, 11923
2410, 717
53, 1101
10328, 2
55, 384
5142, 233
249, 6985
5336, 131
251, 6904
5338, 147
1005, 940
6092, 31
3362, 397
1705, 34928
6792, 14
214, 1150
5301, 85
198, 958
5285, 175
2612, 558
10523, 6
250, 14691
2907, 506
550, 1251
5637, 348
242, 2608
5247, 443
160, 4903
2890, 225
533, 2088
3073, 330
716, 695
194, 2831
5281, 191
2551, 451
10454, 3
181, 201
2538, 729
863, 1810
3220, 438
228, 2251
745, 782
3102, 298
10324, 3
51, 12309
2932, 183
3225, 502
11132, 13
859, 1455
3216, 346
1182, 2204
47, 1732
829, 839
3186, 167
850, 712
3207, 468
1538, 95366
836, 1333
3193, 324
841, 696
3198, 380
881, 1139
3238, 231
8325, 9
12454, 2
2181, 1854
2182, 1903
2732, 220
7819, 8
11104, 3
831, 1248
2087, 6541
2210, 3158
7297, 6
948, 267
2042, 7903
7129, 23
2018, 6916
2031, 6224
2040, 7113
2504, 621
1899, 19381
2174, 1923
392, 333
5479, 362
10911, 1
638, 1810
2209, 3248
7296, 51
2438, 719
711, 1270
5798, 67
3068, 200
11957, 8
1684, 44321
68, 3363
2425, 1311
2123, 3465
7210, 6
2125, 3324
2740, 97
2121, 3237
3288, 850
11475, 1
1202, 2841
3559, 537
2188, 1849
1886, 25225
10319, 4
46, 832
5133, 120
395, 190
3003, 625
10652, 2
379, 325
5466, 610
112, 4696
11365, 32
1092, 3214
6179, 60
3449, 305
156, 170
157, 236
5244, 887
3000, 182
154, 925
5241, 629
159, 116
291, 2314
5378, 212
10504, 5
231, 1415
2914, 344
2579, 443
10495, 3
222, 1781
5309, 279
234, 2170
2913, 286
257, 1927
5344, 881
2459, 1018
102, 269
5189, 247
2264, 1444
1001, 1100
10835, 10
562, 1428
5649, 282
2919, 273
2512, 762
155, 266
2574, 358
10490, 17
217, 813
302, 3208
5389, 247
12932, 5
2659, 179
2662, 191
7749, 10
1243, 2957
3600, 425
8687, 8
2661, 408
10570, 1
297, 3235
5384, 226
2654, 659
1174, 2814
3531, 142
1173, 3258
3530, 658
2684, 168
2691, 208
7778, 72
64, 6609
5151, 207
10608, 1
335, 406
2692, 234
7779, 16
11192, 28
919, 183
2737, 274
1247, 3699
3604, 483
8691, 1
1381, 4660
6468, 47
1301, 2783
1117, 2749
6204, 148
3433, 336
1076, 5871
6163, 88
1062, 5129
1770, 55739
4202, 115
1845, 35287
1785, 46974
1361, 5916
6448, 35
1822, 45520
11364, 5
1091, 3103
6178, 23
1724, 74937
1594, 31778
1578, 39967
11897, 8
1624, 37384
1408, 7921
1367, 5367
1165, 3923
1152, 5933
578, 14209
11024, 1
751, 2157
10717, 3
444, 2717
1201, 3166
6288, 114
1482, 37666
11319, 5
1046, 1689
4229, 138
1872, 24189
2061, 8042
990, 1784
11106, 6
833, 700
174, 1114
5261, 592
3231, 454
874, 2126
1315, 3320
11051, 1
778, 893
5785, 127
698, 488
1071, 3848
4215, 144
1858, 27203
1781, 48826
4098, 113
1741, 108086
11954, 3
1681, 44573
6768, 7
1601, 39479
1579, 37688
3930, 172
1573, 42289
1580, 37248
1575, 35808
6662, 29
1434, 64218
1745, 112456
3995, 66
1638, 39527
6725, 111
3805, 223
1448, 113623
11524, 4
1251, 4073
1560, 54889
11725, 1
1452, 77811
11728, 1
1455, 78898
1188, 3350
1587, 34185
10612, 3
339, 1221
5426, 180
2696, 360
3942, 244
1585, 31189
1875, 25950
10900, 7
627, 3051
2984, 273
11050, 16
777, 736
513, 584
3979, 254
1622, 37042
372, 212
5459, 150
11754, 1
1481, 38689
278, 6631
5365, 202
10339, 1
66, 4182
2284, 1746
62, 6076
2280, 885
11444, 3
1171, 3873
1963, 13587
60, 1999
12551, 1
2278, 1360
1922, 22565
1934, 21619
1932, 23674
7019, 13
823, 816
5910, 51
1461, 97662
10625, 2
352, 4264
5439, 63
3831, 202
1474, 30219
1483, 34677
1437, 54672
145, 13545
1254, 3666
1710, 56519
1615, 49012
506, 392
1714, 58886
605, 787
1584, 33400
1563, 46079
1558, 60330
1417, 12515
2665, 216
308, 626
316, 515
5403, 396
1425, 25764
1398, 4996
1725, 73797
1187, 2793
1728, 117822
619, 8495
5706, 122
3714, 422
11630, 2
1357, 5758
6444, 106
1731, 129392
3978, 179
1621, 35724
5226, 645
139, 73561
512, 716
5599, 343
1618, 42123
2623, 289
266, 11363
5353, 275
1375, 4668
6462, 41
268, 58504
5355, 177
11650, 7
1377, 4918
11426, 2
1153, 5696
10317, 18
44, 201512
5131, 103
2262, 1462
11424, 1
1151, 5973
10315, 6
42, 406124
3767, 90
11683, 9
1410, 7402
1147, 4488
1518, 121971
409, 362
5496, 362
1515, 149326
406, 562
5493, 63
1524, 87702
1523, 89817
1472, 51630
363, 906
5450, 145
1831, 42686
1933, 21187
7020, 34
824, 700
1392, 5070
4997, 118
283, 3404
3863, 253
8950, 12
11779, 12
1506, 91753
440, 11466
3906, 201
8993, 3
1549, 78538
400, 19262
5487, 118
1509, 72470
235, 11443
5322, 342
11617, 4
1344, 10230
6431, 11
211, 148664
11593, 2
1320, 4369
259, 13084
5346, 726
1368, 6037
6455, 26
165, 30113
5252, 561
11547, 1
1274, 5393
1771, 61404
6858, 33
148, 9982
5235, 323
1257, 3028
6344, 35
11610, 2
1337, 9170
1313, 2962
204, 4476
4187, 72
1830, 46784
1289, 2814
180, 20428
5267, 513
3870, 247
1513, 83604
2788, 238
10704, 1
431, 628
5518, 388
1540, 91311
1194, 2817
2442, 730
85, 7699
5172, 222
1511, 68923
402, 5056
1475, 43870
1039, 979
6126, 227
1514, 114462
405, 802
5492, 149
1919, 17230
1923, 21309
979, 3376
1272, 4602
6359, 22
1917, 17284
3026, 234
11715, 26
1442, 132361
2582, 368
7669, 16
225, 1755
1334, 8281
3664, 351
11580, 53
1307, 2460
866, 1398
1975, 13564
1427, 33346
1918, 20711
11644, 1
1371, 5743
348, 296
3814, 346
8901, 7
11730, 23
1457, 101217
3787, 252
8874, 3
1430, 70943
1297, 3640
1269, 4324
2517, 616
7604, 6
1276, 4526
167, 28521
1278, 4366
6365, 25
4883, 60
169, 723
342, 4767
5429, 214
1451, 73385
1424, 29116
2672, 286
315, 179
5402, 508
3709, 725
8796, 11
1352, 7681
243, 5270
11716, 3
1443, 152347
1438, 48161
1333, 8845
2581, 445
7668, 11
224, 4358
1336, 7630
10500, 77
227, 3284
3429, 981
11345, 1
1072, 4375
6159, 84
3415, 559
1058, 4820
11743, 2
1470, 42372
3826, 261
1469, 34639
3823, 421
1466, 68234
11095, 1
822, 803
629, 998
2986, 371
1669, 78547
6756, 11
1539, 97161
10703, 3
430, 1569
1670, 94126
6757, 10
10834, 1
561, 2722
261, 3544
1370, 5758
1676, 77022
6763, 39
567, 2816
5654, 94
2802, 720
10718, 3
445, 2620
3911, 76
1554, 61291
484, 9455
1593, 30643
6680, 12
3841, 275
1484, 44771
2562, 448
205, 4454
1314, 3046
213, 36708
1322, 5186
10485, 1
212, 14297
203, 15568
1312, 2884
1232, 2258
123, 86557
1773, 58599
664, 18071
11532, 4
1259, 4400
1756, 84193
1497, 64177
1495, 45704
1473, 42002
96, 6068
5183, 216
1496, 60486
11714, 5
1441, 75114
359, 1403
5446, 74
1468, 39949
3712, 414
1355, 7759
10519, 2
246, 2560
5333, 354
1816, 41292
1275, 4945
2523, 769
166, 248
1750, 112548
4108, 59
1751, 98230
10915, 4
642, 771
124, 11994
1747, 113902
11015, 2
742, 2470
10474, 4
201, 21312
5288, 426
1310, 2373
1824, 45815
6911, 11
1073, 4482
6160, 133
1614, 41244
4157, 181
1800, 35791
1703, 37656
10925, 1
652, 3729
2966, 268
609, 3261
1718, 91435
3032, 180
675, 4125
5762, 124
3620, 296
8707, 2
1263, 5075
1804, 36723
4111, 187
1754, 98498
519, 3441
11901, 2
1628, 29353
5306, 414
10492, 35
219, 886
10865, 2
592, 507
5679, 450
1701, 38549
6788, 31
11947, 20
1674, 83614
10838, 8
565, 1317
5652, 155
1807, 38113
1740, 110559
1743, 122285
1704, 41390
11780, 1
1507, 81498
1820, 43908
1447, 124640
12968, 10
2695, 212
10611, 3
338, 1234
1821, 48261
6908, 45
1711, 48136
1708, 47220
1769, 67797
1342, 10665
10506, 4
233, 1758
2617, 287
260, 6344
5347, 292
1369, 6684
4247, 290
1890, 24610
11054, 2
781, 936
2624, 391
267, 62148
5354, 97
1376, 4659
11608, 27
1335, 7901
1876, 21763
11040, 1
767, 571
5854, 468
1244, 2777
1241, 3161
10405, 11
132, 192
1239, 2717
6326, 35
11771, 12
1498, 57390
389, 520
3591, 200
1234, 2842
125, 2093
5174, 370
87, 1837
10733, 7
460, 136
690, 479
1772, 54506
663, 14716
5750, 102
10422, 4
149, 77824
5236, 245
1258, 3939
6345, 68
3588, 358
1231, 2313
6318, 433
122, 210569
2871, 411
10787, 1
514, 552
1623, 35765
0, 3512346
5087, 227
1109, 2835
6196, 374
1028, 474
11270, 1
997, 809
1664, 78746
555, 1232
5642, 726
4755, 79
10314, 1
41, 5328
1150, 6280
1512, 85877
403, 401
5490, 185
3845, 261
11761, 1
1488, 46019
485, 2800
11713, 5
1440, 59789
2715, 392
358, 868
1467, 54272
2576, 453
101, 20482
5188, 305
353, 344
1462, 81758
470, 238
5557, 592
995, 1655
344, 1193
5431, 534
1453, 75605
446, 682
5533, 100
3912, 144
1555, 66440
1271, 4824
6358, 82
189, 2877
11571, 1
1298, 3494
10592, 7
319, 559
5406, 299
1428, 60291
183, 319
5270, 179
11565, 1
1292, 3176
326, 749
11708, 10
1435, 48710
182, 121646
11564, 1
1291, 2867
6378, 27
673, 11646
1782, 43595
3012, 393
8099, 11
10928, 2
655, 9745
5742, 56
1737, 105423
114, 17888
5201, 223
448, 1046
1557, 59127
10464, 1
191, 20990
11573, 33
1300, 3080
447, 1508
1556, 53825
2547, 388
10463, 3
190, 42234
11599, 4
1326, 4605
3710, 404
1353, 7349
6440, 11
1014, 562
657, 65537
116, 4158
113, 33917
1222, 2591
6309, 57
349, 583
5436, 104
1458, 90236
11988, 4
1715, 64054
92, 842
5179, 161
579, 6792
1688, 37477
1120, 3411
4725, 76
271, 37661
1894, 21048
856, 885
11990, 9
1717, 78097
10881, 1
608, 3325
94, 1022
3560, 244
1203, 2833
10747, 12
474, 905
93, 159
5180, 130
3789, 218
1432, 58726
323, 1998
2707, 303
350, 407
1459, 67229
535, 12878
5622, 627
1644, 65825
10294, 8
21, 129689
5108, 295
1130, 4128
1650, 73148
10300, 5
27, 2986
5114, 158
3493, 557
1136, 5128
4998, 78
284, 3681
10313, 1
40, 37388
2258, 940
7345, 9
553, 1944
1662, 95425
3451, 576
11367, 13
1094, 3278
6181, 36
12, 66981856
1121, 3671
6208, 160
10800, 3
527, 1989
1636, 35405
10286, 2
13, 103844
11395, 2
1122, 3439
19, 4024
3471, 737
1114, 2362
5, 759029
4012, 112
11928, 1
1655, 85102
32, 757
5119, 250
1141, 6451
172, 158
1281, 4874
6368, 195
1668, 81981
10859, 1
586, 3569
5673, 60
11968, 6
1695, 35201
45, 1102
11427, 5
1154, 6020
2263, 1022
7350, 16
57, 11368
1166, 3713
10346, 3
73, 1219
5160, 144
1637, 39226
6724, 7
528, 4559
14, 271581
11396, 1
1123, 2750
6210, 83
3426, 597
1069, 6269
6156, 36
1568, 47267
486, 875
5573, 179
1595, 38081
265, 23017
5352, 717
1374, 4931
6461, 19
806, 3121
1915, 17955
1658, 118836
1144, 4183
15, 46669
10802, 5
529, 3939
1666, 82000
10316, 9
43, 116061
1652, 57220
2386, 844
29, 30681
1138, 5485
780, 921
2998, 390
1348, 6770
6435, 34
11283, 1
1010, 744
6097, 149
493, 787
1007, 921
6094, 54
2515, 430
158, 20065
1267, 4513
1957, 11845
3205, 687
848, 830
3470, 256
1113, 2585
10277, 6
4, 7826401
2222, 3251
7309, 109
31, 104759
1140, 5945
2, 604664
3468, 571
1111, 2450
6198, 55
1143, 4309
10307, 1
34, 105021
2418, 942
61, 3309
3960, 205
1603, 38497
140, 385
11758, 8
1485, 39193
944, 141
22, 51230
1131, 4430
489, 468
4190, 339
1833, 45682
10483, 5
210, 10766
5297, 278
11592, 3
1319, 4404
2694, 187
337, 1241
1446, 105264
10356, 2
83, 109901
1192, 3371
1647, 69916
2381, 905
24, 593020
3490, 416
11406, 3
1133, 4279
6220, 295
2358, 1199
10274, 26
1, 336869
5088, 94
1110, 3133
6197, 299
4010, 91
1653, 51642
13201, 1
2928, 178
10844, 1
571, 1279
2387, 561
10303, 1
30, 80976
5117, 149
1139, 5760
33, 567
5120, 480
1142, 5012
6229, 41
385, 493
5472, 132
1494, 39412
10350, 4
77, 62258
5164, 551
1565, 47485
5197, 300
110, 1663
483, 1914
290, 1114
5377, 387
2647, 210
2786, 192
429, 2774
2443, 783
86, 2040
5173, 436
10765, 1
492, 794
274, 10099
1640, 34728
10290, 1
17, 280532
1126, 3040
6213, 53
1327, 5039
10491, 3
218, 829
5305, 472
245, 3837
5332, 913
3711, 660
11627, 2
1354, 7012
3373, 317
1016, 361
3862, 171
8949, 6
11778, 3
1505, 92416
1532, 116112
937, 156
1748, 115149
1667, 76900
2836, 514
479, 47723
1588, 34064
11293, 20
1020, 623
1081, 5198
6168, 65
59, 9157
1168, 4067
1415, 9263
3, 1070968
317, 708
5404, 915
11699, 2
1426, 30501
1345, 8670
10289, 2
16, 35738
1125, 3192
2427, 1466
70, 2534
5157, 162
3536, 466
1179, 3062
1517, 151026
2792, 922
7879, 47
435, 664
1544, 82840
949, 879
6036, 42
2058, 7596
7145, 16
1801, 35625
178, 264146
54, 10449
3520, 256
1163, 4289
37, 103148
1146, 4101
2255, 2064
1219, 2049
10410, 18
137, 491
1246, 3313
2017, 7715
394, 5523
5481, 183
3860, 266
1503, 95981
10283, 1
10, 12609
1038, 1396
1100, 2399
2375, 905
18, 1405
11400, 3
1127, 3130
1632, 32347
9, 187586
5096, 194
1218, 2452
10382, 21
109, 183437
5196, 166
2493, 575
136, 10676
2439, 747
82, 1810
1191, 3279
1646, 84817
23, 1746
5110, 214
1132, 4194
6219, 509
1362, 6135
11094, 1
821, 743
280, 8203
1389, 5073
10331, 5
58, 8129
5145, 262
2580, 953
223, 5079
5310, 239
1332, 8027
12003, 1
1730, 135185
11932, 1
1659, 109999
36, 92334
1145, 4673
1916, 16384
2650, 138
293, 10400
5380, 351
10299, 2
26, 1396070
1135, 4486
6222, 99
1365, 5358
6452, 6
450, 308
3916, 238
9003, 1
1559, 59464
6646, 13
7, 85818
11389, 7
1116, 2357
3919, 311
1562, 49443
6649, 49
507, 478
1616, 40757
3378, 493
1021, 600
2877, 463
10793, 1
520, 1756
5607, 79
3986, 262
1629, 25736
1088, 4343
6, 8851
3472, 695
1115, 2145
6202, 109
2224, 2680
953, 1442
2062, 5647
10591, 10
318, 1081
2675, 639
11839, 3
1566, 50237
1823, 46355
2557, 843
200, 2282
5287, 133
1309, 2768
10472, 1
199, 1088
1308, 2719
6395, 55
2385, 1164
10301, 1
28, 55521
3494, 946
1137, 5273
285, 2369
5372, 307
1394, 4776
3752, 861
1395, 5715
2643, 372
286, 4273
5373, 277
2671, 157
314, 391
5401, 421
1423, 29391
1396, 4708
292, 5197
5379, 497
1401, 5749
1253, 3934
996, 1372
6083, 294
879, 2600
1013, 781
1955, 12174
1414, 10429
11285, 3
1012, 494
241, 33427
1350, 7654
3768, 343
1411, 6768
1487, 50295
11219, 2
946, 273
1002, 1407
2111, 4906
7198, 31
3221, 391
864, 2134
1973, 13336
1405, 7012
952, 434
11340, 3
1067, 6191
6154, 22
39, 205827
1148, 5090
1648, 60000
2923, 281
10839, 4
566, 2567
5653, 79
1675, 85165
25, 22166
1134, 4452
1156, 4690
10347, 1
74, 821
5161, 173
1008, 798
237, 103014
3703, 293
8790, 4
11619, 2
1346, 7675
6433, 38
1550, 77736
1009, 854
238, 6931
11620, 1
1347, 7080
6434, 46
1657, 126774
2475, 1389
10391, 3
118, 46512
5205, 523
4182, 103
1825, 44859
2559, 228
202, 20903
5289, 173
1311, 2831
1262, 5518
186, 101727
5273, 728
1295, 3897
1815, 36186
192, 21394
5279, 410
1220, 2495
3802, 275
1445, 112562
3287, 496
930, 140
1444, 136123
52, 42196
5139, 143
1161, 3787
6248, 56
3594, 524
1237, 2773
1090, 4565
3988, 111
11904, 1
1631, 28729
10795, 3
522, 13471
164, 1388
5251, 791
3630, 208
11546, 5
1273, 4997
1687, 39465
2127, 3439
4935, 62
221, 2052
1330, 6399
427, 2885
1536, 99788
2454, 814
97, 16620
5184, 488
347, 10556
1970, 10804
1177, 2670
2286, 1223
10368, 2
95, 9043
5182, 194
3561, 592
1204, 2917
324, 710
1433, 74091
6520, 17
1406, 7202
50, 129741
1159, 5985
1673, 72598
10503, 67
230, 1790
5317, 147
3696, 189
1339, 8138
6426, 11
11602, 3
1329, 6654
2577, 409
10493, 1
220, 1794
2604, 383
11629, 7
1356, 7717
6443, 165
12971, 16
2698, 131
341, 4401
5428, 113
1450, 55980
20, 2079
1129, 4053
313, 249
2670, 417
1561, 51844
4175, 102
1818, 45924
195, 938
5282, 168
11009, 9
736, 652
2621, 246
264, 25054
5351, 337
3730, 316
11646, 4
1373, 4556
1887, 26291
1197, 3317
6284, 106
1738, 106291
508, 544
482, 2549
5569, 418
10562, 1
289, 1365
2646, 259
1537, 89658
1727, 89892
104, 15489
5191, 79
11945, 11
1672, 84234
6759, 55
10322, 3
49, 150260
5136, 187
1158, 5665
6245, 36
3964, 234
1607, 37044
498, 587
1605, 37380
1606, 35629
4133, 128
1776, 53035
1235, 2309
6322, 63
3828, 165
1471, 53053
2719, 696
10635, 1
362, 1066
5449, 136
3908, 160
1551, 64664
442, 2920
3900, 236
1543, 76614
2791, 381
434, 1097
5521, 114
1397, 5386
1382, 5051
2630, 587
273, 2124
3747, 205
1390, 5762
6477, 50
3745, 317
1388, 4315
6475, 17
279, 9082
1400, 5153
6487, 28
3773, 362
1416, 11396
1490, 39183
1546, 77946
1542, 84259
6629, 21
433, 895
5520, 310
11066, 4
793, 799
5880, 77
3924, 278
1567, 43945
885, 1254
1994, 9580
1883, 28436
11047, 2
774, 1524
5861, 222
837, 728
1881, 26840
772, 584
1000, 1138
1891, 19540
1649, 67660
1971, 10619
11337, 4
1064, 5562
3970, 133
1613, 41489
3720, 205
1363, 5618
6450, 49
1340, 7974
1364, 5129
1654, 73219
1924, 19234
10949, 2
676, 8794
5763, 35
3033, 288
759, 1087
5846, 134
1868, 27036
1541, 84532
2789, 368
10705, 2
432, 463
10857, 1
584, 4856
1693, 29641
6780, 31
1928, 21646
1966, 9646
11806, 1
1533, 111023
1499, 56454
6586, 11
1535, 118461
1950, 22951
1952, 17405
11116, 2
843, 711
1526, 97422
417, 1315
5504, 166
1522, 87229
1155, 5150
3775, 422
11691, 3
1418, 12920
499, 432
5586, 329
11437, 32
1164, 3732
2273, 1621
1938, 17890
1953, 15623
3984, 219
1627, 31762
518, 5195
5605, 139
11903, 2
1630, 24616
2878, 428
521, 16172
1366, 6018
1734, 112144
1407, 7526
12012, 1
1739, 106275
1656, 121752
1726, 79838
4077, 120
11993, 4
1720, 75556
3931, 279
1574, 37521
11845, 1
1572, 42788
6659, 21
1577, 37425
6664, 42
1571, 40876
1723, 79811
674, 13194
12056, 2
1783, 46030
656, 69293
654, 3248
651, 2597
4117, 140
1760, 77521
994, 1361
11883, 4
1610, 38607
1719, 83774
1521, 111097
3437, 823
1080, 5842
6167, 57
4093, 64
1736, 105253
1651, 66633
11702, 9
1429, 88592
14106, 4
3833, 170
1476, 47823
1477, 38897
1836, 46982
577, 40268
1641, 43640
4199, 165
1842, 36111
1635, 29842
1516, 159493
2682, 629
325, 1275
1967, 12574
3215, 457
11131, 3
858, 1595
1840, 46082
1596, 34198
487, 1724
3976, 121
1619, 40966
6706, 30
4196, 106
1839, 41571
1056, 2849
12438, 2
2165, 2203
11314, 8
1041, 1728
1052, 3019
1055, 3439
1316, 2975
1421, 9708
6508, 16
3453, 518
11369, 2
1096, 2416
6183, 79
1351, 8093
11534, 2
1261, 6061
3609, 369
11525, 25
1252, 4018
1264, 4635
1280, 4513
3770, 106
1413, 9301
1360, 6554
3769, 251
1412, 7649
1431, 59056
2679, 611
322, 9475
834, 1177
2006, 8829
7093, 18
2009, 10431
1985, 10167
7072, 79
11309, 1
1036, 1230
1286, 3683
6373, 109
2395, 619
1323, 5599
3681, 236
11597, 3
1324, 6153
6411, 17
10488, 3
215, 796
1226, 2024
743, 1235
1378, 4199
1867, 25276
1480, 43456
5085, 344
2728, 581
7815, 7
10644, 1
371, 532
1479, 35226
10643, 6
370, 322
3865, 211
11781, 4
1508, 75183
3861, 462
1504, 89286
1742, 117984
1749, 110070
6836, 10
12008, 1
1735, 110015
275, 8728
2629, 519
272, 5110
1729, 130528
3969, 230
1612, 39710
4002, 245
1645, 75886
1709, 46421
6796, 12
1548, 79951
439, 2515
1582, 34121
6669, 26
2882, 174
10798, 35
525, 1503
3991, 170
1634, 27177
6721, 14
1712, 53610
3038, 605
681, 856
5768, 65
615, 2175
3018, 220
661, 5391
5748, 154
658, 1727
1702, 37394
1066, 5185
6153, 205
1869, 21877
1755, 83085
1184, 2179
356, 1768
3822, 239
1465, 77916
10531, 1
258, 6988
5345, 807
668, 3674
1827, 49443
10853, 1
580, 1913
5667, 475
4046, 113
1689, 37498
4160, 123
1803, 37975
6890, 16
1520, 114413
2074, 6236
2049, 5501
244, 3094
5331, 841
2601, 1030
2000, 10571
2573, 668
7660, 34
10489, 59
216, 435
5303, 163
105, 7247
5192, 263
2146, 2045
2090, 6407
981, 1222
2098, 5627
2099, 5035
10402, 8
129, 673
382, 299
3848, 257
1491, 35373
6578, 12
1864, 28120
4022, 160
1665, 77485
1862, 28992
1268, 4025
1643, 66157
6730, 54
1642, 55279
11604, 9
1331, 6650
1528, 103108
1564, 48275
1570, 42812
1576, 39466
6663, 35
1626, 29579
744, 1288
1853, 33812
853, 524
5940, 130
11912, 1
1639, 38524
6726, 37
1089, 4278
6176, 127
12176, 2
1903, 20354
6990, 46
2085, 6289
7172, 57
1974, 14225
865, 2178
5952, 76
11986, 1
1713, 52922
1677, 60781
6764, 27
1493, 47862
1530, 124700
1531, 112326
481, 4674
5568, 552
1986, 10814
11611, 5
1338, 8133
6425, 78
11989, 1
1716, 70817
2010, 7734
1527, 102000
2775, 142
10691, 1
418, 1251
1552, 62553
443, 2891
5530, 464
1553, 60327
1999, 10976
1997, 10970
1995, 7983
886, 1355
1990, 11282
1976, 12194
3224, 272
867, 946
1597, 32764
1600, 36134
6687, 21
11980, 1
1707, 40273
11969, 1
1696, 33245
1690, 38284
1529, 118220
3904, 138
1547, 78144
438, 1950
1077, 4774
3436, 692
1079, 7266
1998, 8503
1721, 71725
1176, 2919
3820, 216
11736, 3
1463, 56630
1464, 60223
2015, 6995
7102, 47
12086, 2
1813, 39606
1968, 10606
1460, 82026
1068, 6012
3410, 864
1053, 3340
1328, 8483
1439, 51399
1436, 49655
3465, 446
1108, 2573
6195, 226
3776, 259
11692, 1
1419, 14902
1266, 5613
1270, 4599
1372, 5354
3779, 664
1422, 15069
3217, 387
860, 1740
1969, 11840
1409, 8471
12026, 1
1753, 92416
1296, 4033
2008, 11110
11118, 3
845, 1263
2092, 4333
1759, 80850
6846, 24
4114, 96
1757, 80614
2472, 953
2025, 6556
7112, 32
2108, 4665
1035, 1062
1190, 2954
11558, 13
1285, 4450
1989, 10286
7076, 31
10966, 2
693, 1810
3050, 171
91, 1879
1282, 5447
1545, 79704
6632, 24
436, 717
1892, 25600
1265, 5079
11561, 25
1288, 3068
6375, 107
1878, 23670
1814, 44551
1870, 24218
1786, 43993
4149, 115
1792, 46177
4146, 139
1789, 37200
1856, 30932
1850, 40647
1697, 36812
1797, 36787
4206, 87
1849, 34450
6936, 12
4151, 111
1794, 39433
1798, 36985
1762, 82205
10926, 1
653, 1652
3843, 153
1486, 41848
2185, 2297
1604, 41206
1947, 18729
1525, 93133
1805, 36187
6892, 45
2216, 2413
7303, 505
2281, 1933
2093, 5033
1826, 47301
2214, 1638
7301, 96
4174, 154
1817, 43905
1819, 40414
1810, 38078
3431, 520
1074, 3623
3416, 975
1059, 4392
3427, 759
1070, 4786
6157, 289
1279, 4885
6366, 34
1277, 4166
1987, 10143
3235, 610
878, 3487
1984, 11927
11253, 2
980, 1934
6067, 71
2032, 6732
2029, 5532
11321, 8
1048, 2752
11501, 9
1228, 2408
750, 1559
1992, 10781
2033, 8193
4195, 71
12111, 1
1838, 44797
1160, 4545
1003, 1132
2041, 6484
3459, 219
11375, 26
1102, 2804
6189, 30
1837, 51317
3556, 470
1199, 2789
3990, 90
1633, 27535
3806, 179
1449, 77632
1795, 36463
2019, 9252
1780, 47658
2011, 6825
3444, 387
11360, 4
1087, 4435
3440, 375
1083, 5174
1086, 3462
1343, 9437
6430, 53
11652, 1
1379, 5019
11563, 3
1290, 2819
3640, 244
11556, 31
1283, 5359
35, 10173
2392, 1146
1385, 5050
6472, 73
1391, 5097
792, 729
1860, 29923
3241, 439
8328, 14
884, 1185
4145, 295
12061, 4
1788, 41157
11108, 2
835, 1025
2478, 759
121, 35376
3355, 254
8442, 1
998, 569
6085, 455
2294, 1110
12052, 1
1779, 56216
1866, 24180
1211, 2122
749, 1048
10858, 8
585, 1842
5672, 178
1861, 25872
1722, 73358
3968, 98
1611, 35346
1581, 33360
4018, 125
11934, 1
1661, 100003
992, 1804
6079, 41
1609, 42643
2056, 5880
1841, 42504
4020, 200
1663, 91527
4017, 392
1660, 110797
1620, 40148
6707, 57
1671, 77147
6758, 4
1341, 9482
1284, 4743
175, 442
5262, 342
11578, 1
1305, 2116
873, 1731
787, 1055
5874, 71
1854, 29840
1873, 22842
1454, 58113
839, 893
1828, 49857
2290, 1393
4421, 242
2064, 6717
2059, 7044
3414, 299
1057, 4090
3569, 337
1212, 2395
4150, 166
1793, 41211
1403, 6560
1778, 52576
3519, 986
11435, 27
1162, 4268
1758, 88218
1774, 52684
2363, 498
2364, 706
81, 3850
5168, 320
2566, 306
2369, 894
11049, 3
776, 505
5863, 302
538, 579
5625, 408
2578, 796
2798, 372
2805, 241
4945, 363
2825, 299
2827, 153
2832, 141
4627, 137
2826, 756
7913, 4
393, 158
602, 1277
5689, 234
587, 1040
5674, 109
599, 185
5686, 372
600, 465
5687, 88
4434, 95
727, 384
4688, 39
2525, 484
2183, 1842
7270, 30
2560, 367
2527, 826
7614, 9
4664, 46
2030, 6314
7117, 46
2014, 8837
2178, 2021
2193, 2088
7280, 19
1033, 1218
4689, 77
2764, 503
2658, 144
7745, 2
2751, 595
1980, 11162
2722, 193
424, 765
2810, 277
2752, 700
2758, 732
2807, 303
2274, 1517
2050, 5865
7137, 3
2267, 1273
2785, 245
2770, 210
10577, 2
304, 2937
5391, 139
361, 686
5448, 130
305, 1120
5392, 294
2066, 6306
10776, 1
503, 243
5590, 108
10855, 7
582, 1180
5669, 559
10816, 9
543, 1558
2401, 883
2329, 834
2389, 1112
2202, 2279
2107, 3322
1960, 13325
4690, 75
2344, 828
2106, 3515
2136, 2374
2343, 428
2133, 3327
7220, 8
2405, 1251
2097, 6403
560, 944
5647, 330
2116, 4258
2366, 605
2155, 2446
2367, 1285
2368, 691
2172, 1969
2399, 832
2374, 767
2397, 792
2022, 7350
12072, 2
1799, 34060
2403, 1267
2806, 331
7893, 12
2406, 508
2804, 216
2411, 1605
2767, 281
2422, 1236
581, 2382
2239, 1596
868, 964
2774, 137
840, 524
11257, 8
984, 856
2013, 8597
2779, 191
7866, 12
2430, 1112
625, 9122
2787, 427
7874, 59
887, 2249
5974, 118
752, 2609
4681, 142
678, 3583
613, 506
4680, 92
2851, 646
2039, 6090
1034, 1292
4301, 352
4293, 312
4292, 85
4679, 21
4330, 150
197, 1952
401, 295
270, 41920
795, 412
2141, 3247
974, 2329
4683, 230
3565, 215
3487, 132
3506, 580
3844, 236
2488, 898
3672, 253
4682, 105
4671, 15
4678, 18
4366, 91
412, 247
5499, 195
4795, 120
3366, 241
4611, 90
4399, 86
4504, 60
4619, 128
4544, 58
4533, 153
2376, 688
2377, 567
954, 938
2327, 908
4796, 107
923, 161
334, 481
4663, 341
686, 741
10609, 10
336, 306
331, 169
3838, 269
4798, 347
4666, 69
4661, 405
799, 449
10884, 2
611, 591
4773, 96
920, 203
6007, 108
11008, 21
735, 558
732, 2226
4763, 81
551, 1167
5638, 546
509, 527
475, 1118
959, 1222
4702, 73
4707, 87
4628, 272
3877, 674
3996, 75
4799, 356
4782, 58
4793, 197
4783, 34
4786, 43
4070, 93
3910, 64
4770, 47
4797, 71
4706, 92
4728, 43
4694, 40
4734, 130
3921, 431
4794, 270
4787, 157
4791, 46
10846, 23
573, 1254
5660, 180
10820, 22
547, 245
4498, 109
2151, 3439
7238, 44
3036, 146
4800, 753
4766, 101
4723, 147
4776, 113
4764, 108
4665, 78
4716, 56
4718, 92
327, 437
4781, 13
2393, 705
3689, 245
3117, 314
3605, 522
4699, 62
4654, 47
4607, 76
4633, 165
4662, 259
4624, 58
4612, 104
4588, 124
4632, 55
4759, 62
4715, 74
4724, 80
4708, 181
4780, 78
4757, 86
4789, 122
4746, 63
3782, 258
3020, 94
3750, 633
3731, 227
8818, 9
3799, 394
8886, 7
3763, 208
8850, 2
3749, 309
3347, 295
8434, 9
3578, 458
8665, 1
3581, 276
3760, 190
3419, 901
3253, 275
8340, 2
3418, 305
8505, 5
3407, 518
3421, 393
549, 502
5636, 543
3363, 445
8450, 5
3593, 424
2077, 6178
626, 5682
672, 2893
669, 3001
2486, 1258
7573, 7
12566, 6
2293, 1348
3430, 1134
2897, 411
2296, 1335
7383, 26
3540, 186
3541, 325
2316, 1472
7403, 156
3401, 800
3048, 201
3128, 393
3762, 180
3268, 344
3259, 645
3260, 388
3246, 372
3269, 522
3270, 272
3150, 309
13039, 1
2766, 489
4280, 232
4276, 201
4274, 267
4623, 43
3428, 518
4231, 73
4253, 91
4250, 172
4251, 110
4254, 231
3522, 664
3686, 464
3971, 293
3513, 761
4030, 103
3514, 521
3509, 144
3394, 543
4849, 55
3396, 371
3527, 433
3821, 255
8908, 1
3524, 643
4805, 53
3523, 366
3736, 171
3738, 323
3504, 488
2881, 471
3950, 851
3920, 150
11208, 1
935, 193
6022, 58
3671, 471
2236, 1341
3302, 263
3692, 179
8779, 5
3997, 220
4025, 225
3956, 159
3741, 679
3926, 219
3993, 205
3883, 250
3781, 368
4016, 144
3869, 116
3759, 219
8846, 48
3757, 142
8844, 1
3751, 214
3753, 122
8840, 3
4807, 85
3754, 234
8841, 8
3965, 98
3999, 203
3957, 379
3992, 99
4027, 202
2004, 8163
4063, 249
4014, 178
4067, 142
4066, 159
4032, 171
3998, 79
3985, 71
4019, 287
4072, 154
1030, 469
6117, 99
4802, 189
4788, 49
4083, 158
4036, 221
4810, 64
4803, 48
4042, 140
4236, 239
4238, 254
2571, 1028
4243, 138
4163, 66
4246, 280
4263, 139
4265, 142
4298, 199
4813, 54
1988, 11067
4868, 105
4102, 245
4306, 166
978, 2748
4261, 77
4259, 177
4815, 64
4214, 98
4774, 59
4268, 299
10770, 5
497, 600
4317, 134
2685, 361
4314, 189
390, 333
5477, 152
4252, 213
4320, 79
2153, 2785
10749, 20
476, 610
4269, 98
4444, 118
10734, 1
461, 288
4850, 48
4852, 77
904, 500
4237, 117
11058, 1
785, 636
4876, 97
2420, 705
4327, 83
2416, 941
2398, 681
2332, 1551
2311, 1654
7398, 64
2299, 1119
12574, 1
2301, 1391
11130, 1
857, 1291
414, 637
5501, 119
1017, 381
6104, 32
11204, 4
931, 86
11243, 1
970, 1942
6057, 142
2145, 3117
7232, 10
4391, 84
2302, 1319
2303, 1360
4337, 148
2323, 937
2310, 1623
2320, 1415
2086, 6061
2221, 2123
4345, 77
2142, 2249
7229, 41
4887, 228
4886, 690
10986, 2
713, 1070
2055, 6011
7142, 1
2315, 1079
2314, 1224
2317, 1165
2318, 973
2324, 972
10576, 2
303, 2824
328, 291
2158, 2860
2289, 1154
4888, 202
4514, 202
187, 1005
11069, 3
796, 370
2507, 934
7594, 20
2511, 662
14785, 2
4512, 201
2513, 603
4518, 136
2537, 731
7624, 5
2540, 368
7627, 5
2539, 443
2544, 521
4441, 240
4524, 133
636, 1118
628, 2394
380, 239
4272, 222
375, 517
2137, 2172
276, 1888
4481, 151
2023, 7322
2487, 981
2113, 4037
825, 755
2043, 7016
7130, 10
4530, 120
2361, 861
10400, 2
127, 1167
381, 192
2530, 928
2365, 782
2140, 2114
2045, 6149
703, 643
4404, 103
4902, 136
2200, 2468
7287, 66
2492, 616
718, 454
2147, 3136
2135, 3903
12436, 3
2163, 2389
2384, 725
4974, 72
373, 309
504, 228
725, 1123
2524, 627
2445, 937
4892, 53
1015, 644
6102, 101
2509, 837
963, 1203
11295, 2
1022, 828
6109, 57
2231, 2041
7318, 4
2516, 658
2528, 909
2242, 2015
7329, 24
307, 955
449, 658
631, 837
4895, 114
2531, 917
7618, 2
2561, 507
4898, 135
2673, 591
5662, 504
4903, 273
4885, 92
4871, 132
4872, 194
4884, 180
4875, 76
4900, 325
4911, 265
2640, 320
2505, 507
4909, 306
4901, 175
4675, 56
4712, 34
3785, 153
5038, 108
171, 135
146, 10234
99, 361
5186, 262
10426, 3
153, 157
76, 434
10420, 1
147, 689
269, 9130
2474, 1364
2473, 631
2471, 738
2462, 1108
2070, 7378
2470, 1321
2456, 791
2287, 2170
2203, 1863
7290, 42
2206, 2336
7293, 15
2162, 3061
2464, 1019
2257, 1675
2455, 1142
2204, 2445
7291, 34
2450, 1220
2479, 1171
7566, 12
2754, 233
2839, 123
2895, 188
2465, 1089
941, 140
6028, 260
614, 1042
2631, 269
3072, 265
3005, 354
2469, 998
2467, 817
2676, 632
2468, 1379
756, 6575
2950, 197
2651, 582
2666, 103
2608, 909
2596, 174
3094, 296
2703, 241
2616, 451
2681, 258
2687, 181
2741, 244
2618, 418
2958, 276
2700, 231
5047, 171
5045, 270
3104, 123
2994, 228
2699, 130
3103, 247
3113, 321
4556, 84
4548, 154
4547, 50
5044, 217
3082, 367
958, 974
2886, 222
281, 270
5368, 789
5065, 357
3837, 185
469, 576
4116, 108
2409, 913
3009, 248
5066, 172
5064, 711
5055, 116
5062, 172
4636, 33
4955, 477
3521, 422
4768, 65
4555, 86
4701, 140
4954, 321
4819, 103
4820, 27
456, 146
387, 491
4822, 64
4817, 101
4952, 136
490, 1156
419, 320
4929, 118
803, 350
4919, 128
552, 1512
5639, 601
510, 576
546, 677
4857, 76
4862, 235
3892, 286
8979, 43
4957, 598
4956, 112
4940, 387
4951, 120
4953, 87
4941, 136
4944, 98
4228, 87
4068, 95
4928, 210
4864, 141
4079, 160
10481, 2
208, 1628
4949, 115
4656, 472
2783, 497
4920, 90
4923, 76
4880, 119
4939, 78
4933, 93
4921, 96
4835, 82
4870, 145
4844, 67
4856, 105
2760, 142
4938, 48
3222, 574
4426, 160
4854, 62
4809, 76
4762, 45
4779, 48
4767, 35
4743, 86
4914, 265
4879, 157
4863, 34
4912, 80
4950, 42
3697, 211
3503, 298
3501, 582
3496, 619
3483, 383
3482, 114
730, 828
3500, 457
3177, 273
3484, 380
3511, 414
3249, 406
3083, 528
3248, 245
8335, 65
3251, 208
8338, 5
3499, 247
3262, 581
3257, 416
2075, 5671
2370, 1348
3145, 225
3250, 390
3252, 264
8339, 100
3265, 334
2295, 1296
3525, 786
2815, 215
3705, 478
3272, 605
13371, 6
3098, 200
3089, 392
3090, 156
3099, 194
3100, 491
3761, 345
3662, 133
3309, 674
4695, 46
4691, 66
4673, 38
4458, 313
4672, 59
14873, 8
4600, 140
4594, 241
4644, 42
3601, 760
8688, 3
3592, 355
3596, 640
4948, 345
3318, 430
3320, 435
3458, 482
3608, 498
3801, 202
8888, 6
3450, 278
3803, 289
3764, 235
3766, 176
2916, 734
3634, 375
3567, 202
3929, 205
3585, 229
13855, 1
3582, 285
3928, 276
3771, 190
4640, 64
3656, 513
3096, 306
3667, 221
3657, 211
3670, 324
3665, 345
3660, 225
8747, 6
3659, 640
3774, 433
3817, 276
3661, 396
4958, 303
3818, 363
3915, 157
3810, 178
3734, 124
3889, 304
8976, 226
3888, 215
4658, 99
554, 1688
5641, 182
798, 282
3756, 378
3878, 446
4936, 99
4686, 62
3902, 274
8989, 2
4881, 177
3955, 249
3881, 397
4241, 166
4843, 106
4846, 76
3893, 124
4848, 162
4965, 536
3834, 246
4700, 134
3981, 82
4962, 247
4693, 65
3944, 53
3975, 150
3972, 118
3855, 224
2044, 6640
7131, 17
4305, 772
4889, 135
4947, 863
4946, 699
4916, 64
4752, 44
4741, 28
262, 791
5349, 882
4035, 100
4906, 290
896, 1130
5983, 160
4754, 13
4833, 111
801, 603
4226, 95
4168, 199
541, 2235
10817, 2
544, 3113
5631, 133
10345, 1
72, 1858
10336, 1
63, 7197
65, 6275
3933, 165
2688, 111
4942, 62
2333, 949
4922, 163
4910, 535
10425, 182
152, 331
5239, 335
138, 920
410, 294
5497, 420
10672, 1
399, 163
2132, 2495
4894, 143
4893, 55
2149, 3405
4968, 299
398, 268
2168, 2282
2341, 559
4213, 75
2157, 2595
558, 228
5645, 283
2154, 1497
2161, 1866
4378, 213
4322, 89
4365, 197
4328, 204
899, 679
11209, 1
936, 192
604, 1805
5691, 187
11296, 8
1023, 808
6110, 78
2499, 1246
2503, 634
4917, 45
2481, 858
4992, 280
2330, 958
901, 361
11291, 11
1018, 493
2283, 1444
2319, 1154
2211, 2796
7298, 93
2207, 2427
7294, 142
539, 454
378, 500
5465, 367
384, 460
2353, 870
4394, 185
972, 4874
4393, 65
2349, 618
2446, 1488
7533, 29
2447, 1142
807, 2433
2356, 1088
397, 247
10879, 1
606, 1509
10867, 5
594, 327
607, 1848
2144, 2466
4385, 187
2373, 711
1026, 480
6113, 54
4377, 25
4396, 204
738, 905
10874, 14
601, 763
355, 568
2101, 3562
2460, 498
4384, 85
2497, 925
2404, 1280
2484, 1104
726, 596
4996, 219
965, 3175
2533, 285
2148, 2639
3816, 145
8903, 322
2150, 2814
5001, 77
2180, 1761
2179, 1995
2152, 2616
7239, 28
396, 409
368, 500
5455, 93
357, 10323
2164, 1957
7251, 8
2219, 2157
7306, 3
2197, 1678
4999, 42
2191, 2325
7278, 10
4651, 51
2457, 1154
2458, 726
10585, 1
312, 585
311, 542
5000, 153
2546, 397
10863, 2
590, 1079
5677, 58
2383, 920
2426, 715
2251, 2135
7338, 9
2266, 1553
813, 603
2490, 932
2390, 733
5009, 80
2250, 2018
2388, 1218
2408, 1511
4344, 153
704, 557
10957, 38
684, 698
5771, 92
502, 653
2412, 914
2351, 1160
2466, 1282
2382, 970
2463, 735
898, 907
2423, 957
2229, 1921
7316, 38
2449, 922
12439, 2
2166, 2467
2424, 1372
2419, 1043
5017, 151
2227, 1804
2247, 1728
10905, 1
632, 1577
5719, 324
2402, 1555
975, 3043
2453, 1133
2105, 4789
7192, 184
11091, 3
818, 248
2461, 913
2417, 893
5024, 105
2603, 438
2526, 1143
5019, 87
2588, 275
7675, 33
2587, 600
10847, 1
574, 1278
2605, 213
2549, 358
2586, 520
812, 417
2298, 1384
4460, 93
4459, 381
4060, 112
4052, 313
4051, 94
4089, 128
13026, 3
2753, 207
3336, 259
3614, 181
13557, 1
3284, 241
5231, 693
144, 40
4456, 305
4447, 228
4454, 143
4141, 127
3016, 397
4270, 75
4055, 281
4164, 85
4278, 509
4193, 110
4457, 186
4323, 59
10650, 25
377, 321
5464, 315
3647, 288
8734, 50
3488, 199
8575, 1
4325, 199
4455, 269
680, 878
4432, 75
610, 665
10407, 5
134, 284
4420, 267
467, 157
4355, 121
4360, 86
4281, 256
3385, 312
8472, 29
3644, 297
3417, 799
4450, 698
4449, 112
4433, 89
4446, 77
4437, 218
3716, 446
4448, 174
4357, 181
4379, 168
4445, 114
4438, 219
4442, 126
4143, 231
4452, 863
4559, 146
4415, 66
4418, 341
4375, 67
4428, 86
4416, 377
4451, 251
4312, 99
4367, 44
4349, 136
2750, 339
5067, 431
4453, 781
2379, 882
2975, 181
3746, 172
4351, 111
4285, 173
4264, 61
4240, 221
4284, 62
4410, 98
4374, 284
133, 199
4425, 154
4409, 135
4439, 137
3704, 453
8791, 1
2834, 413
3517, 437
3512, 358
3498, 616
532, 562
3721, 305
3516, 392
3161, 430
3481, 746
3233, 641
3067, 215
3480, 629
3742, 256
3733, 181
8820, 4
3486, 577
3243, 447
3244, 594
3245, 619
8332, 4
3422, 703
8509, 10
3254, 326
8341, 20
3228, 634
2808, 622
3263, 434
3735, 707
8822, 3
3091, 260
3069, 257
3092, 313
3093, 270
3576, 249
3669, 195
3668, 191
3619, 220
13622, 3
3349, 570
2866, 777
3538, 315
4048, 109
3739, 418
8826, 3
4044, 161
4041, 218
3708, 354
4363, 115
3953, 117
4024, 216
4021, 152
3839, 201
3631, 554
4170, 163
3635, 231
3479, 284
3358, 445
8445, 5
3360, 302
3850, 128
3489, 366
4369, 168
4138, 113
4356, 53
4319, 193
10778, 3
505, 167
3109, 228
3948, 236
4184, 90
4043, 139
4128, 94
3586, 381
4081, 184
3885, 210
3954, 295
3952, 162
3935, 189
3967, 170
3851, 293
3295, 199
4095, 198
4405, 95
4402, 48
4347, 313
4403, 99
4362, 43
4113, 195
3891, 113
4039, 278
3886, 200
3880, 272
3882, 330
4463, 145
4040, 241
4435, 126
2244, 3431
4115, 63
9202, 4
4422, 48
4413, 186
3937, 267
4058, 184
4110, 53
4125, 122
4086, 179
4412, 62
4465, 127
4189, 80
4131, 303
4091, 144
4015, 326
4139, 145
784, 599
4249, 225
973, 5040
6060, 155
4107, 51
900, 523
4408, 136
4423, 70
4201, 139
5036, 141
5034, 193
5033, 162
5042, 336
4713, 120
5025, 216
5003, 49
4982, 46
5002, 328
4985, 71
4986, 181
5020, 74
4989, 68
5022, 290
5014, 71
15164, 1
4891, 139
4966, 100
5997, 256
11183, 5
910, 171
10603, 1
330, 245
5417, 942
6015, 209
928, 151
2864, 241
5011, 125
5635, 105
5644, 205
422, 215
5509, 131
1019, 583
6106, 162
4647, 61
913, 214
3039, 279
3045, 328
720, 525
364, 453
333, 320
10602, 1
329, 313
2648, 319
2337, 839
2534, 390
7621, 57
2567, 289
2570, 982
2637, 676
2483, 747
2476, 732
7563, 1
2482, 781
2584, 451
2634, 295
2649, 295
2575, 406
2569, 490
7656, 30
2536, 549
2572, 505
2354, 551
2610, 370
2599, 528
2904, 425
2614, 682
2502, 740
2615, 1035
2780, 235
7867, 47
2892, 429
2953, 133
2837, 175
5029, 788
2717, 91
2784, 423
7871, 14
2954, 193
2956, 174
13090, 3
2817, 205
7904, 6
2748, 94
5049, 254
2927, 294
2946, 215
2969, 104
2949, 205
2844, 309
7931, 1
2850, 497
2934, 267
2759, 467
2875, 318
2841, 806
2796, 205
710, 1252
2857, 420
2876, 317
2947, 286
2974, 257
2863, 335
2858, 364
2957, 198
5054, 170
2874, 305
2900, 170
2893, 207
3019, 169
3015, 444
819, 396
3008, 175
2922, 718
3014, 471
5078, 221
5079, 251
3029, 221
5081, 115
3004, 276
2933, 253
500, 477
3010, 394
3035, 238
10732, 4
459, 189
722, 515
2996, 310
908, 419
3337, 278
8424, 4
10870, 2
597, 279
696, 421
2126, 2932
7213, 15
957, 385
968, 2613
5889, 62
802, 1234
2380, 633
2173, 2460
3278, 287
3172, 254
8259, 9
11195, 1
922, 186
6009, 175
3210, 181
3209, 529
3211, 273
3271, 268
2297, 1400
2259, 1234
388, 402
5475, 120
3434, 792
2723, 128
3227, 426
3280, 389
3461, 426
3464, 403
3463, 206
3462, 367
457, 141
5544, 223
5175, 188
88, 1891
5063, 187
2431, 822
5685, 127
2494, 1023
7581, 17
2407, 701
3474, 425
12549, 3
2276, 1336
3917, 58
9004, 2
2514, 1161
10784, 4
511, 712
2441, 1252
2428, 1038
7515, 1
2391, 603
2496, 975
12485, 4
2212, 2181
7299, 22
2564, 895
2241, 2855
7328, 3
2260, 1310
804, 473
5891, 67
708, 1124
723, 1072
897, 1595
2501, 762
2480, 1178
2543, 379
2500, 1299
2506, 668
386, 483
11063, 2
790, 491
2565, 531
2498, 713
2491, 1111
2435, 1092
942, 292
2552, 671
7639, 13
2394, 740
893, 1456
2429, 816
7516, 14
2432, 899
2437, 1190
3466, 398
2598, 1061
2593, 451
3469, 616
2889, 222
3107, 270
3457, 343
2823, 783
3456, 396
3258, 299
2856, 512
3448, 479
3204, 293
3137, 186
2861, 337
3467, 234
3526, 676
3170, 248
3236, 210
3175, 230
13629, 1
3356, 163
4424, 137
3420, 602
583, 504
5670, 125
691, 380
2941, 435
13286, 2
3013, 262
2292, 914
2735, 162
2952, 376
2308, 1039
2734, 137
7821, 14
12999, 1
2726, 121
2495, 928
2992, 124
2993, 639
3080, 135
360, 466
5447, 148
2448, 1059
2396, 766
2434, 1117
2960, 470
2489, 996
2888, 194
2542, 393
2508, 964
2568, 777
7655, 13
809, 459
2554, 347
2529, 1074
2585, 294
7672, 117
2550, 574
2591, 209
2963, 270
2962, 230
911, 202
3638, 258
3242, 275
3303, 460
3335, 308
3622, 177
2558, 420
7645, 5
3621, 300
2548, 805
3425, 529
3424, 899
3389, 190
3383, 349
3615, 207
8702, 7
12963, 1
2690, 85
2674, 825
3623, 369
3395, 212
3413, 438
2701, 409
3627, 245
3402, 838
3409, 308
2291, 1389
3628, 335
3423, 719
3636, 670
3214, 568
466, 164
5553, 132
3393, 177
3572, 288
2721, 153
4543, 122
10443, 3
170, 5336
383, 467
5470, 165
10686, 1
413, 295
5500, 629
685, 933
3367, 469
8454, 1
10371, 1
98, 83
5542, 127
5541, 231
454, 477
5463, 374
376, 263
3118, 298
7676, 24
8024, 8
2937, 151
3491, 574
8054, 4
2967, 178
332, 250
4004, 179
640, 1330
4811, 36
2894, 315
4790, 120
4209, 326
4341, 272
4719, 224
2362, 625
7743, 3
2656, 357
2321, 721
2307, 1016
5498, 377
411, 236
5502, 345
415, 525
926, 358
3074, 163
927, 109
4288, 284
2905, 178
2911, 344
2917, 441
3344, 465
8431, 67
3326, 803
3293, 207
645, 506
4618, 56
4614, 106
4304, 789
4332, 196
3727, 259
8814, 1
4309, 86
4266, 132
4609, 69
648, 242
13146, 1
2873, 295
4277, 294
3962, 277
4103, 119
4094, 165
4080, 110
4104, 132
4987, 210
4279, 675
4005, 113
2870, 168
4476, 253
4519, 100
4289, 332
4300, 127
4295, 134
4984, 27
4171, 59
4294, 155
4591, 283
4290, 133
4541, 56
5058, 279
4440, 238
4135, 278
4154, 85
4167, 127
4234, 105
4232, 67
11202, 3
929, 145
4576, 34
3108, 591
4772, 90
4735, 67
4771, 85
4709, 63
4583, 322
4589, 35
4580, 638
4577, 75
4581, 485
4578, 114
4573, 74
4570, 195
4569, 275
2704, 603
7791, 15
12959, 1
2686, 197
4069, 314
4568, 253
4646, 51
4645, 36
4703, 42
3492, 462
4748, 32
4721, 65
3031, 233
4684, 52
4717, 50
4710, 83
4745, 66
4727, 19
4731, 37
4785, 42
4737, 65
4812, 17
4742, 51
4758, 44
4808, 85
7877, 14
4769, 51
4818, 85
902, 531
7619, 4
2532, 357
969, 1550
2230, 2174
4836, 62
820, 364
3856, 220
8943, 3
4185, 89
4650, 207
7869, 9
4606, 53
4610, 59
2522, 1085
2510, 668
4617, 25
4839, 589
4622, 29
7729, 10
7728, 35
2801, 184
647, 102
650, 606
7731, 29
2644, 362
6032, 252
11218, 2
945, 177
641, 571
3713, 420
7848, 4
2761, 404
11211, 4
938, 209
939, 211
940, 120
6027, 68
10919, 4
646, 337
643, 546
4904, 137
4566, 25
3624, 291
3677, 274
4659, 797
4660, 438
4176, 65
4943, 204
4613, 40
4830, 45
4934, 121
4859, 106
4677, 62
4967, 793
4714, 86
4478, 153
4479, 127
4534, 105
3200, 172
8287, 3
2718, 295
3144, 162
3723, 265
3558, 513
3202, 378
8289, 2
3438, 473
10815, 2
542, 2552
3473, 508
2372, 1070
3945, 436
3532, 469
3497, 446
3380, 296
2357, 789
4082, 207
2378, 705
7765, 18
3112, 346
3192, 197
8279, 6
4084, 130
3323, 742
3324, 444
3310, 286
3334, 257
3508, 984
2887, 135
2854, 669
3189, 219
4085, 162
3724, 262
8811, 3
3666, 635
8753, 2
4340, 99
3616, 232
4220, 624
4207, 67
3633, 296
2961, 183
3611, 438
7903, 11
4159, 152
3947, 340
3829, 349
3131, 357
3951, 310
3941, 246
3897, 242
3849, 218
4227, 98
3846, 237
3943, 69
3939, 82
786, 730
4001, 95
4000, 178
3547, 840
8634, 9
3980, 594
4282, 193
4287, 164
960, 1597
4037, 109
4218, 119
4244, 159
4318, 114
907, 285
11182, 3
909, 353
4283, 201
4336, 100
4291, 229
694, 1542
4303, 236
701, 348
4142, 153
4339, 119
4334, 248
4130, 272
4126, 155
4333, 72
4302, 456
4255, 371
8977, 54
4579, 56
4545, 70
4267, 60
4482, 128
4489, 75
4562, 172
8225, 4
3138, 265
4343, 329
8373, 64
4605, 27
4674, 55
4615, 121
4621, 34
4480, 162
4469, 199
4468, 86
13093, 1
2820, 149
8468, 11
3381, 280
8902, 6
7780, 7
8774, 6
3687, 292
8762, 2
8667, 9
8867, 3
8815, 11
8730, 4
3643, 268
8775, 4
8891, 1
3804, 189
8852, 6
2859, 304
3181, 555
2869, 645
8898, 1
3811, 213
8961, 19
3874, 297
8958, 16
3871, 355
8959, 4
3872, 186
8974, 3
8766, 1
925, 137
918, 210
8763, 3
3546, 403
933, 178
3143, 240
3126, 179
3129, 180
3127, 268
3055, 576
10864, 1
591, 573
2742, 194
2883, 290
2884, 203
2885, 367
3386, 204
3357, 259
3388, 333
3369, 293
3136, 376
3135, 408
3359, 413
3140, 406
2943, 996
2797, 498
2663, 99
2660, 159
7747, 9
2781, 324
7868, 7
12962, 1
2689, 246
2705, 588
2769, 189
3184, 474
3256, 287
3247, 592
8334, 47
3353, 537
3390, 324
3331, 482
3368, 900
3515, 490
7816, 11
7833, 75
3404, 585
8491, 12
3535, 285
695, 625
3460, 731
712, 801
7687, 7
719, 637
10987, 3
714, 849
13621, 1
3348, 788
8078, 4
2991, 315
8685, 3
5549, 80
3218, 509
3180, 154
3206, 289
408, 315
5495, 201
7739, 25
2652, 492
452, 381
2371, 896
2346, 787
3196, 445
3683, 317
3726, 116
3174, 452
817, 1978
2519, 506
2556, 386
3758, 166
2590, 448
5643, 548
2636, 280
3800, 167
2625, 451
8416, 5
8457, 18
3370, 446
464, 162
2261, 1373
13003, 3
2730, 208
2736, 287
2910, 166
4064, 91
4062, 71
4061, 220
7843, 9
458, 142
3273, 423
3275, 387
8425, 97
3338, 416
4178, 87
3590, 507
5073, 80
3166, 257
4730, 22
8430, 4
8432, 12
8427, 1
8495, 4
3408, 822
4211, 122
3160, 140
3165, 412
3130, 126
3115, 210
3116, 224
4335, 81
7863, 7
13427, 1
3154, 195
7864, 3
3171, 461
3158, 434
8877, 3
3495, 590
4221, 206
4219, 201
3229, 281
2995, 260
2838, 570
2622, 246
13300, 1
3027, 296
2999, 274
2997, 142
2680, 254
2879, 301
2860, 316
2965, 478
2477, 835
4629, 130
2451, 1169
2824, 65
13091, 18
2818, 385
4134, 245
4546, 108
13428, 13
3155, 111
2747, 199
2535, 289
2901, 541
2867, 211
4685, 43
3922, 72
2731, 456
697, 496
3132, 262
2976, 176
3139, 247
2944, 368
3001, 483
4641, 40
4638, 87
4639, 97
3070, 95
3017, 119
593, 413
2845, 278
3122, 631
3159, 174
3142, 206
3120, 248
3375, 405
416, 374
3308, 726
3307, 583
8899, 58
3629, 131
3317, 475
3312, 373
3285, 288
3339, 448
3361, 476
3300, 669
3311, 478
3304, 753
3299, 507
3637, 209
3387, 496
3364, 392
3365, 546
3372, 815
3377, 259
814, 445
3292, 354
8635, 15
3548, 195
2862, 253
3276, 193
3289, 204
8376, 24
8615, 5
13624, 1
3351, 604
8632, 3
3545, 513
8637, 1
3550, 417
3649, 384
8875, 2
8640, 2
2979, 158
8639, 8
3612, 348
8638, 2
3551, 581
3853, 310
3695, 269
8782, 23
3698, 378
3382, 142
3446, 654
3938, 470
3406, 759
3384, 356
8471, 1
3884, 300
3223, 320
3827, 268
4260, 101
3707, 565
3684, 514
4057, 190
3673, 231
3321, 853
2809, 398
3977, 94
3859, 115
2988, 189
3701, 392
3866, 156
3852, 320
3691, 123
3699, 331
3694, 332
3693, 282
8780, 24
3987, 298
3544, 193
4013, 138
4031, 106
3961, 188
4011, 205
4033, 205
3639, 523
4006, 149
3958, 267
4023, 92
4924, 35
4049, 119
4034, 134
4882, 112
3809, 229
4874, 181
4054, 128
4308, 120
8690, 2
4307, 196
4932, 223
4222, 144
4242, 878
4858, 88
4256, 93
4271, 96
4147, 261
4144, 102
4286, 160
4100, 45
4050, 179
4106, 73
4297, 155
2421, 752
8882, 6
966, 3299
8842, 22
4761, 84
4841, 59
4855, 56
4837, 75
4860, 107
4625, 287
8327, 11
8317, 8
8492, 1
8437, 9
8342, 2
4995, 397
2342, 1135
4865, 103
4838, 386
8944, 6
4296, 44
2541, 643
2749, 125
4649, 64
4604, 35
4593, 47
4873, 126
707, 956
709, 1247
4722, 26
4834, 172
639, 1253
4878, 77
4877, 94
5627, 800
4821, 178
4575, 81
8816, 1
5041, 206
5043, 213
4750, 40
4676, 69
4720, 88
4847, 56
4861, 93
4845, 129
4899, 99
3518, 475
3505, 457
3568, 224
3549, 114
2939, 157
3476, 411
3478, 572
3169, 384
3301, 808
4620, 47
3485, 324
4540, 80
4486, 73
3946, 115
4554, 106
4549, 125
3529, 565
3208, 208
729, 330
4513, 120
4203, 82
4760, 64
15204, 1
4931, 119
3625, 203
4915, 53
2968, 169
3613, 281
3836, 243
8985, 7
3974, 127
5683, 82
4792, 120
11006, 11
733, 452
3875, 465
4262, 73
3932, 166
4257, 62
3966, 290
8988, 4
4225, 121
4784, 58
4777, 29
4829, 125
3903, 200
4338, 82
4925, 59
4993, 292
4179, 248
8819, 2
