8701, 10
8486, 7
8479, 6
6104, 1
5875, 1
8837, 10
5611, 3
5599, 1
5806, 1
5762, 8
8836, 3
8689, 1
8667, 1
5527, 1
5831, 1
5902, 1
4957, 1
5824, 5
5873, 1
8720, 1
8513, 2
5864, 1
8376, 1
8384, 1
5843, 2
8715, 1
8314, 9
9510, 2
9574, 1
5414, 2
8315, 2
6044, 6
8295, 2
5885, 2
8338, 4
8336, 9
9734, 1
5541, 2
5816, 3
9589, 10
8297, 1
8296, 12
8523, 2
9488, 1
8559, 1
9584, 4
9566, 9
5713, 7
5706, 6
8766, 1
5778, 17
5467, 4
8732, 1
5503, 9
8382, 2
8781, 1
8785, 2
5471, 2
8497, 1
8006, 3
8154, 5
8151, 1
5549, 1
5761, 2
8101, 2
8462, 1
9376, 2
9205, 2
8429, 2
9432, 10
8471, 2
8131, 2
7888, 2
8461, 1
8464, 1
8268, 3
7846, 4
8124, 10
8440, 1
8391, 2
7879, 1
8320, 2
7844, 1
7843, 1
7925, 1
7842, 10
8409, 1
5381, 8
5126, 2
8436, 1
8395, 1
8185, 7
8278, 2
5372, 2
7977, 2
5395, 4
7720, 1
9162, 2
7725, 1
7763, 1
8018, 2
7855, 1
5454, 1
7743, 1
8276, 1
8237, 5
8275, 1
5341, 5
9354, 2
7928, 5
7747, 2
8201, 1
8223, 1
7673, 10
7988, 2
8052, 3
8266, 1
9152, 2
9153, 5
9155, 11
8235, 2
7709, 22
7697, 1
7683, 4
5085, 2
7713, 3
7887, 1
8031, 5
9356, 1
7966, 18
7917, 2
7968, 3
7534, 2
9105, 12
9040, 1
5124, 1
7527, 1
7703, 1
8294, 2
7963, 1
7516, 1
7647, 1
8046, 1
8003, 7
7580, 1
7678, 4
7046, 1
7637, 4
7634, 3
7437, 4
8358, 2
7488, 2
7493, 6
7490, 3
8368, 5
7526, 2
7491, 1
7495, 2
7422, 1
8133, 2
7820, 14
7473, 1
8073, 1
7801, 10
7828, 1
7372, 1
4993, 3
9043, 1
7394, 8
7386, 5
7894, 3
7621, 2
7501, 6
8126, 1
9324, 1
7646, 2
7410, 3
7519, 1
7517, 2
7867, 7
7342, 1
8260, 1
8038, 6
7325, 1
7328, 6
7322, 1
7316, 6
7317, 3
7327, 4
8350, 1
7604, 1
7591, 1
7603, 1
7858, 6
8255, 10
7598, 10
7588, 3
7610, 1
7622, 4
8136, 10
7872, 4
7868, 9
6588, 1
7476, 10
7655, 3
7657, 4
7458, 4
7480, 5
8027, 2
8075, 3
5534, 3
5550, 1
9327, 1
8074, 1
7482, 1
8068, 3
6161, 2
5498, 6
8067, 1
8072, 1
7457, 2
9304, 1
8343, 3
6713, 2
7446, 7
7773, 2
6180, 2
8335, 17
7250, 4
8093, 2
7412, 2
6067, 27
7198, 1
7209, 2
7206, 2
8248, 1
9311, 1
6135, 1
8283, 1
7475, 3
5138, 7
8245, 2
7099, 1
7950, 12
7948, 12
7114, 6
7228, 2
7186, 3
7087, 3
7241, 47
7407, 1
6963, 12
7061, 1
6961, 2
7959, 1
7960, 19
6941, 5
7047, 6
7049, 2
7152, 1
8057, 3
8026, 10
8037, 1
6819, 1
6871, 1
7367, 1
7365, 1
6923, 2
7013, 1
7011, 2
7359, 1
7010, 5
8227, 6
6993, 2
7060, 8
8149, 1
7208, 2
7059, 4
6989, 8
7004, 12
5752, 1
7243, 7
6660, 1
7214, 2
8116, 2
7313, 9
6991, 3
6748, 1
6747, 2
6752, 1
6785, 1
6741, 2
6677, 2
6712, 2
6633, 1
6659, 2
6669, 1
6684, 2
6619, 1
6598, 2
7333, 1
6372, 1
6658, 1
6672, 1
6670, 1
6699, 2
6703, 1
6663, 3
6514, 8
6714, 2
6708, 1
6645, 1
6667, 1
6204, 1
6719, 5
6717, 5
6723, 324
6568, 1
6705, 5
6607, 1
6611, 6
6722, 426
7032, 1
7375, 1
6585, 26
6528, 3
6573, 7
6721, 145
5868, 1
5867, 2
8749, 2
6453, 2
6718, 45
6720, 123
8023, 3
8087, 1
8085, 13
7909, 6
5957, 8
8088, 17
8004, 32
7170, 2
7238, 9
7505, 8
7258, 2
7259, 2
8058, 1
9055, 12
9041, 8
9033, 5
6848, 2
6887, 1
7579, 3
7574, 1
7573, 2
5107, 3
6648, 4
7479, 3
6665, 3
7486, 1
7470, 12
7507, 27
7454, 4
7456, 11
7508, 32
7161, 9
6689, 2
7163, 15
7934, 18
8082, 27
6489, 1
8472, 1
9101, 7
6905, 1
9154, 3
7090, 1
6657, 6
6472, 2
6366, 6
7371, 6
6925, 3
7449, 2
7447, 11
7451, 6
7724, 6
7125, 1
8012, 1
8655, 1
7996, 3
8120, 3
8507, 2
8509, 6
8095, 4
8421, 2
7640, 13
8656, 2
6739, 6
7628, 6
5963, 2
7055, 1
7056, 2
6986, 2
8217, 2
10225, 1
6998, 1
8216, 1
8214, 4
7376, 2
7374, 2
8636, 10
8206, 5
8322, 2
8326, 1
8148, 1
5821, 2
6450, 1
7669, 2
8360, 1
7384, 3
7614, 8
8015, 4
6744, 3
6767, 1
5529, 8
8173, 3
6816, 1
9087, 3
7015, 1
8474, 3
9647, 1
9534, 3
5531, 3
5528, 5
5919, 14
7235, 4
7231, 2
7227, 1
7232, 15
7216, 1
7626, 3
7803, 3
5865, 5
8589, 3
8999, 1
9097, 2
7129, 1
8059, 1
6755, 1
8886, 2
5046, 6
6114, 2
6004, 6
5977, 4
5978, 2
6006, 27
5803, 2
8361, 10
6002, 1
8366, 4
5786, 14
7264, 3
6895, 1
5497, 2
5299, 15
5703, 19
5726, 3
5407, 4
5248, 16
5812, 1
6756, 2
5298, 4
5513, 2
5855, 1
5048, 2
6890, 4
5722, 2
5576, 5
7219, 2
5983, 6
8638, 1
8304, 1
5214, 7
7017, 5
7026, 43
5564, 9
6043, 3
6794, 5
7062, 4
6763, 6
5691, 1
8329, 15
5127, 12
5928, 2
5218, 3
5971, 10
8595, 1
5536, 2
7037, 4
6476, 2
5431, 1
6715, 4
7700, 1
5501, 10
5768, 4
5608, 1
5292, 3
7179, 1
5389, 9
5152, 1
5343, 5
5339, 3
5288, 19
5446, 9
5366, 5
5104, 22
5657, 1
5012, 1
5382, 1
5694, 2
5878, 1
6698, 4
5772, 16
5818, 8
5252, 57
5400, 2
5819, 7
7001, 20
7118, 4
7119, 10
6844, 1
7083, 3
7092, 3
7088, 3
7091, 2
7097, 10
7112, 2
6295, 3
6640, 4
6733, 1
6908, 1
6745, 3
5567, 5
6638, 2
5523, 13
8254, 2
8387, 1
8250, 2
6590, 3
5740, 2
7188, 1
5443, 9
6288, 10
5751, 1
5376, 2
6562, 1
6740, 3
6885, 4
4911, 9
6520, 2
4897, 9
6507, 2
5335, 16
5723, 1
4999, 12
8220, 22
8208, 2
8226, 3
5711, 2
5148, 6
4647, 3
5589, 1
5588, 13
6456, 2
6843, 1
8140, 3
6682, 1
4818, 9
5493, 26
7023, 1
6557, 1
5242, 10
5487, 39
6560, 1
6561, 1
5475, 63
6742, 7
6735, 6
6778, 1
5240, 38
6459, 9
5396, 12
5360, 4
6444, 1
5291, 2
6592, 2
5073, 10
6087, 2
6575, 6
6553, 1
6058, 3
6577, 21
6441, 1
6579, 1
5391, 27
6788, 4
6168, 5
5070, 31
5074, 7
6173, 1
4990, 5
5300, 33
6612, 5
5398, 12
5296, 53
6359, 1
6636, 4
6154, 1
6442, 1
5337, 5
6367, 20
5287, 3
5416, 3
6292, 3
6312, 17
6726, 2
5825, 3
6264, 2
6267, 1
5173, 30
6266, 3
5243, 43
5110, 5
6501, 19
5305, 38
6389, 1
6529, 7
5057, 70
6687, 2
4971, 37
5055, 6
4967, 33
4977, 12
6610, 1
6381, 3
5141, 13
6601, 3
6599, 2
4923, 40
6388, 1
4825, 2
6431, 1
5802, 1
5174, 4
5182, 19
5282, 2
4693, 29
5705, 1
5708, 5
5704, 2
6162, 4
6681, 2
6132, 6
6126, 6
5028, 9
6347, 3
6088, 3
6152, 3
6523, 1
6280, 1
6679, 2
6177, 3
5714, 1
6976, 14
5108, 8
5116, 5
5600, 2
5603, 6
6095, 3
4873, 1
6118, 17
4894, 14
6203, 1
5835, 3
5432, 13
5927, 1
6980, 5
4564, 15
6503, 6
6072, 13
6065, 5
5894, 6
5494, 1
6558, 1
6015, 1
6018, 1
5505, 12
6694, 17
5520, 15
5515, 7
5881, 3
8064, 1
8063, 12
5815, 12
5807, 3
8410, 2
5379, 1
6182, 1
5987, 1
5914, 2
6240, 1
5946, 3
5871, 4
5869, 1
5872, 18
6167, 4
5205, 22
5212, 12
4694, 8
5965, 14
6159, 1
5795, 3
6032, 2
5911, 1
5910, 1
5909, 1
6127, 1
5285, 4
5170, 3
5100, 7
5877, 2
5954, 3
5753, 6
6395, 9
6594, 1
5472, 16
5547, 7
6596, 9
5617, 3
5895, 2
5179, 19
6614, 4
5828, 1
5830, 27
5364, 1
5961, 2
5890, 12
5613, 4
5891, 2
5785, 21
4787, 3
4983, 14
5602, 3
5715, 8
6143, 4
5555, 2
5629, 1
5535, 5
5560, 8
5827, 5
5859, 1
5670, 6
5641, 8
5643, 6
5829, 1
5477, 3
5838, 3
5876, 2
5631, 5
5634, 29
5329, 16
5734, 1
5327, 2
6083, 2
5985, 5
5805, 4
5324, 6
4530, 16
5579, 1
5445, 16
5435, 5
5315, 1
5850, 5
5349, 8
6197, 4
5410, 2
6101, 1
5548, 5
6446, 1
6448, 12
6414, 4
6231, 1
6380, 5
6370, 2
6413, 1
6344, 4
6348, 2
6291, 13
6281, 1
6276, 1
6259, 9
6418, 224
6112, 12
5996, 1
8011, 2
6474, 31
8386, 3
4880, 1
5849, 6
5508, 10
5191, 4
5213, 18
4955, 33
4623, 26
4921, 22
5899, 22
5893, 4
5098, 47
5101, 69
5114, 13
6593, 19
5358, 10
4828, 21
5459, 2
6608, 7
5506, 7
8144, 1
7339, 1
6728, 1
6711, 2
8238, 8
6315, 1
5724, 12
7939, 2
5411, 20
6635, 1
5646, 7
6710, 1
5597, 3
5596, 11
6185, 2
7753, 2
7822, 1
6600, 1
5258, 52
8108, 1
5710, 11
6343, 2
5312, 2
5222, 47
5308, 10
4881, 2
4848, 22
4872, 8
4876, 16
6187, 8
4826, 25
6165, 2
8099, 4
4529, 42
6269, 1
6272, 4
5219, 27
5644, 3
5456, 15
5373, 20
7701, 2
5199, 12
5525, 1
5052, 1
6322, 3
5050, 9
4985, 5
6555, 5
6571, 3
5032, 7
6097, 1
5244, 10
4952, 23
5026, 58
5241, 6
5007, 6
6341, 3
6084, 3
5017, 19
6189, 3
4843, 11
4755, 37
5158, 56
4884, 23
4889, 16
4592, 43
5483, 17
5473, 6
5490, 3
5352, 9
6320, 43
4778, 7
4838, 13
4481, 23
4822, 11
4817, 11
4737, 11
4916, 25
7784, 1
5134, 13
4797, 6
5068, 2
5415, 3
5253, 11
6314, 2
6222, 3
5181, 62
5356, 3
6253, 1
5353, 3
4874, 25
5208, 50
5207, 99
6024, 1
6310, 6
6248, 1
5362, 7
6023, 1
4622, 47
6027, 16
6020, 6
7712, 3
7766, 1
6163, 2
5397, 8
5956, 2
6008, 2
6307, 12
4550, 15
4754, 12
7707, 1
6510, 3
5016, 10
5024, 12
5123, 12
6040, 2
6053, 65
4989, 29
6051, 63
4991, 15
7686, 1
5003, 2
4574, 19
4581, 11
4646, 10
7692, 2
5310, 4
6042, 5
4515, 35
4819, 6
5887, 12
4715, 34
4717, 21
4080, 61
7695, 2
5279, 1
5409, 5
5154, 20
4807, 9
6031, 3
4800, 5
6257, 22
6537, 1
5096, 100
6045, 2
5759, 6
5117, 29
4756, 8
5190, 8
6445, 7
4757, 14
6035, 3
4745, 4
6046, 3
6147, 6
6210, 13
4887, 17
4540, 20
4684, 31
4595, 13
4593, 59
5136, 28
4594, 106
5095, 17
5030, 7
4995, 30
5146, 11
4982, 14
5988, 10
4976, 12
5090, 15
5002, 7
5147, 9
7735, 1
4940, 63
4566, 22
4997, 17
4674, 22
7635, 6
7736, 2
4906, 11
6195, 2
5925, 6
5926, 10
5940, 1
4859, 16
5004, 8
5955, 12
5964, 1
4862, 24
7751, 12
6437, 1
7721, 1
5904, 8
7711, 9
5866, 3
5798, 3
4558, 40
5862, 4
5863, 11
7704, 6
5950, 12
5936, 11
5858, 72
5423, 54
5421, 5
5420, 6
5426, 4
4262, 75
6019, 3
5419, 9
5754, 2
5511, 7
4751, 25
5512, 5
5822, 1
4752, 13
4758, 25
4770, 41
5781, 15
5779, 60
5757, 2
4283, 20
6014, 1
5301, 10
4573, 4
5707, 6
4580, 15
4391, 58
5464, 26
6371, 4
5717, 7
5430, 5
5635, 5
4707, 24
5265, 6
5582, 2
5581, 3
5834, 13
5823, 5
5229, 10
5422, 6
7991, 6
7964, 4
7965, 2
5392, 15
7993, 27
4614, 76
4536, 32
4537, 129
7576, 3
5225, 12
5192, 19
4544, 88
5702, 6
5230, 12
5065, 29
6401, 1
5235, 58
7649, 3
6411, 2
5767, 7
5766, 4
5992, 2
5638, 1
7558, 14
3845, 1149
5121, 30
7602, 1
5539, 24
5112, 18
5094, 60
5115, 21
5167, 43
7554, 10
7509, 9
6010, 5
6013, 13
6016, 8
5009, 17
5010, 12
7553, 5
5578, 2
5580, 6
5573, 40
5001, 6
5338, 10
5558, 5
6056, 1
4877, 31
6279, 4
6260, 3
7498, 1
4901, 10
4903, 10
4904, 57
7543, 1
5502, 12
5575, 1
5485, 5
4892, 14
5500, 2
4696, 19
4890, 14
5303, 16
4679, 55
5496, 5
6316, 1
4661, 29
7615, 6
7616, 8
7613, 1
7611, 4
7619, 5
4652, 9
4591, 17
4589, 37
5183, 71
4572, 12
4827, 21
5168, 21
4816, 15
5069, 27
4812, 29
4612, 120
4630, 283
7416, 1
4404, 100
5439, 4
7431, 4
5378, 3
4500, 47
5367, 10
5448, 6
5888, 4
4689, 20
5792, 1
4685, 13
4471, 90
5563, 8
5203, 65
5447, 48
4445, 179
5137, 13
4650, 73
5159, 19
5160, 39
4275, 23
4281, 93
5394, 3
4288, 127
4618, 38
7452, 6
5449, 11
5169, 15
4656, 32
5334, 16
4649, 20
5211, 38
4893, 11
6073, 4
7383, 1
7379, 1
7335, 4
7381, 5
7378, 5
7388, 4
7308, 1
7345, 1
7347, 1
7349, 1
7348, 1
5922, 2
7340, 2
7346, 1
7275, 1
7280, 2
7310, 1
7276, 1
7301, 3
7222, 5
7218, 1
6498, 1
7289, 1
7271, 2
7207, 2
7191, 4
7189, 1
7350, 1
7351, 222
7080, 1
7054, 3
7045, 2
5725, 8
6920, 4
6978, 1
7396, 138
5693, 7
7389, 28
4571, 33
3947, 106
4182, 404
4633, 134
4951, 48
5313, 3
4629, 225
7907, 1
4528, 36
4885, 44
4516, 32
7471, 1
7567, 1
7831, 10
7830, 18
4996, 5
4771, 33
5756, 1
5231, 3
4447, 109
7832, 4
4306, 63
5656, 8
5251, 14
4197, 42
4624, 106
4588, 5
4909, 13
7368, 5
4922, 40
5610, 3
7535, 2
4918, 7
4316, 73
4335, 139
4821, 27
4402, 47
4468, 55
4462, 32
4478, 27
4559, 15
5732, 1
4463, 73
4379, 147
4495, 179
4556, 54
7533, 6
7883, 3
5060, 6
5062, 85
5092, 8
5106, 51
5648, 8
7298, 9
6798, 8
7783, 2
5093, 17
5350, 58
7387, 10
4433, 64
7474, 10
5605, 10
5666, 38
5598, 4
5177, 44
5223, 18
4598, 54
4321, 462
4337, 72
5180, 48
5172, 32
5193, 18
4526, 36
4338, 21
5142, 26
6802, 1
5135, 60
6803, 4
5125, 18
7425, 3
4457, 74
5175, 5
4486, 31
4181, 58
5476, 4
7364, 2
4490, 211
5479, 12
4895, 14
7278, 1
4852, 18
4307, 39
4285, 66
5408, 3
7247, 5
3327, 42
3334, 41
3336, 247
5390, 24
7363, 2
5554, 5
5486, 2
4795, 42
4320, 362
5452, 8
5399, 4
5401, 47
5553, 4
5417, 22
4761, 20
7192, 3
5047, 6
3957, 93
4585, 16
7215, 2
4584, 9
5468, 5
5552, 7
4987, 7
5466, 7
5462, 5
5463, 14
3949, 103
5451, 3
4032, 218
4028, 449
5319, 14
7184, 1
5413, 6
4295, 173
4811, 13
4446, 76
4465, 55
4464, 28
5361, 1
5365, 5
5049, 13
5457, 26
5458, 5
5453, 12
5455, 29
4045, 823
7134, 2
7285, 3
5470, 12
7252, 1
4668, 8
4434, 48
5197, 4
4487, 47
4438, 32
7230, 8
4293, 159
4460, 67
5185, 12
4436, 129
7245, 25
6578, 3
5284, 1
7699, 7
7244, 2
4452, 126
6613, 6
5161, 1
3306, 260
4813, 7
4804, 17
7366, 2
5309, 3
4410, 32
4609, 13
5132, 15
5113, 49
5140, 24
5143, 117
4385, 65
7312, 2
7314, 2
5139, 40
5091, 30
4261, 101
4459, 92
7071, 2
7361, 6
4475, 60
4427, 338
5307, 7
7041, 5
7038, 2
4469, 300
4671, 20
5297, 18
5038, 2
5239, 18
5031, 5
5040, 13
4173, 194
4102, 60
4120, 64
4100, 135
3953, 255
5424, 22
4172, 301
5427, 13
5403, 10
3300, 753
3321, 108
5084, 16
5089, 35
5088, 17
5385, 22
5384, 2
5354, 12
4289, 145
4279, 183
4276, 77
4151, 101
4298, 191
4143, 92
4359, 60
4296, 173
3937, 92
5234, 12
5346, 5
5330, 13
5369, 11
5316, 32
5370, 129
5371, 6
6508, 11
4575, 51
4577, 38
5348, 21
4675, 26
4444, 41
4442, 154
5345, 14
4780, 15
7240, 62
5342, 14
4888, 26
4879, 12
4882, 20
4435, 29
4886, 37
4966, 18
4994, 12
4767, 22
4753, 35
4635, 43
4680, 11
4723, 19
4721, 26
4772, 7
4732, 18
4596, 47
4582, 18
4179, 168
4740, 10
4736, 11
4788, 17
4786, 20
4965, 49
7324, 2
4648, 37
4720, 39
4964, 24
4794, 79
4796, 9
4963, 22
4777, 22
4682, 27
4792, 210
5176, 6
5351, 19
7290, 1
4636, 59
4634, 199
4784, 29
4941, 13
4849, 23
4709, 59
5133, 17
5131, 5
4775, 37
4724, 9
7287, 20
7277, 3
7066, 1
4908, 10
7565, 1
5020, 37
7648, 25
7639, 3
5014, 21
7115, 4
4731, 11
7237, 72
4639, 480
7030, 13
5256, 23
7138, 17
4604, 66
7075, 2
7076, 14
6866, 3
6864, 2
7093, 4
7137, 3
6229, 2
6337, 58
6342, 10
6349, 16
4451, 39
4472, 59
4441, 27
4470, 237
4768, 17
4663, 304
4659, 29
4392, 99
4390, 16
4798, 13
4305, 162
6870, 1
6357, 29
6964, 2
6901, 2
6846, 2
7078, 3
4506, 22
7131, 122
4323, 256
4645, 40
7149, 4
6838, 1
4759, 18
6738, 6
6233, 1
4514, 19
4203, 49
4201, 33
4042, 293
4450, 143
4449, 316
4603, 19
4626, 103
4762, 20
4741, 27
4523, 57
4532, 12
6121, 4
4749, 31
4683, 82
6868, 1
4695, 59
4608, 26
6029, 2
4669, 17
6892, 6
7445, 1
4453, 128
4611, 132
4294, 48
4667, 139
5958, 14
7337, 1
6481, 5
3225, 215
4660, 18
4697, 49
4692, 49
6490, 1
4655, 30
3674, 226
4654, 43
6945, 2
6615, 1
4688, 51
6955, 2
6997, 3
6471, 3
6469, 3
4802, 10
1882, 512
6957, 3
3950, 171
6506, 1
3998, 653
6504, 3
6996, 1
6623, 4
5727, 7
6655, 3
6664, 5
7355, 9
5745, 1
6653, 25
3291, 66
4557, 47
6650, 2
3360, 48
4145, 84
6917, 1
3278, 76
4560, 27
6716, 25
6449, 1
4579, 11
4578, 20
5671, 2
5663, 4
3988, 187
4121, 213
4395, 144
5896, 4
6384, 4
6475, 9
4091, 229
6668, 1
6690, 1
3286, 70
4533, 12
3945, 396
6382, 2
4122, 168
4480, 42
4482, 22
4064, 182
3921, 139
4124, 244
4118, 223
4055, 85
4063, 97
4103, 214
4116, 178
4059, 303
6410, 1
4130, 181
6893, 3
4513, 36
6356, 4
2946, 122
6910, 1
6889, 2
6538, 5
4543, 41
4499, 23
4251, 94
6649, 7
4491, 342
2347, 392
6326, 1
6896, 3
5647, 47
2336, 143
1896, 322
6948, 10
6877, 5
6872, 8
4069, 283
6758, 1
4067, 96
5561, 1
5585, 2
6973, 20
4056, 121
4517, 42
4068, 60
4518, 62
6028, 4
6974, 22
4380, 29
6616, 3
5743, 1
4388, 45
4374, 40
4372, 78
4386, 37
6263, 1
6274, 1
4437, 67
5495, 6
3986, 274
3899, 265
3913, 338
4264, 149
6301, 2
3280, 109
6258, 1
5544, 1
3275, 56
6305, 5
3235, 103
4249, 45
3253, 118
5749, 9
5879, 7
6517, 1
6800, 2
6290, 2
6433, 1
6790, 1
6789, 1
4146, 87
6792, 2
6786, 1
6782, 6
6773, 21
6761, 5
6795, 9
5482, 56
5425, 7
6206, 2
5481, 10
5480, 4
6880, 1
5484, 2
4126, 171
6849, 1
3931, 169
3926, 182
3217, 101
6183, 6
3892, 70
3886, 542
3287, 90
3842, 366
3905, 699
3896, 175
3911, 299
6211, 9
6212, 13
6138, 2
3914, 275
6215, 3
3942, 203
6171, 6
6213, 1
6160, 11
6216, 14
4183, 142
6354, 21
6807, 1
4077, 647
4076, 328
3984, 69
3965, 178
2112, 158
6275, 3
5383, 2
5377, 4
4883, 16
6533, 21
6511, 6
6493, 11
6477, 5
6479, 14
6532, 38
5293, 16
5215, 8
5504, 24
6628, 18
4054, 151
4046, 213
5912, 34
5162, 11
4041, 275
4099, 104
5164, 4
5433, 2
5386, 5
6209, 7
6693, 4
6695, 11
5374, 3
6696, 4
5368, 17
5916, 10
5119, 20
6262, 10
5072, 1
3936, 172
3966, 130
5406, 13
5920, 6
6644, 3
5405, 57
5144, 42
5924, 7
3993, 543
6178, 6
6700, 14
5331, 37
5314, 17
5336, 42
5966, 4
5968, 29
6102, 2
5333, 10
7229, 1
5359, 11
6176, 2
6100, 1
5938, 20
5120, 11
3227, 75
6172, 3
6048, 1
6174, 1
6039, 2
3021, 121
6345, 9
5908, 10
3539, 84
4511, 27
5906, 4
2341, 327
5993, 6
5903, 11
6701, 6
7225, 6
5900, 3
6697, 3
5901, 11
5932, 6
5979, 11
4326, 219
5814, 6
3220, 106
7239, 3
5238, 4
5847, 3
5846, 5
5783, 7
5817, 12
5842, 4
6252, 3
5777, 9
5844, 2
5228, 21
5837, 1
5227, 33
4960, 19
4949, 43
4946, 49
4953, 8
5764, 8
6170, 1
6137, 2
5763, 2
4950, 76
4939, 72
3302, 148
4956, 20
3298, 206
3288, 92
5951, 5
6332, 3
6757, 2
4932, 40
4860, 68
4857, 15
4863, 41
3248, 93
4948, 14
5760, 18
4868, 14
4850, 13
4931, 16
4853, 25
4670, 45
4851, 12
4947, 35
4815, 11
4691, 9
4974, 8
6105, 10
5840, 1
5839, 4
6078, 1
6103, 25
5775, 17
6515, 2
5774, 6
4943, 18
5937, 4
4632, 51
4524, 62
5771, 5
3354, 58
6879, 3
4488, 69
5059, 10
4489, 41
5063, 5
5035, 9
5773, 11
5075, 46
5770, 10
4617, 30
6781, 3
5659, 1
5594, 5
5616, 29
5624, 5
5640, 3
5620, 5
5799, 5
5577, 1
5559, 6
5551, 5
5584, 9
5569, 9
6110, 2
5615, 8
3555, 173
5039, 4
4672, 46
5669, 2
5388, 3
5387, 20
5606, 9
5628, 1
5614, 10
5204, 52
5665, 30
5667, 57
5676, 4
5682, 45
5934, 9
5087, 5
5051, 4
5537, 8
5609, 7
5607, 6
5526, 5
5649, 1
5677, 11
5566, 7
5571, 5
5570, 6
5086, 10
6811, 1
5545, 25
5478, 7
5546, 3
5542, 33
4783, 43
5681, 317
5673, 2
5679, 147
5013, 15
5845, 29
5461, 9
5664, 34
3620, 158
3568, 106
4555, 80
4552, 22
5907, 12
4549, 23
6200, 13
3326, 92
4538, 25
4545, 47
6201, 20
3538, 425
6903, 8
6914, 8
6906, 2
6909, 1
6898, 11
6881, 5
6915, 9
6916, 9
6913, 1
6912, 6
4719, 10
6911, 16
5444, 38
5438, 9
6919, 15
6933, 3
6921, 4
6927, 3
5099, 80
6142, 3
6936, 4
3958, 213
6944, 6
6931, 2
6928, 10
6813, 1
6764, 1
6934, 48
6935, 6
4527, 22
4548, 143
6938, 7
4535, 35
4616, 52
4620, 98
6977, 3
7063, 3
4625, 82
7064, 6
4605, 12
4586, 11
4587, 20
4607, 33
4554, 28
4590, 22
6089, 3
4643, 40
5440, 16
4640, 62
462, 452
610, 374
5697, 4
480, 1125
464, 372
367, 376
281, 271
2894, 134
634, 322
2010, 671
2157, 307
1989, 362
2171, 146
1889, 494
1914, 103
1888, 306
1905, 297
1872, 212
6959, 2
1829, 501
1881, 342
6968, 6
1877, 475
1903, 237
6990, 5
1825, 649
1900, 368
2074, 323
1729, 741
1855, 602
1726, 1057
2040, 350
2071, 299
1756, 937
1736, 806
6823, 17
1565, 2552
1745, 904
6832, 8
1573, 1953
1601, 1189
1552, 2456
1737, 939
1749, 1119
1742, 1025
1750, 789
1765, 692
1740, 695
6827, 14
680, 1126
1752, 873
6839, 15
1753, 1022
70, 526
5157, 24
2688, 206
1708, 793
1868, 542
426, 1234
1605, 1719
1774, 531
1696, 1132
1741, 1281
1738, 713
1732, 1012
1592, 1808
1734, 760
672, 1522
1697, 530
1695, 958
568, 1219
1551, 1948
1763, 1044
1691, 513
475, 591
5562, 4
1542, 2870
1778, 886
424, 1758
427, 1578
5514, 20
356, 256
1567, 1867
1507, 4860
285, 455
438, 410
2199, 275
1802, 378
1787, 859
1786, 531
6873, 3
1784, 508
208, 2343
5295, 2
1662, 636
1537, 3363
1647, 937
1611, 1314
565, 312
5652, 2
292, 786
1503, 5072
1639, 1173
1635, 1081
533, 341
1580, 2886
692, 369
1663, 923
1653, 809
1716, 1486
1564, 2425
6651, 11
1651, 1226
4008, 440
594, 1129
755, 1947
3112, 208
1460, 6059
6547, 6
563, 535
676, 6958
1801, 747
2932, 116
2885, 107
2888, 207
2896, 65
1773, 728
2901, 228
2897, 163
2899, 129
2966, 107
609, 778
5696, 9
2879, 304
2729, 208
2723, 209
416, 6846
526, 2858
2845, 157
1597, 1651
632, 1105
5719, 10
2082, 231
2083, 274
2902, 119
2495, 580
2567, 366
2574, 437
78, 2174
5165, 16
2435, 267
2042, 303
2313, 153
678, 860
5765, 6
1728, 1642
2589, 692
1711, 1188
2155, 317
1712, 1321
1528, 2985
2625, 422
1476, 6356
6563, 3
2768, 255
373, 260
5460, 7
2730, 316
620, 345
550, 479
5637, 18
555, 353
5642, 5
2663, 208
1781, 645
1722, 1092
2118, 472
7205, 1
245, 242
5332, 7
1593, 1875
6680, 51
2224, 288
90, 1674
2929, 141
572, 353
2697, 176
1531, 2917
270, 424
5357, 13
362, 228
624, 337
1707, 803
1690, 715
351, 784
1769, 816
6856, 1
1760, 1190
6847, 1
2482, 536
1818, 422
2110, 195
381, 1584
144, 689
1435, 8653
6522, 21
1969, 421
1724, 982
1995, 477
1731, 988
6818, 4
1970, 190
585, 422
5672, 1
3929, 123
1572, 2554
1575, 2039
3045, 170
688, 490
4066, 129
1559, 1988
1988, 533
1952, 264
7039, 4
1960, 203
1980, 504
1700, 680
1648, 993
1979, 391
1656, 1183
1971, 352
599, 430
5686, 39
204, 4416
1491, 5754
1692, 1000
1649, 878
1698, 611
342, 144
1947, 360
7034, 1
1975, 157
374, 1112
1604, 1466
1608, 1567
691, 283
1968, 175
1978, 185
1983, 217
7070, 4
1915, 228
7002, 56
1940, 268
436, 177
1852, 489
1834, 671
1949, 437
7036, 13
1936, 212
1481, 6931
1474, 7397
1792, 438
1463, 5649
1785, 535
1811, 571
244, 201
2767, 329
410, 2451
1797, 693
274, 634
2001, 283
2505, 562
148, 528
2002, 525
2003, 226
2472, 229
115, 400
5202, 17
2000, 379
1987, 223
1493, 5532
3850, 552
1982, 298
468, 650
1683, 575
1813, 389
6900, 17
1681, 857
1827, 389
1823, 489
1821, 418
1678, 828
1807, 685
1668, 1003
600, 686
1666, 905
2889, 210
532, 225
5619, 5
1637, 1378
1803, 648
1865, 225
1652, 1506
1631, 1465
1804, 872
6891, 3
1650, 1102
6737, 4
1615, 1483
1645, 737
1665, 976
4014, 387
1657, 958
1667, 846
1468, 6796
1545, 2361
2664, 268
307, 254
1539, 2720
6626, 2
1570, 2239
534, 343
5621, 14
2212, 361
1715, 1133
1643, 849
1642, 1092
2481, 794
124, 628
1638, 1154
675, 6967
1561, 2332
3120, 205
763, 1730
1451, 5506
1633, 2157
1636, 878
1630, 1222
1624, 1771
1620, 1224
6707, 74
751, 1732
1612, 1487
1628, 1184
1609, 1029
396, 400
4071, 79
1550, 2037
1533, 2294
1506, 4308
1557, 1633
1490, 5087
1525, 2791
514, 86623
1487, 6647
6574, 2
1510, 4056
6597, 1
778, 3612
1475, 6636
1532, 2349
749, 2653
5836, 1
280, 326
2744, 229
387, 567
495, 909
368, 657
2725, 355
1517, 3472
482, 830
2692, 139
335, 217
2830, 299
473, 599
1669, 871
4026, 115
617, 353
3176, 203
819, 3092
346, 2102
291, 10699
1478, 7058
1514, 3124
669, 1383
651, 2263
5738, 8
3008, 126
1470, 8750
3028, 247
671, 1913
5758, 13
1508, 5224
2915, 160
558, 668
5645, 23
52, 1097
1456, 6535
6543, 14
1467, 6789
3123, 170
766, 1550
3006, 122
481, 1283
5568, 7
1538, 2694
6625, 1
3000, 75
1526, 2469
2965, 120
1585, 1878
461, 1342
214, 540
422, 7619
5509, 10
656, 1812
1471, 8107
2895, 137
538, 435
5625, 2
425, 1411
647, 1844
3004, 79
1376, 20048
6463, 138
677, 2199
2978, 120
623, 261
2980, 175
2734, 310
377, 3676
200, 20492
3115, 103
758, 1517
2776, 283
419, 7699
348, 3291
2990, 103
685, 257
3042, 115
2971, 173
123, 872
5210, 65
2970, 102
2918, 115
562, 583
2979, 203
873, 1903
5960, 12
474, 823
2831, 167
593, 2011
5680, 107
423, 4071
5510, 5
2780, 304
298, 1124
490, 723
2847, 296
485, 1352
5572, 4
2842, 410
510, 6122
2867, 172
2872, 122
640, 1219
2997, 100
3084, 167
727, 2950
477, 913
2834, 151
299, 1431
832, 2341
2945, 272
588, 2294
5675, 18
1772, 943
638, 528
2995, 104
2751, 303
383, 1042
2740, 159
400, 626
2760, 163
403, 518
248, 733
290, 583
360, 142
2717, 355
761, 1918
2718, 241
2988, 102
413, 1626
2770, 285
2985, 167
417, 9275
2774, 397
2672, 347
2998, 49
641, 1060
5728, 7
2714, 343
2092, 177
2093, 234
2964, 72
211, 6308
2568, 282
489, 830
2846, 210
2572, 382
154, 814
2511, 423
2844, 344
142, 1539
2499, 646
327, 586
2684, 194
2580, 374
371, 1365
2728, 290
459, 1189
2126, 579
415, 2811
2772, 203
2306, 193
2252, 470
3043, 143
686, 360
157, 964
2514, 638
286, 410
2643, 392
2586, 668
2585, 469
1794, 672
149, 910
5236, 26
2506, 466
2148, 126
414, 1333
2771, 264
330, 534
2687, 363
2689, 447
345, 641
2702, 376
2681, 256
3807, 196
1450, 6163
2876, 112
519, 12063
2877, 129
520, 625
523, 1832
1524, 3228
529, 479
2788, 142
431, 1321
5518, 4
2457, 169
1554, 2446
1556, 1550
2606, 388
287, 399
2644, 378
1540, 2670
2566, 524
209, 896
2624, 200
2635, 284
278, 1031
2878, 94
521, 477
242, 386
2599, 340
2598, 211
323, 872
2755, 321
398, 688
2769, 326
412, 13445
619, 352
180, 605
5267, 71
2537, 509
2996, 67
639, 975
549, 550
554, 366
443, 1124
5530, 12
2914, 97
557, 369
756, 1474
1713, 1168
251, 640
2587, 459
230, 389
5317, 29
642, 552
5729, 4
1581, 3110
2125, 336
601, 1609
10749, 2
476, 534
1518, 2792
2910, 290
553, 315
2916, 78
559, 410
369, 715
105, 372
1676, 621
434, 478
5521, 9
243, 557
2823, 239
466, 375
546, 520
548, 906
94, 624
1527, 3083
1342, 24708
6429, 2
457, 956
2722, 277
365, 182
2720, 317
363, 958
420, 4724
5507, 8
1929, 509
7016, 2
336, 264
2934, 140
577, 1002
1466, 7126
2715, 147
358, 292
271, 428
527, 440
1488, 5560
2610, 408
253, 283
5340, 16
2613, 354
256, 518
182, 662
5269, 6
1815, 655
6902, 7
2484, 353
127, 1085
2084, 277
660, 3091
5747, 53
439, 766
699, 208
626, 272
580, 11353
2626, 382
269, 331
2483, 408
126, 81230
186, 888
5273, 17
51, 1805
110, 985
3869, 211
1512, 3338
825, 2840
3009, 172
652, 1341
879, 1721
406, 1579
2766, 286
409, 3249
254, 750
3200, 188
843, 2295
658, 2102
605, 1013
5692, 11
73, 1971
886, 1982
5973, 6
3173, 101
816, 3036
919, 4469
754, 1692
3810, 362
1453, 6342
6540, 1
2062, 327
1447, 7979
6534, 1
1457, 7877
6544, 31
1622, 1389
2328, 314
716, 796
1613, 1120
1436, 7966
1610, 1600
1472, 5752
1602, 1408
1440, 8535
6527, 2
380, 1253
169, 6309
1569, 2670
1571, 2507
1579, 1962
2330, 445
1560, 2950
449, 2311
1574, 1940
1563, 1738
2320, 264
3717, 159
1360, 18899
472, 555
1587, 2265
681, 1030
3715, 405
1358, 17966
120, 561
1607, 1805
1578, 2263
2794, 210
437, 197
5524, 23
687, 348
1577, 1645
1566, 2735
1582, 2559
865, 1628
2866, 415
509, 1291
3080, 232
723, 1359
629, 666
5716, 4
3072, 137
715, 984
1549, 2789
3095, 168
738, 6663
847, 2661
3001, 204
644, 972
5731, 21
1534, 3266
3303, 569
946, 3724
864, 1549
1340, 26377
6427, 41
1515, 4761
3074, 84
717, 1171
1553, 1968
1511, 3421
635, 817
759, 2417
1530, 3213
1544, 2217
998, 5987
3156, 105
799, 6368
5886, 1
833, 2585
1521, 2871
3508, 49
1151, 35962
6238, 4
2949, 160
592, 1835
297, 1067
3063, 91
706, 651
1520, 3330
1482, 6361
1465, 5922
6552, 11
3709, 285
1352, 21613
1516, 3535
861, 1716
3109, 209
752, 2026
748, 5697
1357, 20539
667, 3395
1337, 26565
6424, 126
1454, 7321
6541, 3
1333, 30268
6420, 1
1459, 6834
6546, 1
1348, 26165
6435, 12
870, 1912
2262, 330
2284, 436
1917, 320
2293, 402
1280, 45629
1355, 20396
2291, 151
2955, 94
598, 781
5685, 6
850, 2067
3091, 192
734, 4679
1632, 1386
1701, 774
2286, 405
448, 4630
319, 1309
566, 358
5653, 2
3046, 102
689, 209
5776, 6
3122, 147
765, 1717
5852, 12
1449, 7939
6536, 1
1441, 8403
450, 2311
1429, 10448
6516, 2
1455, 7313
810, 4333
1464, 6274
6551, 1
1325, 37004
6412, 2
1422, 8767
1389, 20479
1176, 39140
1143, 32415
3656, 212
1299, 39061
3121, 85
764, 1622
2862, 127
505, 10510
5592, 17
567, 353
5654, 28
2736, 212
379, 1958
325, 317
5412, 8
202, 4624
5289, 3
260, 534
5347, 8
2617, 507
77, 2156
2175, 153
648, 1267
5735, 4
1404, 12758
6491, 1
584, 693
3252, 305
895, 2080
5982, 49
889, 1798
5976, 4
930, 5528
711, 1080
857, 1962
5944, 7
1154, 34821
579, 3755
284, 463
693, 257
5780, 4
3125, 132
768, 2258
1458, 6415
6545, 5
1386, 19083
6473, 5
854, 2261
5941, 2
2168, 310
1365, 17142
6452, 3
2261, 476
1746, 553
6833, 7
2260, 195
1388, 17758
2813, 98
456, 1240
5543, 12
1452, 7719
6539, 1
384, 871
2686, 379
329, 439
207, 1585
5294, 5
172, 2504
5259, 5
2765, 226
408, 1807
1445, 8298
1415, 12886
1362, 16042
602, 1146
5689, 15
1744, 783
6831, 3
2259, 364
1444, 7358
6531, 26
2256, 283
1743, 620
6830, 25
1341, 27908
6428, 3
1230, 56950
6317, 8
1150, 37288
2982, 105
625, 321
5712, 45
3188, 112
831, 2092
812, 4225
1354, 20085
1344, 25527
2775, 182
418, 7628
2892, 178
535, 359
5622, 24
2487, 874
130, 1879
5217, 10
1353, 21092
6440, 6
2269, 187
3305, 205
948, 4159
1324, 38556
1733, 807
1437, 6914
2154, 304
881, 2054
849, 2584
788, 6787
774, 2454
5861, 4
740, 3402
3082, 359
725, 2799
455, 1180
3245, 152
888, 1754
5975, 12
496, 1360
293, 860
5380, 12
1345, 24814
6432, 3
3183, 167
826, 2599
5913, 3
2145, 376
2146, 164
1366, 20366
1320, 35329
6407, 5
1368, 17545
6455, 6
2147, 215
3011, 128
654, 1980
5741, 6
3731, 338
1374, 20007
6461, 3
808, 4137
804, 3859
1264, 76610
1378, 19478
6465, 2
1384, 20195
2141, 473
516, 3245
376, 1656
322, 678
199, 5741
5286, 40
191, 1559
5278, 11
2337, 383
3431, 47
1074, 46893
929, 5080
3166, 227
809, 3502
1194, 138683
2138, 208
3769, 184
1412, 10738
6499, 1
1396, 14895
6483, 1
1704, 1199
2130, 233
2127, 182
2131, 213
2128, 197
1387, 20350
3083, 445
726, 2966
5813, 4
718, 2503
1679, 651
1640, 1553
1680, 761
1326, 37450
1339, 25947
6426, 1
664, 2263
3639, 179
1282, 45392
3509, 217
1152, 39818
6239, 2
3634, 105
1277, 53078
1292, 33282
6379, 224
3738, 494
1381, 19199
6468, 5
1370, 13812
6457, 3
3720, 405
1363, 18201
3002, 144
645, 870
289, 653
3716, 163
1359, 19073
760, 1908
842, 2393
1377, 18867
6464, 7
838, 2344
835, 2687
827, 2272
1142, 32962
1670, 530
1660, 1064
1672, 838
2226, 260
453, 1771
5540, 99
1686, 1206
328, 718
1140, 32081
6227, 2
2316, 249
2233, 674
2223, 296
2276, 329
2240, 322
1619, 2133
6706, 2
2043, 408
1618, 1575
2066, 215
2048, 347
719, 3936
1614, 1085
830, 2246
5917, 29
1568, 2197
798, 6447
1224, 49862
6311, 1
3433, 135
1076, 55992
981, 8660
6068, 6
1232, 74977
3736, 781
1379, 20234
1372, 16847
10536, 8
263, 819
790, 7806
1899, 554
786, 8078
1895, 395
782, 6088
1891, 194
779, 4014
3424, 130
1067, 59642
1068, 44739
1028, 21990
302, 4135
3768, 368
1411, 11033
980, 7959
995, 6704
6082, 19
2104, 265
964, 7349
956, 6908
890, 2166
3763, 628
1406, 12187
1179, 37915
898, 2586
1349, 21731
240, 187
1418, 11344
2666, 544
309, 630
3373, 62
1016, 7613
997, 5570
3350, 95
993, 6416
6080, 1
3356, 32
999, 6419
2108, 414
3420, 57
1063, 44968
6150, 12
1064, 36337
6151, 1
1051, 50747
3389, 111
1032, 48398
6119, 4
1130, 40651
6217, 3
2378, 165
21, 116526
821, 3369
1182, 61914
1350, 23619
471, 621
401, 1459
5488, 17
347, 1489
1405, 12353
2653, 299
296, 1665
1126, 49546
17, 87615
44, 5581
1153, 43933
3739, 342
1382, 20435
3417, 94
1060, 51286
3402, 31
1045, 147848
3335, 196
978, 7497
924, 4316
875, 2332
5962, 4
1297, 41938
1226, 50470
117, 21127
1219, 38303
1228, 43396
10392, 2
119, 1154
5206, 21
3437, 133
1080, 47972
1172, 32887
2420, 408
63, 2879
5150, 27
3403, 72
1046, 202343
3517, 81
1160, 43236
6247, 6
3342, 192
985, 6905
3294, 65
937, 3711
2046, 251
1295, 40465
795, 5379
1289, 32121
6376, 2
1007, 5793
6094, 2
784, 5866
1117, 74262
2365, 318
8, 4798597
2392, 286
35, 76686
5122, 28
1144, 33787
3664, 86
1307, 42935
2555, 456
198, 18213
3434, 113
1077, 48838
6164, 4
1310, 43931
6397, 12
201, 5829
1004, 6680
6091, 4
3368, 71
1011, 8620
499, 1205
5586, 11
1215, 39596
106, 10874
2324, 224
1242, 105852
6329, 18
951, 5796
3315, 41
958, 6499
3233, 165
876, 2356
1985, 623
3179, 413
822, 3529
1373, 16831
6460, 6
10537, 8
264, 9534
1269, 70626
160, 2119
5247, 5
3085, 91
728, 5012
828, 3048
5915, 18
1369, 16184
1380, 19888
6467, 9
839, 2091
1948, 191
3390, 75
1033, 78581
6120, 3
3003, 226
646, 1734
5733, 4
1755, 747
1024, 11893
3374, 165
1017, 8640
1371, 16240
591, 2542
5678, 17
3311, 141
954, 5800
2063, 205
1021, 12384
3348, 39
991, 6603
3383, 65
1026, 28164
925, 3483
6012, 24
3263, 78
906, 3664
902, 2351
5989, 33
2011, 266
908, 3433
5995, 37
2017, 261
3376, 48
1019, 11950
6106, 1
972, 12803
973, 11482
6060, 2
846, 2552
5933, 5
1955, 188
7042, 1
969, 10986
1003, 7485
960, 6971
6047, 7
941, 4389
2050, 287
785, 6531
1894, 487
6981, 2
1312, 39131
6399, 6
203, 8900
5290, 43
3128, 100
771, 2783
1880, 237
1031, 22966
1034, 63654
3394, 70
1037, 72877
953, 5847
3396, 36
1039, 60152
3079, 350
722, 2346
5809, 5
1831, 818
3392, 13
1035, 112285
2117, 214
3365, 79
1008, 6728
1156, 40664
2404, 330
47, 3177
74, 6152
3540, 371
1183, 69006
6270, 33
3545, 214
1188, 85510
79, 2682
5166, 85
1168, 43071
6255, 8
59, 5014
2470, 388
113, 1061
5200, 27
1222, 44410
6309, 27
1195, 130324
2443, 300
86, 10085
1201, 65592
92, 2109
2808, 405
451, 3256
5538, 8
320, 8405
3704, 236
1347, 22960
6434, 2
265, 2337
1217, 39923
6304, 3
108, 43197
5195, 45
1758, 609
2492, 1103
135, 8950
1244, 141626
6331, 2
103, 2665
1212, 43481
6299, 6
3435, 68
1078, 41025
1062, 44240
6149, 2
1069, 49963
3411, 64
1054, 56316
6141, 1
61, 7727
1170, 35376
3018, 114
661, 2994
884, 2126
3171, 150
814, 3579
1923, 330
1252, 96606
2500, 518
143, 123133
224, 370
5311, 3
1306, 45377
197, 4797
1305, 45142
6392, 2
196, 25663
5283, 4
1284, 46833
1227, 39981
2475, 758
118, 83109
2859, 134
502, 5084
3401, 74
1044, 94031
2860, 114
503, 4705
5590, 22
2129, 213
1020, 13054
2863, 260
506, 88874
1258, 87279
1293, 33511
184, 1276
5271, 14
399, 4374
943, 4351
2759, 297
402, 11551
5489, 4
1192, 89284
83, 12890
3530, 118
1173, 34867
64, 3793
5151, 6
1167, 40571
6254, 8
2415, 339
58, 60509
5145, 51
3526, 92
1169, 31838
6256, 1
2417, 230
60, 11788
3102, 209
745, 3877
1286, 42462
1237, 90093
1268, 63548
2516, 498
159, 1870
5246, 18
1902, 124
793, 5463
975, 6161
6062, 5
3257, 58
900, 2763
2716, 329
359, 262
3541, 578
1184, 91744
75, 3010
102, 41754
5189, 49
1211, 53920
6298, 2
3445, 65
1088, 82921
6175, 3
6, 64849
1115, 72496
2743, 247
386, 1287
3852, 212
1495, 5947
6582, 6
338, 199
1163, 35732
6250, 4
54, 1581
2272, 435
81, 7589
3547, 457
1190, 66712
791, 5839
250, 433
787, 8137
246, 661
776, 4024
235, 308
5322, 10
1300, 39010
2575, 325
218, 696
1327, 36241
1175, 41172
2423, 595
66, 2687
5153, 22
93, 883
3559, 186
1202, 64008
2707, 437
350, 1585
5437, 15
1186, 72440
104, 259
1213, 38764
6300, 9
2721, 488
364, 1569
1473, 6396
237, 403
1346, 24815
1204, 88114
352, 1227
1461, 6295
341, 227
5428, 11
2441, 274
84, 20089
5171, 8
1193, 99366
855, 2651
1964, 259
7051, 2
80, 3977
1189, 68781
878, 2050
337, 105
1446, 7547
1879, 131
6966, 21
770, 2587
5857, 49
1392, 16137
283, 10524
851, 2455
874, 1845
333, 168
1442, 6665
3515, 127
1158, 42593
6245, 3
2406, 447
49, 44902
76, 43156
5163, 18
1185, 93452
1161, 43375
1878, 249
3126, 106
769, 2594
5856, 3
2591, 626
234, 263
5321, 9
95, 4858
2452, 107
3700, 250
1343, 25726
1165, 39487
56, 2238
109, 2749
5196, 26
1218, 39029
1180, 49463
2428, 531
71, 4595
98, 477
1207, 59975
355, 459
5442, 10
2658, 274
301, 3825
1410, 12834
6497, 6
1383, 19616
6470, 5
1897, 236
837, 2307
1946, 215
3708, 242
1351, 23286
6438, 4
183, 612
5270, 71
2670, 323
313, 219
3467, 90
1110, 78668
1, 398929
28, 30572
3494, 145
1137, 36016
1056, 120946
3463, 104
1106, 121589
6193, 3
24, 42733
5111, 18
1133, 35162
32, 59655
3498, 77
1141, 33219
3441, 49
1084, 102762
2, 508751
3468, 121
1111, 65121
773, 3167
5860, 6
3470, 312
1113, 67242
4, 3313198
2222, 296
31, 195719
5118, 34
2249, 462
2921, 87
564, 537
5651, 5
23, 52455
1132, 45653
6219, 7
82, 35390
3548, 192
1191, 86161
2300, 555
2696, 261
339, 212
1448, 6344
6535, 13
3461, 208
1104, 95529
6191, 7
2379, 201
22, 1049397
5109, 70
3488, 45
1131, 42192
6218, 14
1050, 79555
911, 2802
5998, 4
370, 451
1479, 5589
6566, 2
2588, 564
397, 1035
140, 146682
3606, 473
1249, 101972
6336, 2
1098, 115523
16, 52139
5103, 20
3482, 86
1125, 54404
2234, 323
1301, 40017
192, 133382
227, 202
1336, 27876
6423, 2
2711, 236
354, 541
5441, 45
2968, 111
611, 306
5698, 14
868, 1775
1082, 75027
0, 3981734
1109, 92423
1425, 8642
6512, 15
177, 1438
5264, 16
2534, 238
1223, 47210
2498, 797
141, 130361
1250, 91902
1196, 103838
6283, 3
87, 32972
3012, 84
655, 1395
1764, 787
3453, 535
1096, 177496
2371, 220
14, 53127
1123, 56066
2739, 281
382, 1109
5469, 8
869, 1858
3440, 50
1083, 105020
2615, 367
258, 148
1367, 16526
6454, 9
3331, 282
974, 6894
1285, 42878
176, 2174
5263, 7
390, 3465
1499, 5151
6586, 7
3448, 66
1091, 79012
2366, 366
9, 106149
1118, 77141
6205, 1
68, 4002
5155, 13
1177, 34490
3457, 169
1100, 102154
2375, 213
18, 82635
5105, 53
3484, 115
1127, 50143
1276, 56504
6363, 23
167, 4811
5254, 28
1817, 655
6904, 18
3065, 173
708, 576
3251, 35
894, 2233
5981, 15
353, 731
1462, 6838
1178, 33389
69, 176
5156, 20
2453, 449
96, 393
1205, 95114
813, 3620
1181, 65240
6268, 10
72, 12311
99, 760
5186, 33
1208, 48940
1898, 473
789, 6809
3479, 181
1122, 60606
13, 3454
2397, 218
40, 11708
3506, 101
1149, 35635
89, 23412
1198, 84349
6285, 5
2396, 270
39, 16912
1148, 36581
6235, 2
34, 56159
2669, 165
312, 452
1421, 10167
596, 2921
5683, 281
1705, 915
55, 7998
1164, 33175
829, 2114
1199, 79961
6286, 29
1390, 18739
2665, 174
308, 364
1417, 10760
2952, 116
595, 1272
311, 729
1420, 9690
344, 943
205, 3048
2562, 352
3328, 80
971, 10310
430, 854
5517, 4
1255, 130257
2503, 407
146, 1181
5233, 34
173, 14255
5260, 7
391, 2196
3449, 136
1092, 94679
2367, 227
10, 193445
5097, 18
1119, 62846
2390, 191
33, 11543
1291, 34569
6378, 2
1832, 442
2488, 710
131, 1958
1240, 90195
2745, 164
388, 1811
3854, 348
1497, 5329
6584, 1
3443, 60
1086, 117047
604, 1525
1145, 33457
2393, 229
36, 165113
1375, 17813
2623, 312
266, 718
834, 2601
1943, 475
3442, 128
1085, 123081
3, 1982083
1112, 73330
389, 35101
1498, 5571
2489, 1285
132, 21188
1241, 105520
3393, 26
1036, 94030
1403, 14180
294, 2745
862, 1850
2678, 382
321, 1244
1430, 8063
2424, 647
67, 772
3446, 49
1089, 85130
7, 2931
1116, 66396
1239, 95581
2348, 430
698, 305
933, 4647
2749, 303
392, 5339
1501, 4127
3450, 261
1093, 114316
11, 10685
1120, 72912
1221, 44024
6308, 8
112, 1572
139, 41696
5226, 6
3605, 222
1248, 102437
653, 1386
934, 5774
6021, 7
2750, 246
393, 4388
1502, 4836
6589, 3
3451, 46
1094, 117926
12, 33507290
1121, 61175
1271, 57201
6358, 1
162, 2751
5249, 24
189, 2433
5276, 119
1298, 36203
6385, 2
730, 8392
1812, 666
6899, 5
703, 433
2573, 498
216, 15706
961, 8317
190, 3849
5277, 24
326, 510
840, 2469
3560, 238
1203, 63710
2478, 436
121, 353
662, 1592
27, 137749
1136, 39112
2245, 277
3465, 227
1108, 117476
26, 91252
1135, 36970
2244, 263
3181, 84
824, 2979
2386, 195
29, 105236
1138, 39146
2400, 216
43, 3413
5130, 15
3428, 103
1071, 47216
2382, 251
25, 23342
3491, 160
1134, 34888
3410, 48
1053, 57659
836, 2543
2395, 342
38, 375277
3504, 87
1147, 34600
6234, 2
2398, 341
41, 1664
5128, 29
1256, 120119
2504, 483
147, 101911
174, 12874
5261, 2
1283, 43035
3486, 49
1129, 52815
2377, 323
20, 387147
101, 172814
5188, 18
1210, 44087
6297, 2
3458, 60
1101, 86514
6188, 2
19, 46792
1128, 47585
2237, 154
1304, 44326
195, 81473
1294, 37230
185, 634
5272, 38
753, 1659
1862, 259
212, 898
1321, 40213
709, 908
2521, 375
164, 2533
1273, 58701
6360, 3
3062, 158
705, 486
1814, 703
2778, 226
421, 7188
962, 12291
6049, 10
3343, 417
986, 6699
967, 6735
1251, 88841
6338, 10
3067, 267
710, 651
737, 9032
1235, 97980
3051, 82
694, 345
3339, 29
982, 8900
6069, 21
746, 4486
1236, 87300
695, 253
720, 3278
1288, 32212
6375, 3
179, 537
5266, 5
747, 3474
206, 17640
1315, 50676
3610, 309
1253, 112388
6340, 3
171, 8742
3069, 162
712, 1368
3460, 130
1103, 83729
6190, 30
193, 79955
5280, 42
1302, 46133
3020, 88
663, 1711
5750, 3
57, 3510
1166, 40688
702, 329
107, 34024
5194, 94
1216, 43648
6303, 3
1730, 486
6817, 4
2410, 213
53, 46868
1162, 38031
6249, 3
3444, 102
1087, 93035
5, 353597
1114, 75894
375, 2209
1484, 6944
2422, 475
65, 27466
1174, 37866
6261, 5
3064, 325
707, 481
2523, 770
166, 13235
3632, 105
1275, 56481
6362, 3
1229, 52166
1234, 88361
2343, 331
2509, 872
152, 41043
1261, 77132
3090, 169
733, 4931
30, 130999
1139, 32734
6226, 1
2248, 324
913, 3308
6000, 6
3611, 248
1254, 108400
2502, 742
145, 1177
5232, 35
713, 1193
1822, 394
3456, 52
1099, 101101
926, 3785
2035, 239
2402, 296
45, 15872
2263, 297
1303, 40717
6390, 1
194, 13184
5281, 24
1844, 266
735, 6108
2468, 471
111, 4418
5198, 28
1220, 46456
46, 7700
1155, 37805
587, 1106
5674, 1
88, 194764
3554, 274
1197, 87785
6284, 7
1400, 18257
318, 37233
1427, 8737
859, 1941
616, 377
1725, 1400
700, 266
1809, 620
988, 5844
1529, 3329
3372, 88
1015, 9343
3399, 18
1042, 62915
2858, 75
501, 1133
2419, 325
62, 19994
5149, 24
1171, 33661
303, 1072
1385, 20148
1407, 11795
6494, 1
2508, 751
151, 41379
1260, 72752
1233, 78026
2515, 655
158, 1473
5245, 60
1267, 72872
3061, 179
704, 543
163, 4356
5250, 18
1272, 61745
3454, 95
1097, 164302
15, 234487
5102, 47
1124, 53531
556, 273
1616, 1248
507, 2173
2522, 593
165, 3247
1274, 55468
6361, 7
3604, 181
1247, 119455
6334, 30
2356, 248
3014, 80
657, 1854
1739, 1239
6826, 58
1225, 50232
848, 2467
1957, 723
1391, 20225
3557, 472
1200, 66858
6287, 3
91, 3141
5178, 23
3016, 94
659, 3179
5746, 142
805, 4587
3459, 62
1102, 74719
1270, 58886
2518, 329
161, 5773
1238, 96817
129, 1726
5216, 1
697, 264
2513, 272
156, 23605
3622, 164
1265, 70889
1002, 7767
247, 4217
1356, 18501
1206, 75491
97, 1125
5184, 7
918, 4519
6005, 6
1047, 117676
2156, 284
2804, 181
447, 4302
1308, 44475
3670, 141
1313, 42342
6400, 1
3447, 82
1090, 85667
1401, 13849
1311, 41011
6398, 2
1041, 48384
3078, 227
721, 3216
724, 1509
3387, 36
1030, 22653
6117, 1
3301, 209
944, 4727
1025, 23509
3379, 105
1022, 16166
3119, 139
762, 2171
1871, 362
932, 4516
994, 6526
6081, 2
2103, 277
3320, 113
963, 7978
3367, 50
1010, 7664
899, 2161
3242, 113
885, 1927
3250, 51
893, 2530
5980, 3
891, 2082
3254, 149
897, 2499
5984, 5
3273, 72
916, 4567
977, 6173
6064, 13
3384, 117
1027, 18623
3369, 54
1012, 9773
945, 4335
2054, 430
586, 437
1693, 1336
445, 1718
5532, 10
2802, 244
1029, 16919
3007, 96
650, 2948
5737, 9
841, 2076
1950, 488
3796, 501
1439, 8472
6526, 4
1423, 8080
175, 4275
5262, 10
2532, 492
772, 2708
823, 3376
3234, 265
877, 1963
959, 8281
952, 6028
3340, 146
983, 7757
6070, 132
968, 7704
504, 792
5591, 3
996, 6226
1335, 30086
6422, 38
3423, 129
1066, 45949
6153, 3
1065, 38241
775, 3507
783, 6798
1006, 6689
6093, 1
3058, 215
701, 411
5788, 2
794, 6386
589, 904
3616, 140
1259, 72470
2507, 565
150, 1280
5237, 33
3299, 188
942, 4411
976, 5792
252, 704
3718, 151
1361, 15007
990, 6818
6077, 1
3503, 106
1146, 32846
2394, 130
37, 747
3464, 66
1107, 143611
6194, 7
2764, 244
407, 6135
404, 1198
5491, 3
1513, 3835
1243, 124656
6330, 10
134, 2710
5221, 5
511, 16371
2865, 136
508, 2659
1617, 1772
1187, 83937
665, 2122
1323, 40453
1059, 61561
3409, 46
1052, 49166
2674, 166
317, 1426
5404, 4
1426, 9813
1314, 41812
1920, 229
811, 3916
1504, 5897
6591, 16
395, 644
288, 469
1397, 14466
1919, 294
7006, 10
1399, 14976
1485, 5961
6572, 7
1492, 6668
1489, 7058
6576, 4
1918, 484
7005, 12
85, 10646
255, 260
1364, 16476
1328, 40426
6415, 19
219, 684
5306, 16
860, 2178
871, 1853
3266, 44
909, 3515
923, 4063
3436, 77
1079, 41170
3341, 45
984, 6976
6071, 30
1157, 48637
6244, 1
3397, 59
1040, 65880
3395, 52
1038, 53053
1049, 79116
1159, 44047
6246, 8
50, 3628
578, 3007
802, 4318
1911, 373
1409, 14562
6496, 2
2657, 308
300, 8272
1480, 6559
6567, 1
1586, 2377
1588, 2431
6675, 1
1414, 9009
3124, 76
767, 1864
3175, 113
818, 2860
3375, 106
1018, 10734
3438, 97
1081, 46037
500, 659
979, 8570
3795, 251
1438, 7479
1584, 2340
6671, 3
1443, 7576
3673, 290
1316, 42586
6403, 2
777, 3345
781, 4584
1890, 489
583, 1378
444, 860
2801, 220
3759, 1049
1402, 16005
957, 6910
1214, 39124
1209, 45821
2318, 174
797, 8071
5884, 11
1906, 251
1428, 9559
867, 1731
666, 1828
970, 10115
6057, 3
3418, 76
1061, 49132
6148, 16
2811, 254
454, 1588
3089, 110
732, 5098
3312, 60
955, 6605
3096, 140
739, 8040
5826, 8
1848, 469
3362, 28
1005, 7306
880, 2042
5967, 3
910, 3311
5997, 10
896, 2120
904, 2678
5991, 5
927, 4371
3380, 69
1023, 15538
949, 5430
590, 1695
1433, 9555
636, 638
497, 1256
2854, 150
1257, 101551
1583, 2312
820, 3029
965, 5623
498, 1746
3366, 76
1009, 6410
989, 7094
1416, 10029
1058, 76233
3414, 42
1057, 97671
6144, 10
2843, 495
486, 1544
1595, 1198
856, 2422
3688, 629
1331, 34488
863, 1795
2735, 138
378, 1235
5465, 10
2544, 401
187, 854
5274, 37
1296, 38034
1319, 39125
6406, 8
275, 2011
1279, 46993
170, 4530
5257, 18
1278, 50926
1263, 75915
1591, 2010
883, 2189
5970, 3
3623, 171
1266, 82386
6353, 5
1262, 73128
1330, 34101
6417, 4
1535, 2366
1496, 5260
6583, 3
1674, 915
1558, 2171
1589, 2293
6676, 1
1469, 6936
1555, 2472
1281, 44849
6368, 4
1398, 17429
1671, 1173
1596, 1552
3307, 108
950, 5107
3323, 99
966, 7420
1394, 19143
1424, 8613
1393, 18615
1576, 2384
467, 634
1477, 8187
1287, 39466
6374, 2
1594, 1577
1600, 1256
1434, 9188
6521, 2
3174, 116
817, 3453
3244, 170
887, 1972
670, 1635
1779, 927
936, 4051
3429, 134
1072, 50177
2815, 339
458, 1294
3770, 258
1413, 11411
6500, 2
3427, 63
1070, 44246
742, 4160
750, 2857
1859, 330
757, 1957
1866, 406
1055, 63975
866, 1453
3349, 38
992, 7113
928, 4377
2037, 631
914, 3268
6001, 4
922, 4693
3277, 84
920, 5190
931, 5448
1329, 35576
6416, 38
220, 809
3400, 73
1043, 99847
1048, 81399
853, 2396
1962, 377
744, 2704
1853, 305
1599, 1905
1432, 8831
1332, 33136
6419, 3
3679, 217
1322, 34855
6409, 8
1231, 72114
6318, 6
2479, 476
122, 1225
5209, 10
3432, 80
1075, 51313
3462, 55
1105, 97913
6192, 14
1317, 40610
6404, 6
801, 5276
3229, 99
872, 1780
1981, 357
921, 4681
3093, 220
736, 7676
1845, 477
6932, 1
743, 4459
947, 3333
852, 2258
917, 4559
912, 3718
5999, 17
2954, 206
597, 1351
5684, 2
1706, 723
1606, 1438
1603, 1762
494, 946
1013, 10260
1334, 29014
792, 6131
1901, 121
6988, 1
800, 5228
3160, 102
803, 4102
807, 4507
3071, 123
714, 769
310, 695
1419, 9712
603, 1708
5690, 5
1245, 154659
136, 3685
1246, 133978
6333, 3
137, 1392
5224, 20
815, 3620
935, 4345
2044, 480
3086, 120
729, 5114
940, 3893
2049, 132
845, 2938
1954, 202
907, 4196
5994, 17
3258, 95
901, 2407
3262, 205
905, 3486
1318, 40500
6405, 8
1688, 641
1338, 25226
6425, 6
3239, 192
882, 1963
5969, 3
3452, 262
1095, 151265
3371, 93
1014, 9546
1309, 40695
6396, 6
3163, 80
806, 3833
731, 6590
3137, 283
780, 4602
903, 2692
5990, 37
915, 4248
1000, 8110
1928, 608
690, 149
42, 2132
5129, 40
114, 536
5201, 79
2471, 387
128, 793
2485, 888
1873, 410
6960, 1
1869, 828
1921, 236
7008, 2
2661, 234
316, 480
2673, 178
2671, 243
1505, 6054
2691, 243
295, 2675
2652, 511
2614, 564
257, 358
5344, 8
2096, 311
987, 5473
2809, 231
452, 2223
133, 33185
5220, 108
2490, 802
2827, 108
470, 773
5557, 4
2835, 151
478, 962
2909, 207
552, 319
5639, 3
582, 1038
1703, 878
1796, 479
6883, 1
1790, 896
1547, 2618
2789, 142
432, 919
5519, 9
2618, 438
261, 538
637, 750
1548, 2181
1483, 6724
2917, 157
560, 337
741, 5513
1523, 2520
1522, 2885
446, 2871
5533, 23
2803, 290
435, 216
5522, 2
2792, 446
442, 3188
2799, 258
796, 7709
5883, 26
441, 1308
2798, 216
1689, 627
2790, 198
1788, 436
2525, 381
168, 2451
5255, 19
938, 3713
6025, 14
385, 830
1494, 4754
6581, 3
3430, 61
1073, 51821
2512, 425
155, 3432
2616, 400
259, 142
236, 566
5323, 6
1858, 524
1509, 4288
606, 497
492, 285
1655, 876
1951, 328
1887, 155
1798, 446
1939, 428
1828, 480
1820, 446
6907, 6
1826, 487
1956, 277
7043, 2
1941, 153
1536, 2290
1519, 3120
6606, 1
1944, 388
1546, 2564
668, 1448
3647, 310
1290, 36599
6377, 3
1395, 18428
1431, 9333
6518, 3
3765, 186
1408, 11743
6495, 2
1486, 6503
3296, 82
939, 3674
1001, 6431
844, 2505
5931, 1
892, 2299
2038, 366
3474, 689
2758, 422
3549, 896
3543, 78
573, 363
5660, 17
3542, 115
3533, 121
3531, 77
3534, 49
2912, 249
3520, 92
3480, 111
3472, 105
3544, 169
3535, 174
3546, 145
3332, 495
3532, 59
2462, 266
3490, 96
3527, 58
3466, 278
3455, 80
3493, 106
3473, 768
3495, 46
3477, 160
2162, 419
4476, 35
3419, 122
3439, 34
3510, 32
3524, 56
3483, 124
2480, 615
3536, 70
3523, 54
3537, 136
3507, 129
3529, 93
618, 410
2558, 291
2557, 339
2553, 359
2541, 261
522, 1089
2559, 569
2551, 450
2388, 253
2387, 235
2357, 165
2384, 440
2389, 320
2353, 197
2383, 232
2391, 243
2401, 517
1710, 768
2576, 420
2708, 534
2407, 374
2144, 205
2198, 325
2709, 275
2278, 564
2271, 310
2302, 210
2287, 152
2408, 155
2746, 307
2677, 290
2432, 567
2563, 561
3364, 38
2680, 255
2565, 547
3361, 64
3346, 345
3329, 69
3359, 26
3241, 246
2710, 340
3344, 483
2363, 318
2630, 338
3309, 43
2628, 425
2431, 678
2429, 505
2430, 720
2526, 543
2637, 487
2762, 187
2520, 631
2741, 284
2109, 260
2654, 450
858, 2227
2609, 249
2742, 269
2853, 386
673, 1398
2619, 473
2731, 165
2849, 219
2825, 164
2668, 199
2676, 297
2779, 350
2781, 126
2850, 232
2690, 504
2833, 174
3337, 69
315, 461
5402, 15
440, 780
2733, 292
2732, 177
3525, 254
3528, 86
3363, 30
2816, 260
3551, 277
2875, 167
332, 195
3055, 161
483, 755
3469, 102
2806, 170
324, 513
561, 290
3381, 59
3378, 80
3499, 81
2887, 166
138, 721
349, 974
2886, 103
2905, 226
2907, 61
2906, 183
2820, 295
621, 935
3113, 223
2908, 124
3512, 348
3406, 58
3408, 79
539, 1584
5626, 8
2942, 154
491, 757
1500, 4971
540, 304
5627, 10
1634, 1323
3492, 114
366, 237
3496, 128
3711, 857
3712, 254
3701, 104
3521, 114
2064, 373
2873, 100
3039, 116
1562, 2130
361, 243
484, 957
3060, 78
3522, 76
1543, 3206
6630, 1
181, 10400
5268, 13
223, 333
3157, 135
3148, 266
1623, 1164
3151, 146
1629, 1323
3570, 79
493, 953
1641, 1253
674, 1704
1658, 1166
531, 258
1621, 1229
48, 2837
3580, 137
1626, 1220
267, 324
3168, 92
1719, 864
1721, 707
1782, 846
6869, 1
1661, 868
3722, 272
249, 3975
460, 612
528, 470
1682, 680
1775, 833
277, 2161
1687, 819
6774, 2
3170, 157
3169, 62
543, 248
5630, 12
1727, 1190
1789, 459
1699, 523
1541, 2481
3582, 64
1694, 579
357, 305
188, 717
5275, 566
1800, 459
3586, 264
3587, 136
3589, 252
3727, 191
1735, 1461
343, 394
1723, 1178
1714, 728
6801, 4
3726, 617
3697, 266
229, 114
232, 179
100, 201
5187, 8
1685, 694
1590, 1922
518, 1741
3140, 165
3592, 433
3707, 539
683, 698
1646, 783
1771, 760
3730, 766
1709, 1309
405, 784
5492, 7
512, 774
429, 853
5516, 7
3613, 110
696, 229
628, 399
1759, 807
1776, 756
3590, 207
3154, 75
1675, 770
3737, 505
1841, 337
1793, 603
1627, 1175
3723, 407
178, 1644
3218, 125
3216, 296
2911, 169
2930, 98
682, 508
2339, 195
2342, 253
2319, 245
2325, 128
3215, 107
3204, 240
3209, 608
3213, 204
2139, 265
3076, 135
3075, 216
2448, 175
3103, 82
276, 1044
5363, 17
3098, 220
3211, 103
3196, 62
3212, 156
3182, 149
3180, 115
469, 702
5556, 20
3052, 72
3133, 164
3208, 256
3185, 228
3207, 254
3202, 370
3201, 104
3192, 134
3190, 137
2642, 316
3191, 87
3178, 162
3205, 386
3138, 117
3152, 177
3130, 184
2583, 434
3206, 138
3193, 158
3199, 282
2986, 156
2183, 379
4610, 45
3284, 204
3150, 88
3187, 88
3186, 144
3114, 68
3132, 90
3136, 54
643, 535
5730, 1
3228, 165
3635, 270
3097, 188
3099, 401
3087, 118
3105, 123
3155, 118
3184, 213
3145, 286
3198, 73
3197, 203
3167, 115
3189, 96
2571, 681
2552, 349
2577, 305
2317, 252
2605, 499
2540, 394
2584, 432
2548, 525
2251, 317
2376, 180
2346, 425
2373, 128
2547, 618
2385, 324
2372, 183
1816, 575
2737, 234
2556, 672
2473, 230
2594, 683
2193, 155
2738, 144
2258, 397
2273, 483
2266, 221
2297, 242
2282, 272
2403, 218
2685, 325
2682, 306
2639, 283
2647, 284
2460, 326
2590, 416
2937, 144
2748, 277
2592, 530
2919, 183
2903, 59
2807, 279
2659, 228
2655, 201
3015, 190
2800, 235
2458, 336
2459, 393
2549, 573
2543, 322
2143, 361
3129, 306
2926, 163
2727, 176
3775, 181
2805, 207
1748, 1134
2851, 233
2939, 193
2856, 228
3153, 203
525, 10846
2793, 342
2425, 756
3210, 105
2795, 357
2913, 96
2960, 85
2822, 277
2898, 148
3161, 141
3751, 462
3767, 484
3162, 107
2832, 240
2923, 170
2967, 154
331, 415
487, 1129
5574, 45
2841, 417
2925, 143
2924, 132
2938, 97
2983, 103
2950, 143
3760, 352
530, 365
3053, 213
3761, 745
3026, 109
3164, 52
3601, 373
463, 262
3758, 554
3600, 121
3599, 219
3596, 244
3583, 308
3571, 112
3581, 255
3575, 105
3594, 307
3591, 641
3593, 228
3562, 94
4243, 122
4245, 161
4253, 285
4268, 50
4269, 93
3974, 140
3980, 255
4308, 97
4125, 294
3979, 112
4277, 39
3588, 336
4177, 94
4047, 386
4844, 4
4018, 256
4168, 129
4174, 142
4007, 562
4048, 536
4020, 869
4024, 309
4057, 362
4842, 14
1842, 541
6929, 23
4176, 42
4021, 274
4175, 154
4029, 168
4030, 608
4131, 278
4031, 276
4139, 157
4036, 275
4035, 472
2047, 275
4153, 319
4109, 68
3812, 343
4190, 61
3829, 922
3741, 549
3847, 644
4426, 379
4202, 113
4213, 64
4169, 234
4171, 382
225, 243
4215, 136
221, 373
4141, 96
305, 581
4160, 61
4165, 89
3671, 360
238, 664
5325, 39
231, 136
5318, 7
1863, 529
6950, 4
1867, 303
1833, 447
1799, 648
1851, 544
1757, 862
1791, 857
6878, 2
1849, 371
1856, 416
6943, 1
1664, 765
1673, 836
1974, 222
1838, 398
2045, 167
1976, 350
1847, 423
1846, 422
1783, 546
1850, 488
1966, 390
7053, 3
1854, 335
1864, 699
1973, 235
1857, 465
2123, 478
7210, 3
2036, 273
2088, 330
2004, 521
3595, 177
2085, 131
1972, 461
2087, 261
1996, 145
3756, 361
3617, 111
3615, 143
2121, 230
2106, 349
2089, 349
2090, 273
2022, 222
7109, 118
2026, 283
2072, 708
1958, 404
2027, 278
1994, 244
7081, 6
3619, 144
2020, 487
7107, 5
2137, 216
2041, 236
633, 928
5720, 60
3830, 515
2098, 140
3621, 104
3625, 308
2053, 296
2058, 286
3628, 210
2142, 324
153, 677
3629, 440
2075, 540
3633, 70
2136, 309
2078, 237
3637, 160
3567, 320
4147, 64
2101, 121
3781, 470
2151, 266
3754, 710
3653, 144
4424, 145
3668, 132
233, 360
5320, 37
3692, 281
4191, 63
2298, 471
2264, 751
2289, 266
2267, 440
2247, 346
1907, 261
630, 651
515, 3783
4194, 108
3773, 451
1808, 503
10483, 1
210, 1044
2399, 370
3787, 445
3771, 390
3774, 158
1780, 698
3776, 194
2418, 382
2421, 622
3785, 148
3778, 267
272, 629
3608, 519
1718, 949
4178, 192
544, 322
4043, 299
4198, 34
4044, 269
1754, 1306
3800, 154
3802, 334
394, 739
2434, 321
4049, 188
3809, 158
1770, 975
3789, 729
537, 277
1767, 1027
6854, 2
1625, 1421
3839, 188
3816, 1052
3836, 262
488, 894
1684, 963
3825, 396
1768, 817
6855, 1
3820, 766
1777, 664
1806, 570
1677, 1174
3823, 771
3824, 807
569, 1967
513, 11030
3837, 261
479, 1302
3840, 183
3835, 318
215, 558
5302, 7
1762, 890
4053, 107
631, 971
5718, 3
3844, 182
1598, 1548
571, 1115
5658, 2
570, 1646
1751, 1281
1717, 868
1720, 1006
4052, 200
1702, 1078
1747, 1124
465, 273
2427, 464
4199, 44
4428, 469
3946, 156
2014, 340
2179, 478
2012, 573
2426, 503
2205, 562
2008, 208
2052, 295
3995, 456
4012, 341
4017, 595
4023, 61
2216, 125
2220, 239
2242, 352
3975, 190
3092, 95
3964, 150
2007, 150
3978, 74
3977, 79
3967, 149
3865, 90
4083, 332
2055, 307
2065, 285
607, 683
4228, 91
3951, 333
2069, 239
2061, 179
1836, 555
1824, 361
4237, 135
1810, 515
2097, 140
4454, 106
4455, 42
2510, 512
1761, 819
4415, 692
4412, 35
2307, 104
4456, 44
2466, 363
2334, 385
2530, 441
2329, 164
4546, 63
2368, 220
2528, 205
1892, 458
6979, 4
4988, 5
2529, 226
2531, 232
2524, 254
2380, 243
1908, 295
2533, 224
2538, 264
2536, 269
1961, 389
4267, 117
4250, 96
4248, 73
5054, 11
2362, 363
4332, 70
3973, 255
222, 613
226, 188
239, 145
5326, 5
1993, 388
575, 462
5662, 49
2196, 397
282, 556
314, 152
3956, 161
2374, 263
2120, 279
3954, 138
3750, 241
3955, 124
3104, 255
3944, 177
3906, 326
3870, 143
3923, 132
3903, 151
3902, 102
3912, 382
2241, 296
3893, 134
3897, 401
4061, 159
3943, 366
4058, 99
125, 20167
4106, 95
4104, 168
4101, 81
4084, 169
4082, 275
4005, 740
4085, 56
4087, 113
3222, 220
4013, 871
4107, 98
608, 642
5695, 16
4531, 12
1870, 669
1885, 211
3279, 91
4773, 17
4602, 62
217, 1136
5304, 14
4961, 27
4336, 200
4958, 12
4972, 35
4522, 54
4407, 33
2257, 302
3928, 241
1875, 485
3927, 191
3895, 148
3900, 169
1886, 307
3940, 126
3941, 366
3933, 79
3935, 170
3939, 247
3398, 50
2191, 419
2181, 302
2187, 169
2192, 307
2232, 261
2172, 234
2180, 317
2323, 346
2497, 364
3149, 74
3386, 38
3143, 180
3172, 120
3144, 237
614, 620
5701, 229
2884, 138
3019, 126
3146, 233
3147, 98
3293, 58
3158, 188
3066, 346
2546, 557
3742, 945
3734, 204
3230, 286
3101, 117
3022, 96
3031, 146
3035, 128
3034, 110
3081, 472
3088, 103
2255, 179
3471, 207
3345, 276
3728, 469
3325, 86
3322, 24
2150, 247
3319, 165
3421, 42
3426, 41
3729, 613
3744, 361
3732, 267
3713, 326
3719, 402
3735, 510
3878, 247
2174, 178
3934, 208
3909, 372
3881, 277
3910, 284
3513, 218
3481, 123
3762, 907
3753, 153
3764, 323
3915, 247
3916, 359
3889, 393
3917, 611
3918, 176
3755, 369
3924, 233
649, 1483
5736, 1
3938, 98
5604, 13
517, 435
3783, 501
3563, 218
3552, 141
213, 612
3416, 61
3415, 33
679, 496
2018, 306
7105, 3
2474, 468
4334, 107
4935, 22
5071, 10
5061, 7
2667, 294
4662, 25
2683, 208
5328, 11
241, 246
372, 1754
4651, 41
4638, 60
4673, 46
4865, 47
4789, 55
4891, 15
4806, 27
4973, 7
3116, 93
4246, 91
3612, 182
3566, 93
3565, 340
3640, 112
3238, 63
2900, 175
3641, 68
2184, 246
2496, 530
1830, 543
1819, 643
536, 802
2947, 78
2840, 342
2838, 226
2542, 800
2948, 155
1766, 764
2545, 291
2338, 380
2411, 387
2442, 236
2080, 328
4937, 12
2951, 141
4934, 43
4917, 27
4900, 18
4928, 20
2703, 343
4870, 50
4915, 40
4912, 34
4913, 28
4914, 29
3010, 121
2627, 250
2620, 425
4678, 22
2550, 896
5077, 59
5021, 20
3030, 172
3029, 152
2608, 334
2981, 132
2861, 187
4927, 44
2761, 152
2773, 273
4703, 31
2814, 137
4700, 75
4711, 14
2891, 145
3040, 529
2871, 172
3094, 109
2874, 125
684, 295
5058, 13
3032, 379
627, 211
3049, 74
2940, 197
4712, 31
5082, 40
5079, 72
5080, 4
3292, 107
4735, 8
2868, 107
4730, 25
3077, 464
2956, 136
2976, 155
3110, 412
613, 409
5700, 6
2973, 242
3041, 136
3044, 100
4734, 7
4726, 26
3289, 86
3059, 220
4933, 36
3271, 53
4706, 142
4728, 95
3038, 98
4628, 241
4722, 39
4705, 24
4644, 32
4704, 17
3177, 373
4713, 59
4710, 10
3165, 72
4714, 88
3338, 186
4739, 4
4142, 61
3703, 106
5066, 17
2013, 307
2646, 297
4408, 31
5632, 14
545, 571
3871, 98
3872, 311
3860, 355
3819, 630
3828, 659
3859, 261
3846, 895
3853, 183
3858, 256
3857, 218
3698, 387
3861, 246
3681, 140
3862, 415
2204, 336
2188, 131
2177, 347
2190, 349
1837, 460
2015, 287
2031, 172
2322, 332
2535, 304
3792, 375
2364, 385
2207, 439
2303, 268
2206, 387
2122, 173
2350, 203
2358, 431
2208, 361
2189, 193
2299, 259
2213, 361
1986, 717
7073, 6
1984, 657
1916, 286
7003, 4
2285, 210
2283, 430
3834, 259
2095, 227
2265, 337
2270, 531
2200, 352
2359, 450
3806, 278
3849, 302
334, 151
2409, 238
574, 375
5661, 2
2456, 303
581, 3536
5668, 11
3831, 243
3841, 159
2486, 502
2445, 152
3838, 211
3826, 895
2469, 373
2464, 224
2467, 545
3811, 207
3799, 299
2281, 316
3985, 149
5355, 18
268, 315
116, 318
4195, 78
1654, 697
2622, 514
2621, 354
2217, 171
4022, 207
2634, 368
4016, 569
1860, 627
3994, 462
4015, 759
3990, 465
2295, 220
2812, 130
2817, 181
2028, 194
5709, 7
622, 825
2294, 332
4631, 56
3884, 450
3908, 511
4791, 419
4135, 912
4790, 124
4793, 11
3310, 145
3333, 106
4779, 65
2211, 222
4156, 80
4493, 282
4474, 52
4448, 436
4485, 55
4421, 57
2218, 227
4420, 42
2201, 305
3027, 88
2229, 205
2231, 388
2438, 343
4341, 33
4342, 70
4422, 440
2936, 316
2437, 688
4303, 87
2451, 327
2116, 199
2414, 279
2119, 530
4387, 46
2114, 242
1876, 322
4361, 55
2019, 281
7106, 32
2100, 219
4040, 195
3219, 158
2024, 542
7111, 6
2023, 238
7110, 152
1998, 489
7085, 5
4367, 299
2880, 153
4413, 50
2185, 408
2032, 173
2021, 492
2033, 269
3255, 87
1990, 533
7077, 3
2034, 539
3256, 42
3259, 135
2039, 171
1927, 221
2105, 219
2236, 361
2203, 215
3226, 81
3223, 102
3224, 149
2135, 207
2107, 463
2209, 294
2290, 247
2228, 226
2235, 510
2173, 181
2280, 325
2327, 169
2308, 178
2369, 330
2360, 191
2355, 216
2309, 227
2314, 406
2340, 270
2335, 121
2344, 235
2351, 431
2370, 348
4458, 182
1805, 607
2333, 127
2321, 268
2310, 340
4381, 48
3314, 45
3308, 87
4231, 188
3352, 91
4234, 377
4371, 152
4166, 139
4233, 548
4370, 128
4259, 90
4260, 224
4255, 240
4368, 41
4353, 93
4369, 394
4339, 48
4218, 127
4301, 58
3550, 126
2602, 276
4299, 68
4227, 221
3598, 385
4348, 456
4365, 30
4376, 41
4363, 36
4354, 273
4352, 343
4362, 116
4340, 101
4300, 102
4314, 101
4292, 84
4318, 183
4364, 50
4355, 72
4366, 76
3518, 70
4136, 766
4310, 39
4350, 511
4347, 49
4346, 69
4290, 117
4282, 173
4317, 67
4319, 93
4302, 135
2163, 159
3676, 195
4242, 139
4270, 49
4257, 154
4210, 117
4263, 125
4328, 108
4313, 131
4278, 42
2724, 227
4356, 44
4358, 106
4322, 296
4344, 157
2783, 320
2784, 137
2839, 180
2829, 253
2679, 496
2491, 592
2461, 277
2493, 549
2501, 474
2629, 419
2633, 444
2361, 140
2354, 142
2857, 276
2883, 209
2454, 746
2439, 235
2440, 198
4351, 292
2539, 281
2787, 321
2527, 172
2791, 156
2959, 87
2785, 258
2958, 84
2810, 268
2882, 110
2855, 139
2927, 346
2660, 281
2920, 104
3669, 109
4505, 262
2928, 136
3489, 111
3106, 200
2933, 188
3107, 82
3111, 752
3276, 73
3118, 129
3108, 367
3516, 99
3047, 48
612, 229
5699, 2
2972, 109
3519, 204
2992, 257
4510, 29
4507, 254
4508, 275
4496, 28
4502, 151
4501, 85
4509, 46
2969, 92
2994, 104
4520, 41
4519, 89
4521, 33
4512, 81
4383, 79
3694, 253
3748, 499
3696, 241
3699, 555
3500, 46
3497, 89
3683, 430
3478, 56
3485, 104
2593, 231
3579, 86
524, 590
4561, 27
4565, 21
1795, 500
4567, 31
3885, 454
2111, 281
4597, 167
4727, 21
3901, 107
4483, 85
304, 664
4484, 52
3757, 778
4473, 43
3766, 666
273, 291
3297, 73
3968, 804
4690, 28
4725, 58
4701, 31
3971, 205
3264, 103
3324, 66
3351, 58
3981, 75
3983, 255
3982, 366
3475, 167
3317, 79
3404, 88
3422, 55
262, 423
3268, 78
2931, 224
3377, 59
3370, 42
3505, 93
2091, 349
2561, 824
2564, 621
2570, 698
2581, 352
2582, 346
2169, 351
4037, 193
2326, 457
3246, 93
3290, 146
3237, 90
3425, 27
3272, 207
3357, 37
3487, 178
2638, 359
2612, 324
4034, 273
3808, 268
4033, 158
3407, 42
3412, 57
2852, 259
3382, 50
2869, 444
3797, 284
3413, 52
3511, 423
2881, 142
3068, 79
2890, 101
3054, 114
2870, 110
4875, 14
3037, 169
3036, 94
3057, 104
3813, 433
4039, 720
2974, 145
2941, 261
2975, 87
2961, 124
3803, 454
3801, 471
4750, 16
3024, 72
3818, 810
3050, 79
3135, 165
4760, 11
3501, 43
1835, 422
2253, 269
4073, 79
4070, 88
279, 343
4766, 18
4769, 16
1839, 592
1840, 453
3577, 146
3584, 264
4096, 130
3574, 154
3240, 70
3260, 243
3249, 222
3573, 142
3572, 98
4095, 746
3999, 125
4801, 23
4702, 15
4200, 89
4209, 128
4010, 216
4009, 217
4003, 581
3553, 1146
3159, 182
2315, 181
2161, 239
1884, 224
3502, 63
2225, 338
1926, 177
542, 195
541, 264
3962, 803
1991, 320
2102, 268
2056, 374
2277, 619
2288, 135
2165, 258
1999, 158
7086, 2
2005, 279
3733, 620
2202, 215
2292, 331
2132, 175
2312, 199
2296, 193
4000, 535
2305, 226
4841, 44
4155, 81
4004, 991
3888, 461
2029, 482
3706, 198
3992, 431
3997, 328
3970, 647
3815, 504
3814, 283
3665, 112
3804, 712
3667, 133
3048, 135
3805, 512
3695, 154
3690, 492
3788, 289
3650, 565
3659, 380
3025, 77
4038, 352
3798, 211
3790, 763
3267, 171
3791, 415
3959, 688
3961, 174
3777, 186
3779, 198
3832, 426
576, 470
3724, 387
3740, 426
3827, 388
3817, 203
3784, 373
2824, 203
2819, 260
2699, 204
2706, 502
2700, 182
2698, 412
2828, 86
4062, 227
2450, 133
2607, 696
3203, 187
2752, 180
2754, 268
2604, 189
2893, 167
3714, 135
2999, 84
2848, 351
3793, 274
3194, 175
3117, 150
3772, 124
2957, 108
3131, 128
3134, 159
3821, 509
3822, 462
3318, 262
4065, 156
3269, 107
3270, 102
3261, 525
4072, 57
3265, 139
3274, 165
3782, 175
3786, 270
3285, 240
3283, 149
3281, 89
2009, 530
7096, 2
3282, 55
3221, 180
4220, 120
3243, 107
3195, 107
3833, 506
4092, 266
306, 236
5393, 38
4902, 28
4093, 286
3663, 317
3672, 207
3877, 807
3883, 287
1659, 1176
3514, 90
3875, 293
2025, 247
2057, 432
2726, 222
2059, 644
1977, 354
2070, 407
3880, 559
2219, 390
2210, 184
3405, 55
4247, 58
2164, 208
2158, 208
1924, 187
3920, 72
4134, 189
428, 1195
3642, 193
4919, 49
3969, 463
3627, 72
3746, 578
3780, 369
3972, 119
3689, 388
3725, 131
3660, 444
3678, 184
3680, 326
4920, 19
3749, 820
3636, 105
3651, 200
3618, 232
3638, 306
3626, 104
3644, 83
3682, 298
3721, 218
3747, 1234
3745, 181
3743, 631
3705, 299
3948, 462
3013, 110
2569, 187
2640, 577
2641, 285
2782, 220
3963, 189
2962, 179
2963, 62
4266, 167
2786, 190
3578, 77
3561, 145
2821, 198
3630, 149
3313, 39
2904, 132
3073, 63
3649, 391
4144, 234
3100, 237
433, 1054
3752, 357
547, 618
4025, 111
4078, 178
3687, 247
2160, 415
4212, 142
2140, 238
2953, 63
2991, 85
1861, 710
2332, 124
3907, 317
3056, 65
2935, 148
3017, 91
4216, 172
2984, 199
2987, 163
3005, 83
1931, 198
7018, 2
2081, 235
2094, 158
2086, 327
2113, 317
2115, 380
7202, 6
2837, 123
2352, 258
2134, 167
2704, 170
2713, 259
2943, 194
3236, 99
2239, 322
2243, 217
2747, 186
2519, 349
3142, 193
3794, 130
3141, 320
3139, 174
4110, 482
2763, 251
3347, 66
3353, 18
3304, 73
3666, 218
3657, 102
4206, 71
4205, 91
4204, 19
4113, 217
551, 220
1967, 235
1997, 350
7084, 16
3855, 157
1922, 426
1937, 288
7024, 22
1953, 220
7040, 1
2246, 188
2275, 366
1904, 264
2073, 225
2076, 211
2016, 342
2254, 199
2250, 267
2067, 351
2060, 113
2230, 460
2133, 329
4377, 90
2194, 216
2197, 464
2227, 141
2238, 179
3710, 244
4001, 455
2274, 199
5037, 4
2301, 275
3876, 109
1644, 767
3932, 150
2304, 262
2311, 493
3882, 487
3922, 223
3925, 353
4150, 53
3887, 615
2149, 234
2124, 181
4108, 203
4089, 124
4111, 130
5027, 14
5036, 64
4373, 29
5034, 67
4394, 129
4226, 169
5025, 24
4158, 87
4225, 79
4562, 28
4330, 323
4140, 67
4378, 66
4217, 114
4708, 21
4599, 50
4718, 43
615, 534
4687, 35
4677, 45
4676, 13
4613, 196
4858, 117
4856, 10
4763, 3
4764, 12
2656, 212
2413, 353
4534, 34
2268, 408
2166, 216
2412, 550
2465, 387
2636, 229
4417, 29
2864, 252
2030, 269
4878, 25
4583, 12
2944, 223
1942, 140
7029, 3
4615, 19
2977, 90
4443, 112
2494, 1048
2603, 361
1959, 189
4738, 9
2477, 212
4866, 32
4861, 18
4834, 33
4864, 33
4665, 137
4666, 256
4846, 24
3631, 77
4847, 26
2476, 191
2693, 151
1932, 315
7019, 1
1933, 203
7020, 3
4600, 80
2068, 271
4664, 212
4479, 35
4477, 26
4129, 374
4498, 93
4896, 21
4601, 74
4898, 14
4497, 92
2600, 182
3556, 292
4742, 11
4744, 23
4733, 20
4504, 247
4899, 8
4431, 32
3358, 36
4284, 120
2463, 279
4746, 9
4287, 160
4229, 109
4219, 301
4286, 99
3675, 118
4553, 27
4423, 337
4309, 41
4747, 14
4748, 30
4271, 118
3602, 267
4280, 112
3652, 213
4401, 26
4418, 69
4430, 18
4416, 129
4405, 46
3864, 134
3891, 135
4406, 23
4393, 64
4345, 33
4419, 22
4414, 174
4223, 416
4403, 78
4400, 93
4399, 35
4333, 306
3873, 302
4621, 18
2601, 195
4297, 99
4325, 119
4312, 26
4265, 46
4619, 21
4397, 92
4331, 253
4409, 56
4396, 45
4411, 35
2836, 106
2455, 292
2712, 157
2517, 345
2649, 522
2650, 257
3890, 117
2446, 344
2447, 307
4627, 29
2611, 197
2922, 109
2645, 314
2648, 365
2756, 166
4686, 30
4360, 43
4716, 18
4357, 26
3624, 157
3643, 177
3654, 47
3127, 46
4984, 6
4375, 118
4765, 10
411, 2544
4429, 33
4907, 16
3662, 288
6930, 22
1843, 260
4432, 93
3960, 183
3661, 331
4998, 2
4855, 5
3564, 207
3691, 369
2077, 134
3693, 921
1930, 230
1992, 273
2631, 408
2167, 169
2099, 133
2186, 305
2176, 214
2170, 148
2214, 411
2182, 211
2178, 343
3576, 97
4867, 21
4832, 11
4809, 11
3614, 137
4785, 30
4869, 19
4641, 27
4814, 13
4871, 20
4606, 38
4820, 9
4839, 9
5011, 3
340, 111
4924, 43
4466, 116
2153, 143
4969, 10
4384, 112
4930, 38
4060, 328
4929, 41
4926, 22
4503, 58
1963, 185
2079, 274
2159, 430
2449, 427
2405, 146
2381, 158
2195, 298
2436, 528
2416, 731
2444, 240
3843, 318
2331, 333
2349, 735
4315, 99
4123, 197
4254, 168
4138, 74
4170, 187
4981, 14
4238, 551
4398, 45
4954, 20
5076, 16
4224, 73
1965, 173
2651, 395
1913, 264
2006, 491
5056, 14
2694, 219
2797, 86
5041, 16
4148, 78
2215, 396
4653, 23
4157, 86
4681, 26
4159, 67
1925, 328
2579, 188
2578, 240
2596, 192
4657, 20
2345, 260
2595, 197
2433, 218
4658, 63
2796, 183
2221, 345
2279, 367
2701, 255
1883, 373
1910, 129
2554, 357
2818, 194
4164, 120
3879, 472
3874, 191
3898, 112
4163, 172
4162, 246
3316, 43
3295, 36
4840, 15
4154, 157
4837, 29
4835, 53
5006, 11
4088, 126
4799, 44
4810, 15
4244, 202
4836, 26
4132, 815
4133, 229
4128, 233
4241, 67
4207, 44
4239, 434
4086, 184
4833, 46
4094, 528
4236, 211
4235, 188
4230, 111
4232, 163
4240, 408
4211, 46
4185, 227
4189, 86
4027, 342
4222, 186
5005, 8
4180, 334
4161, 112
4188, 103
4114, 234
4127, 263
4117, 373
4081, 457
4214, 175
4829, 6
4152, 104
4196, 59
4830, 14
4256, 194
2757, 345
2753, 181
4541, 32
4823, 20
4542, 61
4252, 320
3232, 147
3231, 153
4105, 138
4978, 16
4743, 27
4097, 131
4098, 811
4167, 53
4221, 815
4137, 382
1945, 367
4192, 70
4273, 66
3851, 195
3863, 73
4193, 17
4925, 42
4936, 73
4343, 38
4329, 123
4910, 17
4349, 337
2695, 312
3569, 93
2777, 190
5044, 90
4980, 13
3655, 128
2632, 315
4494, 101
2560, 712
2662, 314
3684, 256
5081, 35
4992, 11
2675, 172
4962, 14
3867, 330
4975, 3
4968, 14
3866, 384
3868, 230
3023, 90
4184, 97
4186, 163
3033, 268
2152, 145
4187, 280
5083, 36
3214, 117
3991, 384
3856, 169
3848, 565
3996, 297
4389, 54
5064, 8
5008, 13
4945, 74
3976, 76
4944, 23
3648, 300
3646, 97
3658, 247
5067, 49
4382, 54
3904, 276
4439, 27
4002, 317
3686, 576
3585, 70
4440, 37
3603, 409
3685, 596
3677, 146
2705, 185
2597, 319
4959, 23
2993, 102
3597, 176
3645, 122
3070, 161
3702, 93
4074, 97
4075, 116
4011, 160
3989, 298
4079, 393
3952, 168
3388, 66
5043, 8
1874, 465
1934, 129
7021, 3
4090, 135
3355, 34
4051, 53
3930, 321
3609, 228
3476, 41
3558, 57
5045, 55
2719, 182
5029, 83
3919, 225
5019, 10
4050, 88
2826, 87
5042, 5
4112, 87
5033, 7
4115, 415
2989, 115
4327, 41
4119, 391
4461, 83
4986, 22
4311, 56
3330, 27
4324, 124
3894, 130
3607, 278
4304, 39
4274, 75
4824, 18
3987, 134
4803, 8
4776, 55
4774, 25
4006, 813
1912, 247
6999, 1
4208, 61
4272, 84
4019, 607
4425, 64
4258, 98
7022, 68
1935, 399
2051, 395
4637, 35
4149, 65
4291, 123
4576, 16
4539, 34
1893, 733
4805, 9
4569, 41
5015, 13
4570, 13
4467, 190
4808, 74
4568, 37
4551, 13
4547, 76
4492, 88
4563, 62
5018, 47
5000, 18
5023, 19
5022, 89
3247, 81
4698, 25
4525, 36
4942, 37
4699, 46
4938, 19
4905, 8
3385, 110
4782, 18
3391, 36
4729, 6
1938, 260
7025, 6
4970, 6
4831, 35
4854, 18
4781, 14
4845, 7
1909, 158
6983, 2
228, 111
4642, 69
