4928, 2
6594, 1
6652, 10
9092, 7
5458, 4
9350, 10
9064, 7
9057, 6
9328, 3
9335, 1
9337, 3
6121, 5
9575, 10
9347, 4
9408, 1
9521, 8
9297, 2
4582, 2
9437, 3
9550, 4
8902, 1
5645, 1
9324, 15
8877, 10
8907, 1
8908, 1
9272, 10
8861, 1
6007, 3
6076, 1
9495, 1
9382, 1
9052, 2
8839, 8
8768, 1
9377, 1
8739, 9
8740, 4
8714, 2
8790, 9
8870, 2
8788, 9
6435, 4
5934, 1
8728, 12
9082, 2
9049, 1
9436, 2
8780, 1
5385, 11
5999, 1
8975, 4
9506, 3
9469, 1
10257, 1
9530, 4
8652, 3
5486, 5
9251, 1
8369, 1
8402, 2
10263, 3
5944, 1
5674, 8
8638, 3
9100, 1
8502, 1
10188, 2
9303, 1
9354, 2
9982, 2
8999, 1
8329, 1
9237, 2
8665, 3
9090, 4
8682, 2
9088, 4
8970, 1
8751, 1
8278, 1
6035, 1
8651, 1
8650, 1
9123, 9
9228, 2
9231, 1
5844, 4
9189, 2
8133, 23
8137, 1
8138, 2
8594, 14
8667, 10
8672, 4
5522, 4
8993, 4
8363, 2
8598, 2
8359, 5
8268, 2
8263, 1
9934, 2
8214, 2
5744, 1
8199, 1
8985, 10
9060, 1
8920, 1
8921, 1
8604, 1
9137, 11
8063, 1
9159, 2
5536, 28
8826, 2
9190, 1
4823, 2
8707, 9
8872, 3
9112, 1
7370, 2
8420, 2
9835, 2
7997, 2
9960, 3
10027, 1
8022, 2
8292, 1
8791, 11
8217, 5
8896, 1
8805, 7
8894, 4
8153, 11
8629, 6
8039, 2
8279, 1
8769, 15
8796, 3
5592, 3
8425, 2
9929, 1
10044, 1
10043, 2
8989, 1
9889, 2
9759, 1
9965, 5
9966, 11
8820, 2
7977, 4
8033, 2
7980, 2
8144, 3
8003, 1
5449, 5
8504, 5
8499, 8
7960, 5
8512, 3
8383, 1
7897, 2
7849, 1
8408, 2
8580, 4
4988, 2
5186, 3
8372, 1
8404, 19
8954, 1
7786, 2
8524, 3
7805, 2
7851, 1
8143, 2
8017, 1
8423, 4
8486, 2
8225, 11
8897, 12
7880, 2
8032, 3
5360, 3
8353, 4
8462, 7
8515, 1
8459, 4
7961, 2
7709, 1
7792, 3
6061, 5
7972, 4
9849, 1
7890, 5
7885, 11
7615, 3
9044, 2
7722, 4
7719, 4
9135, 2
7757, 3
10010, 1
9862, 1
7724, 2
9121, 4
7976, 1
9556, 2
8042, 1
9834, 3
8002, 2
8211, 8
8630, 13
8209, 2
8210, 17
9099, 1
8532, 1
8320, 10
8207, 5
8206, 2
7864, 2
9108, 2
8615, 2
7577, 3
9069, 9
7581, 8
7573, 5
8309, 5
7884, 1
7490, 1
7886, 2
8613, 15
9074, 1
10190, 1
9016, 1
7933, 1
8432, 1
9096, 4
7767, 1
7458, 2
8972, 6
7666, 2
9028, 12
8251, 7
8868, 2
7537, 3
8136, 4
7441, 1
8197, 3
7837, 1
7823, 1
8966, 13
8434, 4
8992, 3
8433, 3
8961, 1
7405, 2
7397, 4
7391, 4
7378, 4
7407, 2
7411, 1
7832, 1
7827, 1
7329, 1
8588, 2
5125, 3
7835, 3
7983, 1
8155, 5
9103, 14
7474, 4
7476, 1
7484, 1
8842, 2
8930, 8
7785, 11
9011, 4
7292, 1
7552, 9
7555, 1
8949, 2
7456, 16
8220, 4
8216, 11
7582, 10
7892, 3
9908, 1
8410, 1
8477, 1
8288, 15
7855, 2
8473, 2
8466, 3
8467, 2
7584, 3
10161, 1
9091, 4
10008, 1
7839, 10
7263, 2
8912, 4
7281, 1
7374, 15
7167, 2
9081, 15
9075, 7
7288, 4
8586, 5
7304, 5
8105, 4
7400, 2
7282, 2
7710, 3
10165, 1
8995, 1
9807, 2
8012, 3
7093, 1
7091, 2
7643, 4
7642, 1
7640, 1
7641, 1
7652, 1
7081, 1
8935, 3
8301, 11
7214, 9
7178, 4
6203, 2
7228, 42
9076, 5
6881, 3
6903, 21
6900, 6
8314, 20
7815, 2
7039, 4
7422, 6
8514, 2
8413, 5
7025, 3
7905, 2
7463, 3
7571, 11
8465, 11
6822, 1
5888, 1
7451, 1
8905, 5
6786, 1
6970, 39
6717, 2
7276, 7
6511, 1
7188, 3
8584, 4
7387, 2
7265, 4
6540, 1
7390, 5
7438, 4
6993, 1
6614, 3
6776, 2
6650, 2
6623, 1
6611, 1
6991, 4
6505, 1
7410, 4
6300, 3
6534, 1
6543, 1
5849, 1
6570, 3
6562, 2
6602, 1
6987, 4
6609, 1
6541, 1
6537, 3
6536, 5
7500, 2
6464, 2
7004, 2
9501, 1
6384, 7
6389, 2
6736, 2
6643, 1
7184, 13
8482, 2
8572, 10
8256, 5
5440, 1
8463, 38
8417, 1
7255, 4
7712, 17
7259, 44
7284, 3
7285, 1
8891, 20
7047, 1
7098, 3
6471, 1
6574, 3
8735, 1
9837, 10
9826, 8
9818, 5
7504, 1
6768, 5
6533, 5
7014, 3
6820, 5
7825, 6
8112, 1
7821, 1
8114, 1
8111, 1
7824, 1
6403, 2
5144, 3
6401, 1
7231, 11
6502, 11
7008, 1
7230, 4
6339, 1
7232, 18
8609, 9
8610, 8
8636, 16
7707, 1
7677, 2
7676, 1
7218, 10
7219, 14
8637, 10
9900, 16
6309, 1
5006, 12
9833, 4
8700, 2
6324, 1
8092, 1
6184, 1
8880, 3
7057, 2
7888, 1
7095, 4
6733, 1
8756, 5
7240, 1
6470, 1
7242, 3
7054, 1
6468, 2
6467, 1
8900, 17
6459, 1
6739, 1
7553, 3
7434, 2
8014, 1
9721, 2
9581, 3
7653, 2
7651, 11
7701, 6
8034, 4
9552, 2
8661, 1
7508, 1
9390, 1
8851, 1
9696, 4
9247, 2
8832, 3
9155, 1
7974, 3
9401, 1
9402, 1
7966, 3
5846, 1
7341, 12
7238, 2
8926, 2
7236, 2
8925, 1
8923, 2
9412, 8
8917, 5
8919, 1
7090, 7
8836, 1
6405, 2
8332, 3
7791, 2
8718, 3
6921, 2
6217, 3
7287, 1
6273, 1
8886, 7
8709, 1
9836, 2
9288, 3
10270, 3
5964, 10
7916, 10
8308, 2
8576, 19
8982, 1
7911, 1
8485, 7
7542, 2
7497, 4
8128, 1
9557, 1
9319, 1
7486, 3
9788, 1
8856, 2
7867, 1
9674, 2
8816, 1
8626, 1
7754, 2
7772, 2
4798, 11
6845, 11
6657, 4
6654, 2
6257, 2
6709, 9
9160, 9
4865, 31
6148, 4
6132, 3
5050, 11
8135, 3
7684, 3
5139, 3
6680, 1
5605, 1
6115, 33
6433, 8
9118, 2
4989, 6
5340, 17
6269, 1
4856, 5
6675, 6
7523, 3
6112, 2
6613, 5
5786, 1
6508, 9
7932, 2
7671, 3
5553, 5
6165, 11
5004, 12
6290, 5
6492, 2
6721, 15
6327, 2
7343, 11
6524, 2
5919, 3
5949, 6
5957, 2
5723, 6
9435, 7
9080, 1
7590, 8
7820, 2
7831, 4
7828, 1
7829, 4
6790, 9
7260, 24
5689, 3
7516, 11
7877, 2
6352, 1
7509, 4
6157, 6
7633, 4
4596, 4
7822, 5
9105, 2
5268, 7
7854, 1
5290, 9
5251, 17
6612, 4
6576, 4
6679, 5
5857, 2
9370, 1
7658, 2
5070, 5
7838, 59
7830, 1
5371, 3
7134, 1
5372, 3
5462, 8
5469, 11
5652, 19
6008, 3
5806, 2
5721, 12
7459, 1
5156, 6
6313, 2
9048, 1
7843, 2
5115, 20
6546, 10
5576, 7
5437, 5
5666, 14
6369, 5
6276, 5
7669, 5
5504, 1
6635, 8
7103, 1
6215, 1
6446, 11
7435, 3
5796, 1
6317, 1
5787, 1
6208, 2
7419, 5
5701, 43
5896, 2
5416, 3
5051, 14
6504, 2
5444, 46
5608, 3
6233, 1
6213, 3
5485, 9
4863, 2
7381, 10
6334, 10
6395, 1
6252, 1
7420, 2
6159, 2
5226, 6
6406, 3
6407, 11
7798, 1
7958, 1
7959, 13
7945, 3
7611, 1
7914, 15
7913, 1
7915, 4
7919, 3
7920, 5
7940, 1
6919, 3
7938, 2
7934, 3
7936, 5
7328, 4
7443, 5
7275, 5
7340, 2
5763, 5
8973, 6
5584, 1
4847, 8
7321, 1
5877, 8
5894, 14
5100, 6
7193, 1
7455, 5
5918, 4
7347, 1
5704, 3
5990, 17
8998, 3
8994, 2
6920, 12
5657, 4
7464, 4
7638, 2
5586, 1
7158, 2
5149, 10
7253, 4
5066, 9
7591, 1
5032, 23
4482, 16
8940, 22
8928, 1
7871, 5
6307, 2
5655, 22
6130, 1
6129, 12
7143, 8
5506, 9
5625, 2
5488, 25
5912, 8
8852, 2
5915, 10
5010, 11
5208, 3
7376, 10
4933, 46
5368, 17
5078, 5
5155, 2
5639, 19
6225, 4
5643, 3
5552, 3
5638, 2
5631, 4
5538, 8
4724, 6
7200, 1
5261, 3
5383, 17
6019, 1
5109, 1
4808, 6
5002, 7
5386, 85
5497, 5
7099, 2
4789, 18
7433, 2
6105, 8
4672, 3
5113, 51
5526, 13
7213, 3
7222, 5
7220, 3
5718, 7
5178, 92
4953, 6
5520, 7
4707, 10
7199, 4
5648, 7
7567, 6
5467, 31
5470, 20
7192, 10
7286, 3
7250, 4
5697, 9
6142, 2
5926, 4
5325, 16
7526, 3
5691, 12
7191, 4
6040, 1
8853, 4
5880, 6
7363, 1
5879, 3
4735, 12
5819, 6
5904, 10
7120, 2
6983, 2
5266, 24
7186, 5
5245, 1
5624, 13
5370, 35
6596, 7
5426, 23
6949, 20
7813, 2
7307, 25
7349, 1
7350, 4
4951, 5
6979, 1
5363, 7
7157, 10
5367, 3
6550, 4
7249, 4
7246, 2
7233, 1
6526, 2
7251, 17
5017, 41
5014, 20
7059, 6
7258, 4
7344, 12
5778, 15
6868, 1
7326, 1
8830, 4
7239, 6
4940, 13
7181, 5
5056, 11
4203, 8
6830, 1
7528, 2
6593, 8
6601, 5
4976, 75
5074, 7
5334, 10
5301, 5
4959, 11
5516, 14
5569, 8
5730, 17
6836, 1
5436, 26
7804, 1
7357, 1
7532, 5
4683, 7
5687, 7
5698, 19
6950, 10
7041, 2
7802, 1
5679, 4
5494, 14
5660, 6
5725, 15
5658, 7
5728, 12
4427, 8
6891, 21
6758, 2
4640, 6
6698, 1
4722, 7
5035, 23
4540, 38
4544, 8
4998, 5
5489, 2
6893, 4
7423, 4
5211, 24
8806, 2
7436, 1
4785, 5
6597, 2
6247, 3
6884, 1
5210, 20
9138, 3
7161, 3
6706, 4
5611, 10
7156, 4
6114, 5
7409, 6
7147, 6
4287, 30
5094, 6
5099, 11
7268, 4
7264, 1
7377, 6
4968, 3
5450, 2
6042, 1
6563, 2
5493, 4
5185, 9
7747, 5
6544, 4
5183, 22
5250, 26
7748, 11
7750, 1
4783, 13
7271, 1
7266, 3
5472, 26
5131, 9
6640, 1
6047, 1
6812, 3
5453, 3
6015, 5
6599, 14
4750, 27
6998, 2
7752, 3
6688, 1
6994, 3
4753, 63
7050, 7
4512, 28
5298, 4
6045, 49
6049, 3
5913, 2
6684, 3
6037, 1
6451, 1
7045, 31
7356, 3
4779, 9
6517, 1
7136, 9
7379, 1
6953, 3
6849, 3
6486, 1
7133, 5
8840, 2
7348, 3
6850, 2
6682, 4
6296, 5
7737, 10
4952, 39
6556, 2
5043, 3
6565, 1
6462, 3
6567, 1
6429, 6
6355, 9
5018, 26
6393, 3
6520, 14
6833, 5
7385, 4
6293, 1
7428, 1
6692, 3
6202, 1
7190, 4
5817, 53
7733, 4
5498, 24
6067, 7
7734, 5
4842, 12
7112, 7
7373, 2
6323, 4
7688, 4
6298, 2
6218, 1
6240, 1
6250, 1
5590, 12
6216, 7
6925, 15
7053, 2
7197, 8
6263, 2
6265, 8
6266, 2
6271, 1
6572, 3
5558, 2
6205, 1
7687, 6
6747, 1
7689, 2
5583, 1
5581, 5
5587, 11
5392, 22
7351, 8
7352, 8
5596, 6
5952, 3
8734, 1
8733, 12
5878, 1
5981, 3
6179, 5
6063, 8
6665, 7
7153, 6
6685, 6
7626, 4
5199, 20
6034, 1
7124, 1
7135, 10
6457, 12
7198, 4
5165, 11
5134, 10
5839, 6
6103, 8
5209, 52
6230, 5
5703, 3
6038, 5
6044, 12
6469, 3
5954, 37
5760, 7
5762, 23
6177, 8
5057, 12
5196, 21
4902, 15
5220, 3
4393, 30
5176, 38
5649, 5
4991, 12
5166, 3
6863, 11
7201, 2
6844, 3
6862, 5
4973, 2
6869, 3
5461, 10
4721, 20
7203, 11
5734, 8
5534, 8
5551, 27
5916, 1
7243, 2
5773, 6
5933, 2
6117, 1
5746, 1
7227, 54
5901, 30
5641, 6
5568, 13
5813, 5
5544, 15
6011, 6
5579, 6
4536, 6
6135, 1
5582, 41
5953, 34
5881, 8
5402, 10
6163, 7
5609, 1
6839, 2
5379, 68
6094, 5
7335, 1
4650, 15
6060, 24
5539, 26
5511, 3
5550, 30
5675, 7
5936, 5
5214, 14
6383, 2
6207, 7
5993, 4
5992, 1
6523, 11
6522, 4
5343, 2
6268, 2
8591, 1
4872, 20
5925, 4
7169, 15
4816, 13
7627, 5
6566, 2
7637, 4
5980, 1
5365, 11
6984, 8
6985, 2
6912, 1
6943, 1
6867, 1
6870, 3
6909, 1
6840, 1
6806, 2
6885, 1
6800, 2
6922, 1
6917, 13
6841, 1
6683, 1
6995, 125
6275, 2
4982, 10
5705, 12
8653, 3
7003, 27
9051, 3
5524, 13
6141, 2
7631, 22
4565, 39
9020, 3
5041, 24
5420, 2
6002, 4
6001, 3
6242, 4
7562, 3
6055, 1
9019, 10
6241, 2
7565, 1
8737, 6
6235, 2
4727, 7
5414, 1
5181, 17
5772, 4
5959, 3
5432, 3
5366, 7
5740, 6
5406, 9
4828, 39
7495, 1
4857, 8
5603, 9
5387, 5
5640, 11
5460, 9
4752, 16
4797, 11
5003, 17
6284, 3
5007, 21
5672, 19
5375, 9
5022, 13
6099, 1
6425, 12
4381, 43
7140, 1
6120, 3
7506, 3
5345, 5
6431, 9
7160, 9
5636, 21
7533, 3
7252, 10
8885, 4
8573, 2
6193, 4
6461, 1
6455, 1
6673, 4
5946, 2
5339, 13
5337, 43
5341, 13
5958, 2
6686, 7
4770, 7
8361, 2
4964, 17
7217, 2
8730, 1
6874, 2
6871, 8
5541, 15
5422, 6
6880, 26
6855, 3
8480, 2
6853, 2
4835, 11
5287, 23
8381, 1
5122, 10
4813, 21
5190, 70
6610, 6
5413, 2
4829, 34
5285, 38
4807, 21
5292, 72
4077, 31
4475, 31
4505, 50
8729, 3
5867, 9
6701, 3
5055, 4
5417, 6
5138, 15
8313, 1
5327, 8
5411, 6
5669, 7
6796, 16
5751, 20
5739, 7
5610, 17
8282, 2
8284, 1
7195, 6
6846, 6
5377, 13
7154, 9
7175, 2
7152, 9
8427, 2
5073, 2
3667, 224
5398, 17
4927, 12
4848, 14
4926, 9
5376, 13
8713, 1
5013, 9
5423, 7
5580, 8
4538, 41
5602, 16
5148, 10
6872, 17
5271, 6
4815, 37
8379, 2
4805, 17
5124, 3
5286, 14
4674, 24
4687, 9
5382, 17
6626, 220
6639, 4
6647, 26
3063, 62
7261, 1
5868, 3
4773, 16
5023, 5
5000, 11
5351, 5
5694, 19
4487, 30
5395, 19
4825, 18
6832, 33
5623, 1
4822, 13
5117, 3
4970, 15
4763, 12
4874, 21
5024, 11
8654, 1
8385, 1
8706, 2
5195, 13
4809, 29
5090, 4
4680, 30
5119, 3
5120, 6
5393, 13
5227, 20
4838, 32
5468, 10
5238, 1
6712, 4
5800, 3
5255, 42
5521, 65
6748, 1
4150, 77
5532, 11
5518, 18
5283, 7
6744, 1
6629, 2
5573, 12
6394, 18
6387, 6
4430, 29
7187, 2
8286, 4
8285, 2
8283, 2
4801, 33
8346, 2
6604, 9
4843, 14
6295, 1
4330, 8
5224, 18
4456, 9
8658, 1
4286, 14
4584, 11
6404, 1
6368, 8
6418, 58
5332, 52
5072, 15
6687, 5
8213, 13
8237, 10
4370, 35
8241, 1
7180, 20
6516, 5
3924, 82
8254, 3
4418, 23
5604, 13
3612, 140
6432, 31
4204, 28
7077, 18
6607, 3
6463, 14
6466, 19
5490, 2
8343, 2
5512, 3
7079, 20
8222, 1
4697, 34
4343, 45
6625, 262
6400, 1
6304, 4
4817, 19
6171, 17
8247, 1
4921, 25
6388, 2
6621, 7
5523, 19
5273, 20
6448, 2
5985, 5
6338, 5
6615, 8
5984, 1
6475, 4
6642, 11
4876, 15
4723, 7
4878, 27
6699, 1
5153, 21
6370, 4
5201, 6
6014, 3
4726, 39
8330, 2
5344, 5
6382, 2
6349, 1
6260, 10
6648, 21
4593, 9
4375, 34
4670, 13
4868, 23
5321, 47
4260, 85
5192, 30
3657, 142
6340, 1
5076, 10
6996, 22
5899, 14
4464, 15
5248, 12
5137, 6
5307, 24
5278, 15
5217, 18
5068, 16
5324, 83
6386, 4
5205, 63
5058, 19
5323, 6
8287, 1
7037, 1
7142, 10
4627, 25
8151, 5
6264, 2
6256, 6
8290, 1
6638, 4
7096, 7
6186, 9
6182, 11
4284, 28
5184, 48
4446, 73
4935, 19
6245, 10
4934, 16
6279, 7
4834, 51
5288, 6
4622, 13
8319, 13
5168, 9
3676, 97
8275, 10
4866, 22
4839, 16
6301, 22
8299, 5
8276, 1
5063, 35
6206, 15
6232, 1
6219, 1
7082, 49
4820, 9
7002, 2
6990, 4
7100, 7
6354, 6
5995, 9
6346, 5
6357, 3
8249, 4
6321, 2
6297, 12
6292, 5
8250, 8
7035, 1
6345, 32
6181, 15
5768, 30
5496, 8
4966, 8
5826, 3
5595, 13
6374, 1
6810, 1
7058, 3
5872, 1
4398, 23
6837, 4
6409, 5
6825, 6
6962, 5
7063, 5
4899, 17
6963, 4
3702, 97
6041, 13
5358, 10
6017, 4
7049, 6
6415, 12
6945, 2
8073, 12
4181, 414
5884, 7
8240, 1
8116, 1
5862, 8
5369, 4
5745, 2
5743, 6
5732, 30
6371, 7
5948, 5
5966, 19
4304, 101
5892, 12
5683, 7
4747, 13
5686, 3
5685, 15
5651, 3
4384, 41
6095, 21
5492, 12
8552, 4
8549, 2
8530, 1
8531, 1
4673, 19
8088, 2
5241, 23
8554, 26
5560, 8
5198, 7
5052, 12
5054, 38
5272, 18
5087, 21
4509, 32
5784, 1
6031, 4
8184, 2
6951, 1
8183, 1
6899, 2
8050, 14
8046, 9
5593, 12
5598, 119
5597, 35
5127, 13
8098, 1
4904, 37
3212, 68
5112, 7
5108, 18
5116, 4
5875, 9
5388, 18
5187, 5
5601, 3
7994, 9
5758, 3
5028, 21
5759, 1
6312, 3
6316, 17
6319, 6
5174, 52
8035, 5
5682, 12
6859, 20
6860, 1
8129, 1
6861, 5
5676, 18
5547, 17
4957, 5
4712, 20
7894, 8
4705, 14
4746, 9
8130, 15
5858, 3
5577, 33
4882, 9
6757, 2
8460, 6
5495, 12
4781, 10
6641, 7
5671, 10
6644, 35
6603, 1
4875, 21
5519, 11
4870, 29
5820, 6
5843, 7
5505, 6
5507, 20
5508, 2
6824, 11
6814, 23
5101, 60
7926, 1
8470, 2
8411, 2
5487, 8
5770, 23
4795, 8
5446, 4
4718, 33
5632, 18
5200, 20
6729, 2
8081, 9
8080, 3
8079, 4
8087, 5
4637, 59
4837, 31
4696, 4
4340, 29
5071, 5
4692, 13
5027, 11
4636, 30
7775, 6
6633, 7
7817, 3
4629, 15
8104, 1
5391, 33
7816, 1
5465, 39
4467, 19
5262, 18
5463, 22
5464, 15
4440, 11
5075, 42
5473, 7
5474, 9
8011, 2
5476, 8
4401, 15
6488, 1
6500, 6
4385, 57
8024, 4
5267, 31
4301, 16
4895, 19
4379, 413
5161, 4
6696, 6
4942, 10
8303, 17
6299, 24
7730, 17
7674, 6
7718, 4
7713, 4
7720, 12
7721, 3
7648, 3
7679, 10
7672, 1
7601, 1
7604, 4
7645, 5
7574, 1
7382, 1
7544, 6
7541, 10
7622, 1
7535, 1
7659, 3
7522, 1
7514, 2
7531, 4
7578, 4
7682, 1
7683, 235
7431, 1
7418, 1
7395, 6
4323, 11
7254, 2
7318, 1
7731, 181
4295, 27
7726, 28
4563, 33
4098, 66
4131, 54
4821, 9
4498, 199
5408, 17
4391, 34
5409, 29
5405, 9
5410, 48
5407, 53
4333, 43
4778, 35
5955, 12
7999, 12
4312, 12
3984, 67
4695, 31
8326, 7
8258, 18
8257, 19
4703, 15
5502, 20
8259, 12
4476, 13
4310, 24
5361, 1
5900, 8
5357, 6
4290, 30
3812, 127
5943, 14
4288, 22
7949, 1
7951, 4
7946, 12
7953, 4
7657, 5
4489, 45
5515, 9
7944, 13
4339, 18
5274, 18
4954, 13
8302, 4
2837, 249
4197, 29
4193, 37
4281, 97
6068, 2
4184, 382
4812, 24
7950, 6
8338, 3
5172, 4
5173, 54
5517, 38
5175, 33
7078, 8
5890, 16
5889, 4
7583, 5
7083, 2
8193, 3
7714, 2
4405, 35
4831, 7
7917, 6
5499, 14
4392, 22
4247, 225
7844, 4
7661, 5
5854, 7
5870, 11
6016, 2
3954, 201
2446, 85
5850, 1
4728, 7
5374, 8
4465, 18
7869, 4
5252, 11
4342, 45
4037, 60
4038, 111
5129, 10
5805, 1
5336, 48
5335, 63
5330, 6
3989, 93
5412, 23
4604, 16
5754, 10
3604, 117
7075, 13
5259, 67
5036, 31
4293, 29
3990, 164
4383, 32
4388, 49
4433, 59
3686, 179
5777, 15
3725, 275
4930, 10
5644, 31
7678, 2
5663, 14
7559, 4
2939, 56
3700, 122
4129, 71
4819, 42
7005, 1
4711, 33
5555, 2
7529, 3
5537, 11
7673, 2
4180, 124
2926, 145
5908, 3
5566, 10
5755, 7
4742, 27
5910, 19
4739, 14
5559, 5
4447, 84
4357, 41
5574, 17
5635, 9
5571, 7
5572, 21
5528, 11
5079, 43
6933, 5
6961, 5
4272, 139
5575, 23
3631, 262
4736, 28
2647, 122
5726, 27
6978, 10
3951, 73
3148, 40
5860, 16
8101, 1
7452, 1
4209, 33
5600, 41
5599, 10
4011, 63
4455, 13
7473, 7
5835, 25
4626, 17
5783, 1
5793, 7
4810, 18
4802, 13
5634, 14
4613, 11
4614, 20
3673, 70
3703, 73
3224, 74
5616, 10
7614, 1
3862, 32
5403, 33
5766, 1
7440, 16
3975, 120
4931, 10
4929, 6
4967, 11
3959, 76
4620, 3
4617, 10
3738, 108
4145, 95
3847, 165
4332, 11
4325, 36
5753, 3
5478, 4
5333, 37
5484, 6
4633, 19
3711, 85
5053, 71
5767, 13
8053, 1
8052, 3
7629, 10
5300, 5
8051, 3
7628, 1
3806, 211
4510, 11
5822, 4
3638, 206
3636, 61
7310, 11
7524, 3
5626, 17
7488, 1
5236, 6
4241, 356
5381, 18
4313, 40
7467, 4
6741, 3
5202, 23
7481, 26
5355, 21
5359, 4
5362, 3
8054, 1
7480, 1
6764, 1
3012, 25
7317, 1
5191, 47
4285, 13
5397, 16
5415, 26
7279, 5
5419, 20
5424, 9
4737, 24
4499, 227
3783, 118
7663, 5
4305, 26
5152, 12
5151, 6
7299, 27
5431, 8
7554, 5
7556, 12
5103, 20
5157, 11
5346, 2
4076, 101
7408, 4
5347, 6
5350, 9
7691, 6
7692, 2
5352, 9
7694, 1
5654, 5
5353, 25
7939, 8
7967, 1
7237, 2
7660, 6
7654, 9
5269, 27
7530, 1
5015, 29
7174, 14
7173, 2
4254, 82
5627, 1
5615, 5
4292, 13
4978, 42
3590, 411
4987, 34
4971, 9
4992, 15
3892, 76
3896, 464
7163, 2
5182, 19
3881, 178
5554, 17
5556, 5
5025, 29
5514, 12
3757, 101
5039, 17
5062, 17
7560, 18
5049, 8
5244, 64
5435, 35
4061, 109
3865, 77
4429, 78
4873, 7
4411, 33
4369, 26
4402, 11
4977, 24
4533, 19
4125, 79
4979, 15
4534, 55
4120, 130
5276, 18
5434, 17
5678, 3
5482, 78
3706, 305
5459, 25
7270, 3
3823, 64
4537, 35
4635, 24
7413, 16
7412, 6
5448, 4
4623, 26
4258, 31
5452, 6
4649, 1
4860, 22
7223, 7
7177, 1
7170, 2
5065, 7
5110, 18
4765, 3
4628, 14
4282, 57
4803, 18
4749, 9
4908, 21
4630, 26
4665, 38
4664, 81
4639, 25
4666, 33
4586, 67
4212, 21
4625, 11
4607, 28
7551, 4
4595, 16
4662, 65
4661, 325
4659, 70
4575, 24
5439, 22
7247, 1
4532, 37
3743, 90
4886, 11
5019, 5
7245, 7
5030, 41
5158, 6
4579, 29
4580, 113
5026, 19
4594, 61
4597, 9
7244, 7
7515, 20
7196, 1
4619, 22
6525, 5
4642, 20
5001, 5
4571, 28
4671, 22
7202, 3
4669, 21
7215, 5
4667, 24
4570, 106
5146, 6
4569, 12
7189, 2
2831, 243
7811, 1
7929, 17
6412, 2
7930, 6
7921, 17
5038, 8
7257, 2
4646, 35
7430, 6
4481, 23
4452, 24
4645, 28
4551, 19
4484, 69
7209, 3
7162, 17
7206, 2
4451, 23
5354, 31
4394, 56
7290, 17
7283, 6
7207, 3
7211, 15
6946, 6
7208, 3
7235, 2
7289, 8
6356, 4
5326, 27
6367, 7
6378, 3
4910, 18
4264, 58
4403, 23
4400, 19
4267, 28
4915, 12
4449, 49
4256, 66
4761, 17
4589, 7
4762, 14
4734, 4
7151, 12
4760, 9
4308, 106
7205, 2
4922, 11
4568, 26
4562, 48
4542, 33
4566, 12
4572, 32
4573, 20
4178, 133
4182, 329
4314, 19
6927, 4
6362, 62
7224, 12
7274, 111
4187, 139
6835, 4
6261, 4
4574, 16
6752, 1
6754, 1
3891, 58
5029, 35
6753, 6
6755, 6
4525, 25
6794, 14
7088, 11
7087, 1
3838, 51
4390, 29
2554, 127
4020, 33
6033, 6
6828, 1
4517, 11
7776, 7
3825, 103
4404, 54
4663, 148
3789, 134
4007, 100
4488, 17
3734, 94
3786, 188
4811, 49
4386, 21
2281, 438
7769, 6
3918, 41
3665, 76
4371, 112
4581, 74
4583, 16
4576, 41
4859, 34
4731, 11
4419, 30
4421, 32
4437, 19
3630, 318
6079, 4
4657, 36
4641, 15
6958, 4
5956, 13
6982, 7
4560, 33
4003, 86
6980, 3
6992, 1
4644, 32
4615, 36
4624, 42
7505, 7
6743, 1
7043, 7
4010, 181
7159, 4
4612, 9
7038, 2
4684, 9
4686, 21
3668, 436
4678, 16
6452, 10
4600, 7
4676, 53
3635, 108
3685, 176
3949, 39
3950, 29
7129, 3
7127, 3
7126, 2
7114, 2
7122, 14
7128, 2
7070, 8
3690, 341
3708, 308
6377, 7
7018, 6
6750, 12
6677, 4
6660, 4
6428, 3
6422, 1
6373, 1
3561, 122
7487, 13
4194, 37
7496, 4
3696, 154
4545, 20
6571, 3
3533, 201
4549, 18
4548, 30
7109, 4
6578, 1
3803, 153
4420, 61
4541, 36
7029, 2
6622, 7
7534, 2
6559, 4
3977, 54
7501, 1
5588, 16
6558, 5
2948, 66
6551, 16
5589, 7
6619, 13
3973, 38
4424, 51
4078, 121
2917, 99
3953, 91
3633, 316
6618, 9
3941, 39
3943, 95
6714, 1
6267, 2
6720, 1
4436, 36
7503, 1
5479, 12
3754, 69
3753, 101
5480, 2
5483, 7
3914, 91
5736, 4
7056, 16
2567, 173
3796, 91
3799, 268
6390, 4
3822, 46
4351, 16
3821, 73
3819, 176
6645, 9
6689, 3
3855, 706
6691, 15
4387, 71
3675, 196
4376, 51
2276, 439
2676, 109
6248, 10
6442, 1
3927, 133
3933, 50
3817, 103
6360, 15
3868, 116
3884, 308
3751, 236
4422, 25
6277, 3
6278, 6
6678, 7
3826, 155
3815, 46
4346, 120
4426, 38
6197, 8
6499, 6
3879, 99
6228, 24
4318, 11
6482, 11
6126, 1
6584, 6
2824, 101
6194, 2
4309, 23
6532, 1
1801, 178
2526, 148
6118, 8
4306, 71
4315, 34
6288, 6
6287, 8
5441, 10
4022, 48
6624, 460
4014, 139
4344, 122
5384, 12
6078, 2
6577, 18
6077, 1
6096, 4
6072, 2
6651, 1
2620, 133
5364, 18
6071, 11
6649, 9
4243, 51
6069, 25
6646, 14
3824, 196
7009, 6
3804, 116
4317, 35
5389, 90
7076, 36
6173, 7
4126, 46
1959, 199
6057, 3
6617, 30
6226, 1
5293, 36
6460, 1
4119, 145
4117, 230
6458, 2
6058, 6
4136, 45
3921, 467
3915, 60
7404, 4
3909, 223
5177, 12
3680, 120
6020, 3
6022, 26
3780, 494
3765, 383
6971, 19
5246, 39
5961, 5
5963, 1
5965, 5
4004, 39
5396, 3
5454, 4
5447, 6
5967, 7
6111, 7
5445, 41
5932, 7
6166, 2
6102, 3
6104, 4
5922, 3
3968, 46
6322, 2
6009, 8
6003, 1
3900, 49
3906, 65
3923, 409
6167, 3
6555, 17
5998, 1
4106, 175
6554, 4
6211, 2
5401, 4
6164, 2
2887, 133
6426, 7
5939, 6
6809, 10
6419, 3
3839, 94
6507, 10
6545, 2
6778, 3
6785, 4
5923, 19
3793, 68
6793, 2
6788, 3
6781, 8
5960, 1
6770, 20
4621, 19
6760, 2
6510, 8
6803, 3
5097, 23
5040, 14
5096, 6
5891, 6
5118, 28
5941, 6
3788, 111
7394, 3
5841, 6
4708, 23
6838, 20
6569, 4
6026, 3
5905, 12
7383, 1
5942, 28
3530, 59
5823, 5
3684, 205
2984, 53
5827, 8
5930, 40
5818, 5
6711, 29
5924, 1
5962, 2
5977, 16
5911, 3
5979, 2
5775, 1
6183, 7
3873, 448
3623, 434
3620, 486
6939, 15
6320, 5
3605, 270
3607, 239
3899, 61
3632, 510
3615, 188
3640, 246
4965, 27
6472, 1
6496, 5
6447, 12
5111, 4
6495, 58
3829, 319
3834, 66
5147, 29
5145, 25
6592, 24
4754, 10
3755, 250
3740, 462
5540, 24
4757, 10
3778, 395
4748, 8
5692, 2
4758, 17
4759, 5
6658, 3
6262, 1
6661, 5
6659, 39
4974, 39
6255, 4
5535, 11
4709, 23
6107, 2
4716, 34
4729, 15
4715, 38
4714, 24
5031, 25
4713, 30
4733, 45
6606, 3
5034, 29
5542, 11
5982, 3
6238, 2
4936, 9
5978, 3
5653, 7
4938, 37
7334, 1
2928, 195
5864, 1
5570, 8
5613, 3
4701, 11
5974, 11
5670, 3
4999, 21
5790, 16
5794, 1
4699, 27
5668, 6
4694, 118
5781, 10
5973, 10
6244, 1
3188, 314
4122, 69
5733, 3
6666, 20
5564, 18
7355, 8
5562, 23
6663, 21
5563, 18
5665, 14
5853, 32
5855, 42
5477, 19
2886, 195
433, 6156
1996, 139
2820, 72
2160, 223
582, 727
10847, 1
574, 521
1793, 369
379, 565
5466, 6
1716, 159
1482, 885
1570, 607
1590, 579
1641, 515
1600, 499
1698, 276
1549, 683
6636, 4
1545, 490
1626, 664
1597, 911
1703, 240
1353, 2197
6440, 13
1628, 429
1582, 570
1510, 523
1538, 804
567, 421
1674, 687
1392, 1525
1459, 709
1563, 569
2855, 88
1310, 3551
1576, 889
1577, 754
1403, 1118
1573, 967
2844, 146
235, 491
5322, 55
4008, 57
1584, 677
1557, 945
1568, 419
6655, 4
1311, 2967
236, 304
213, 224
1612, 544
418, 378
219, 353
5306, 57
1605, 514
1606, 833
459, 176
5546, 16
2816, 183
1362, 1868
1410, 1159
1435, 1146
1408, 1667
564, 605
1438, 1374
1559, 647
1596, 455
1553, 688
2783, 297
1443, 1014
1453, 854
1558, 560
1579, 835
253, 179
1308, 3807
1336, 2985
260, 282
2910, 474
553, 1213
1489, 977
169, 4331
5256, 3
1324, 3043
6411, 15
1448, 881
224, 342
5311, 14
1312, 3572
1307, 3403
1650, 500
6737, 1
454, 396
2909, 344
552, 1429
428, 528
2321, 587
2297, 616
2272, 385
2273, 531
2277, 204
2271, 426
2270, 491
2268, 330
2351, 312
2223, 550
2214, 317
7301, 7
1790, 307
2013, 229
1784, 239
2348, 205
2137, 602
2241, 619
2058, 631
2355, 236
2233, 476
2234, 590
2927, 58
2870, 63
2060, 627
2295, 587
1943, 173
7030, 17
1929, 154
2320, 266
1868, 243
6955, 19
2041, 631
1789, 297
2319, 299
2033, 373
2036, 482
7123, 11
2027, 473
2322, 419
2029, 342
1989, 241
2025, 324
2022, 207
1915, 299
2180, 716
1974, 263
2014, 120
7101, 5
2182, 574
2175, 419
2327, 197
2191, 747
2692, 91
335, 958
2193, 851
467, 355
2065, 462
1957, 223
2077, 631
2166, 584
1751, 202
375, 1382
503, 204
2608, 127
2597, 144
398, 693
2324, 458
1380, 1713
249, 209
2641, 57
218, 638
5305, 73
2350, 428
1807, 398
1725, 314
1687, 473
6774, 5
1707, 261
1890, 173
6977, 53
1675, 362
1696, 401
6783, 2
1689, 449
1709, 507
1747, 231
1744, 717
1917, 118
1702, 164
1667, 261
1640, 609
1722, 231
1887, 253
6974, 6
1481, 807
6568, 2
1692, 181
6779, 58
1528, 571
1639, 578
1712, 245
6799, 2
1874, 353
1759, 161
1882, 270
6969, 49
1356, 2149
6443, 11
1522, 947
1374, 2428
1319, 2544
1303, 4258
1299, 3809
1647, 750
6734, 2
1532, 637
1534, 896
1530, 754
1548, 882
441, 7860
1535, 653
1537, 655
1313, 2584
53, 906
5140, 18
38, 3851
1788, 289
1592, 858
1429, 1385
1269, 6703
1701, 264
1424, 1385
1554, 996
1423, 1289
1425, 1074
6512, 18
1623, 888
1572, 835
1409, 1199
1648, 703
2882, 133
724, 2013
1361, 2150
1610, 717
1316, 3225
1591, 569
1642, 527
1387, 1648
6474, 1
1682, 530
6769, 6
1306, 3474
1490, 1131
478, 1966
5565, 31
1630, 669
359, 372
1484, 1025
1373, 2740
1668, 299
2923, 399
1614, 613
2956, 108
1673, 688
42, 2569
597, 338
2954, 150
2951, 61
1593, 557
2946, 98
1654, 582
1652, 381
223, 326
5310, 37
590, 447
5677, 14
2947, 117
1551, 712
1368, 2459
2869, 141
440, 1328
5527, 9
1513, 494
1527, 476
1477, 815
2863, 146
1335, 2521
1521, 593
6608, 16
1525, 707
422, 614
5509, 14
2847, 171
1515, 544
581, 678
2938, 43
1469, 1637
1531, 504
1526, 1045
1574, 511
436, 4198
2793, 101
1575, 997
1421, 1424
1377, 1666
2773, 187
416, 402
5503, 10
1325, 2478
2768, 69
363, 878
2720, 130
2840, 129
1643, 364
6730, 7
378, 580
2735, 112
2717, 115
1328, 2796
2561, 124
457, 523
2814, 113
2809, 170
2560, 121
2812, 278
182, 949
2539, 76
2440, 278
2278, 275
579, 846
10387, 11
114, 2924
2471, 196
1771, 183
2062, 354
7149, 2
2318, 314
2317, 436
2186, 392
2189, 712
2107, 881
2187, 480
2197, 668
2135, 534
2710, 110
2044, 481
7131, 22
2030, 290
2037, 269
2354, 383
1969, 150
1925, 193
2141, 538
2262, 295
2259, 431
1455, 934
1838, 248
2132, 749
2119, 844
2251, 455
2124, 514
2252, 446
2353, 383
2244, 375
2242, 496
2076, 629
2116, 743
2346, 269
336, 827
2336, 238
2329, 253
2345, 259
2347, 553
469, 442
472, 486
593, 270
2283, 222
2181, 599
1905, 330
2940, 109
2859, 218
502, 292
2765, 119
408, 1208
466, 381
381, 349
509, 123
2169, 438
257, 1163
2614, 198
207, 382
5294, 5
1470, 950
2219, 420
262, 186
5349, 7
2618, 149
261, 464
5348, 15
1603, 713
6690, 2
1869, 243
446, 1035
5533, 3
2803, 159
451, 282
2808, 184
1955, 241
1542, 749
559, 964
5646, 22
1779, 425
6866, 1
1550, 1520
1524, 832
652, 1836
1804, 201
1375, 1935
1757, 606
1866, 205
1852, 156
1369, 2176
1500, 665
6587, 5
1516, 672
1509, 434
1823, 312
1461, 1172
1506, 627
2623, 129
266, 1036
1520, 930
1323, 2735
6410, 11
1433, 850
1302, 3625
1503, 1124
6590, 19
1833, 264
1479, 964
1828, 197
1277, 6576
1440, 1207
1487, 1045
1501, 835
6588, 8
331, 440
429, 606
1395, 1173
1797, 217
1762, 126
1811, 272
1714, 285
113, 839
1748, 446
1756, 559
6843, 28
1629, 570
372, 2123
1777, 217
1750, 479
1309, 2942
6396, 15
1746, 206
1609, 485
216, 432
5303, 5
1858, 163
1854, 197
6941, 5
1843, 429
6930, 11
1842, 591
6929, 4
1840, 282
2568, 110
211, 252
1634, 802
2679, 173
322, 2769
278, 188
2762, 245
405, 904
1631, 662
1666, 522
1493, 1097
6580, 4
1638, 371
1519, 751
730, 1477
1618, 454
6705, 11
1615, 536
1478, 849
1476, 1000
1480, 1114
1441, 801
6528, 4
1444, 1031
1466, 988
6553, 18
1518, 488
1457, 1054
1472, 718
1463, 1214
1505, 744
1753, 440
1468, 820
10536, 1
263, 166
1621, 736
1376, 1689
1465, 1045
6552, 34
1294, 4539
10372, 3
99, 137
1464, 759
1439, 857
1383, 1802
1437, 1110
1386, 1968
1504, 649
301, 835
2822, 85
465, 341
1348, 2429
274, 202
1349, 2024
6436, 7
419, 475
2776, 80
1430, 1283
3055, 306
698, 3463
719, 2103
1207, 12147
6294, 14
442, 8126
5529, 31
1249, 7179
606, 951
5693, 22
1363, 2579
6450, 3
1262, 6388
1243, 6488
6330, 8
423, 493
5510, 5
2780, 163
1474, 759
6561, 3
1497, 806
3808, 170
1451, 1453
6538, 7
2640, 116
283, 227
1370, 1830
1462, 893
1450, 950
3048, 106
691, 3357
1432, 1180
2770, 228
413, 591
5500, 69
1317, 3462
356, 276
5443, 6
2713, 99
1434, 851
1314, 2641
1315, 3269
1288, 4931
6375, 3
1355, 2073
267, 449
2520, 170
163, 12865
1338, 2170
1297, 4609
1366, 2615
1330, 2614
1333, 2200
1256, 7701
6343, 13
1278, 5898
6365, 21
629, 3480
1447, 1419
1147, 27604
6234, 3
258, 756
2959, 58
602, 808
385, 755
733, 1293
2912, 86
555, 1008
3134, 68
777, 2806
241, 452
5328, 6
1301, 4203
138, 2425
5225, 16
417, 389
106, 453
5193, 31
1697, 302
6784, 30
2992, 62
635, 1637
5722, 8
634, 1934
1320, 2664
2707, 86
350, 3215
1304, 4805
6391, 2
3089, 134
732, 1446
1354, 2231
6441, 15
449, 202
1227, 8897
1279, 6100
3135, 129
778, 2508
642, 1781
5729, 4
248, 655
137, 13560
351, 3262
5438, 5
2708, 107
1351, 2116
1350, 1825
6437, 16
1367, 2776
6454, 2
1371, 1883
289, 1606
2646, 150
1360, 1961
3772, 798
1415, 1321
1416, 988
6503, 4
403, 464
2760, 161
2737, 83
380, 1479
279, 223
3088, 440
731, 1254
1305, 3234
6392, 8
461, 178
5548, 22
366, 1151
2723, 91
568, 505
2652, 197
295, 880
2601, 90
244, 1388
5331, 73
140, 8434
108, 1698
2461, 192
104, 1216
2105, 534
404, 883
2596, 94
2584, 217
712, 2412
5799, 241
231, 383
5318, 81
2588, 147
2673, 341
316, 1863
272, 423
2796, 120
439, 23477
1555, 781
325, 522
2682, 194
645, 3108
2966, 109
609, 2770
5696, 3
168, 3253
2525, 193
277, 271
2634, 88
245, 523
2602, 125
2654, 98
394, 1264
5481, 22
2613, 146
2335, 393
2340, 173
2341, 433
2578, 141
2293, 510
2294, 291
2296, 332
2945, 116
588, 270
1785, 298
1923, 194
2096, 253
1919, 99
7006, 2
1781, 592
136, 1203
5223, 5
2493, 290
141, 1528
5228, 10
2498, 264
2206, 531
2815, 227
2200, 581
2202, 533
2128, 727
2201, 581
2207, 510
2344, 342
2854, 95
1820, 499
2053, 348
2046, 451
1978, 162
2129, 571
1560, 827
2150, 386
2266, 460
2218, 434
2217, 346
2220, 372
2261, 431
2138, 661
2417, 363
2308, 388
2310, 350
2139, 463
2339, 170
2301, 430
2334, 278
55, 321
5142, 53
2412, 332
444, 879
5531, 9
1235, 7969
1210, 10315
2123, 964
2420, 288
63, 1251
5150, 3
3694, 220
1337, 2542
2230, 413
2072, 351
2112, 753
208, 332
5295, 4
2291, 277
460, 186
337, 850
2228, 395
2222, 391
7309, 2
2292, 344
1280, 6166
2709, 146
352, 2404
2240, 616
3040, 431
683, 2971
82, 532
5169, 9
2415, 172
58, 1529
57, 627
2827, 118
470, 245
5557, 3
40, 3137
2825, 127
468, 341
2828, 148
471, 333
2330, 222
2506, 228
149, 710
259, 212
545, 2008
2134, 797
1795, 305
2858, 162
501, 227
41, 1323
5128, 10
2527, 297
170, 1089
5257, 13
2841, 84
484, 615
489, 2597
2479, 109
122, 279
2509, 113
152, 1346
5239, 14
2668, 95
311, 1622
1770, 86
6857, 5
308, 782
2663, 64
306, 290
1427, 1398
310, 1641
2919, 75
562, 744
192, 534
5279, 11
430, 990
1236, 9070
2445, 171
88, 635
473, 832
475, 373
1300, 3914
36, 4934
5123, 19
39, 3060
5126, 6
2754, 125
397, 863
515, 1306
28, 2080
2591, 122
234, 455
242, 451
5329, 73
2686, 161
329, 442
327, 400
2683, 128
326, 234
317, 2085
5404, 42
2719, 317
362, 848
1710, 418
6797, 6
1718, 428
2638, 107
281, 234
2712, 165
355, 1309
5442, 12
10759, 2
486, 1102
1428, 1139
6515, 4
1876, 295
2468, 284
111, 1688
2957, 57
600, 500
332, 709
586, 2143
5673, 7
526, 262
2475, 175
118, 316
123, 454
125, 1384
5212, 10
48, 1287
5135, 12
2484, 152
127, 2075
151, 953
644, 1961
5731, 5
616, 5034
2965, 142
608, 2159
5695, 21
2535, 102
178, 5786
5265, 20
1486, 1056
2153, 303
1458, 754
305, 648
710, 2497
5797, 7
1327, 2737
6414, 43
1255, 6441
681, 4347
1259, 6880
395, 1332
2911, 181
554, 1245
65, 8422
1449, 1211
1253, 7217
1398, 1520
6485, 4
2743, 207
386, 879
1452, 1037
6539, 2
1251, 7478
1296, 4339
2127, 615
728, 1723
5815, 12
727, 1551
5814, 19
3328, 593
971, 38094
370, 2925
5457, 21
2802, 109
445, 455
1389, 1614
6476, 5
1390, 1776
2140, 827
1381, 1970
1422, 1371
6509, 30
1397, 1221
2125, 715
2725, 477
368, 2067
5455, 28
407, 756
1420, 1294
1417, 1352
572, 411
5659, 24
3555, 345
1198, 15008
6285, 8
1191, 18754
689, 3846
5776, 3
1388, 1630
2275, 229
561, 860
783, 2425
2721, 237
364, 1465
5451, 5
105, 599
2462, 267
1529, 571
6616, 10
1028, 43209
2759, 53
402, 558
2229, 451
560, 787
5647, 26
1287, 5821
3129, 121
772, 3438
5859, 4
1289, 5999
6376, 25
1694, 590
1270, 6346
537, 559
539, 1374
3144, 50
787, 2754
5874, 9
2088, 482
1111, 39293
6198, 126
1352, 1734
6439, 3
534, 462
5621, 21
532, 595
5619, 20
2080, 158
1358, 1807
1419, 1285
6506, 4
2084, 292
3443, 218
1086, 49122
1332, 2484
3013, 33
656, 3094
628, 2669
5715, 2
1364, 2511
1399, 1418
2651, 160
294, 1445
1331, 2365
1329, 2727
1357, 2084
725, 1832
5812, 5
1326, 3236
1272, 7308
6359, 2
1400, 1562
1321, 2322
6408, 14
3136, 65
779, 2752
3123, 62
766, 3904
631, 3071
1275, 7157
3245, 333
888, 37236
5975, 6
3156, 51
799, 5783
1908, 431
1047, 43971
6134, 7
972, 42905
3015, 99
658, 4044
3261, 259
904, 48981
5991, 12
3260, 62
903, 41574
1035, 37258
6122, 1
3185, 162
828, 5288
1034, 35178
2143, 500
1032, 31976
911, 69682
935, 65847
2744, 186
387, 1216
1496, 1283
6583, 10
3285, 114
928, 92533
3591, 345
1234, 7490
693, 3447
5780, 26
1206, 13681
97, 473
1385, 1927
276, 209
1281, 5859
2529, 245
172, 5183
1205, 15092
2453, 299
96, 46238
977, 34296
6064, 2
2086, 450
877, 81121
3233, 189
876, 82013
987, 20977
6074, 6
3139, 27
782, 2291
5869, 1
915, 110513
2024, 234
3099, 21
742, 1514
5829, 10
3356, 191
999, 38868
1679, 273
2500, 231
143, 2309
5230, 28
1252, 6480
1225, 8037
116, 97684
5203, 8
2518, 242
10434, 1
161, 1473
1009, 89222
789, 2759
5876, 3
1050, 60874
14, 12831
1123, 40669
2232, 560
11310, 8
1037, 32444
1038, 35546
6125, 1
2791, 141
434, 54732
437, 14700
1546, 593
1043, 41419
341, 3498
5428, 6
934, 71697
6021, 7
1042, 36652
2151, 617
3409, 565
1052, 68307
2161, 234
1049, 52346
6136, 6
1051, 66788
6138, 3
3338, 212
981, 27035
1265, 7855
2513, 94
156, 9839
5243, 7
183, 1172
5270, 15
1292, 4342
6379, 7
177, 28662
5264, 14
1286, 5580
1060, 118814
6147, 4
3020, 193
663, 4778
5750, 10
655, 3109
5742, 7
909, 80573
5996, 1
2018, 253
7105, 14
910, 76098
5997, 8
3426, 707
1069, 106699
803, 7263
3588, 176
1231, 9972
690, 3729
3244, 393
11160, 2
887, 41884
3475, 436
1118, 37790
9, 11917
2227, 363
1248, 7473
6335, 3
139, 7904
538, 1370
811, 10868
5898, 23
748, 2391
3096, 49
739, 1302
741, 1592
5828, 6
736, 1068
1845, 355
6932, 5
808, 7233
5895, 6
3167, 74
810, 11357
5897, 18
3214, 84
857, 36714
3143, 44
786, 2575
5873, 8
2969, 79
612, 2460
5699, 2
3359, 194
1002, 42387
6089, 10
3228, 60
871, 93898
974, 38614
3355, 276
998, 23626
1213, 10745
3354, 175
997, 18258
6084, 3
2724, 256
367, 2044
3265, 91
908, 78114
2017, 305
7104, 15
3251, 608
894, 37240
3258, 357
901, 38292
5988, 10
3145, 28
788, 2857
985, 23925
2094, 432
3103, 79
746, 2573
5833, 20
1855, 306
1062, 109280
1007, 77308
11262, 1
989, 17489
3380, 401
1023, 59552
3325, 119
968, 38313
3312, 55
955, 36495
2064, 619
946, 42343
1054, 73972
1006, 88500
6093, 49
3203, 56
846, 7447
3550, 1195
1193, 20068
6280, 7
2441, 355
84, 12797
5171, 8
2302, 357
3209, 71
852, 12722
933, 76433
648, 2658
5735, 14
1189, 16229
80, 12619
5167, 30
931, 90065
6018, 3
2040, 208
3114, 102
757, 4541
3358, 141
1001, 33917
6088, 3
979, 34644
6066, 6
3357, 226
1000, 37936
6087, 14
1163, 19412
54, 61391
5141, 10
3522, 343
1165, 19830
3300, 736
943, 41260
2052, 538
3301, 185
944, 46451
3299, 120
942, 44483
6029, 4
3250, 318
893, 38170
2746, 89
389, 1089
1498, 657
6585, 23
930, 81321
2039, 547
3187, 198
830, 4880
5917, 11
3180, 153
823, 5806
3247, 133
890, 39283
940, 46625
2699, 329
342, 6420
5429, 5
3240, 87
883, 45446
5970, 10
1276, 7510
2524, 214
167, 4087
5254, 27
3092, 60
735, 1223
939, 51974
2048, 308
723, 1965
938, 52039
6025, 2
2757, 67
400, 736
941, 45925
3225, 71
868, 120585
3227, 50
870, 115137
1228, 8706
119, 161889
5206, 4
687, 3754
5774, 3
952, 38675
6039, 33
953, 36424
1209, 12526
100, 711
3360, 234
1003, 45522
6090, 3
1081, 57676
2190, 676
932, 84620
2748, 176
391, 1205
2691, 91
334, 1578
5421, 16
2552, 120
290, 995
2536, 85
179, 7337
186, 748
1295, 4658
410, 576
2507, 132
150, 775
5237, 18
3257, 59
900, 39559
2009, 386
838, 5159
991, 14671
3109, 169
752, 4072
1011, 119400
6098, 16
2120, 390
1121, 40900
12, 33514005
1012, 112425
2121, 630
3382, 509
1025, 49487
1057, 100602
6144, 2
3327, 452
970, 40211
2079, 426
3311, 191
954, 34517
3314, 100
957, 36386
2066, 547
948, 41855
950, 41379
945, 44950
6032, 10
2054, 381
1056, 92095
1017, 94894
1067, 129200
6154, 3
2176, 459
820, 7796
5907, 5
1068, 112712
3350, 177
993, 15457
6080, 24
1122, 40721
6209, 16
2370, 354
13, 54879
2231, 274
3487, 529
1130, 29123
21, 164460
299, 637
1217, 9160
676, 4844
1220, 8197
679, 4627
1219, 8965
110, 717
5197, 1
678, 4354
5765, 10
1212, 10625
2460, 367
103, 1501
3028, 73
671, 5877
3280, 82
923, 128807
6010, 11
929, 79185
912, 75355
2021, 510
7108, 1
1877, 524
3125, 43
768, 3424
3204, 151
847, 7099
3275, 131
918, 122146
6005, 5
917, 124337
6004, 5
264, 41417
937, 49439
6024, 7
396, 1632
3178, 40
821, 6919
807, 7057
3102, 139
745, 2421
5832, 2
3276, 217
919, 116142
6006, 4
3016, 90
659, 4214
3277, 59
920, 111664
1168, 16413
59, 7618
1170, 20184
2418, 334
61, 536
824, 5977
3176, 115
819, 8951
5906, 1
1928, 219
3213, 46
856, 21383
228, 713
5315, 129
3126, 36
769, 4223
5856, 12
3279, 138
922, 122111
3362, 214
1005, 82266
6092, 25
2821, 104
464, 260
3010, 36
653, 2017
3551, 453
1194, 17671
6281, 16
2442, 175
85, 831
10385, 6
112, 22253
1221, 9964
1167, 16842
2983, 101
626, 4219
5713, 4
3497, 127
1140, 31060
2388, 306
31, 1364
1208, 11798
126, 102347
5213, 25
2997, 40
640, 1637
5727, 46
1131, 34599
22, 25153
49, 42029
5136, 6
1158, 20594
2514, 154
157, 93877
1266, 7369
2430, 120
73, 127264
5160, 16
1182, 21545
657, 3850
1766, 460
879, 77458
1177, 17425
77, 1272
5164, 16
1186, 20602
680, 4094
2375, 307
10291, 2
18, 74822
5105, 8
1127, 38384
2236, 428
3403, 346
1046, 45840
6133, 7
3137, 70
780, 2244
10365, 4
92, 47238
5179, 8
3558, 694
1201, 13809
854, 13382
2697, 91
340, 7910
5427, 14
3560, 425
1203, 13128
94, 15591
662, 4585
5749, 5
2478, 98
121, 60788
1230, 8634
3249, 415
892, 41242
2001, 264
3259, 120
902, 40284
5989, 10
361, 831
3217, 60
860, 36854
319, 584
1144, 28554
2392, 185
35, 21916
2419, 330
62, 458
3528, 239
1171, 16541
833, 5608
5920, 10
292, 2434
1401, 1043
3420, 377
1063, 110339
6150, 9
2172, 405
3205, 59
848, 7702
5935, 27
2664, 89
307, 518
5394, 16
1132, 34228
23, 130777
591, 190
50, 21462
3516, 231
1159, 21114
834, 5505
5921, 1
2650, 57
293, 1471
5380, 15
1402, 1224
6489, 1
1064, 117109
6151, 232
2173, 414
895, 38148
354, 2771
347, 1824
1456, 951
1172, 17385
90, 15646
1199, 13938
6286, 1
604, 1245
550, 2371
5637, 14
1632, 594
3017, 119
660, 4569
3220, 271
863, 101069
5950, 5
1404, 1419
6491, 6
2603, 131
246, 353
596, 228
986, 21795
6073, 4
3340, 223
983, 27781
6070, 53
1378, 1501
6465, 6
269, 3794
5356, 9
296, 470
1405, 1212
2677, 210
320, 2494
734, 1416
869, 138253
328, 285
2559, 209
202, 139
5289, 25
175, 39048
1284, 5595
716, 2141
2609, 282
252, 164
651, 2122
5738, 27
2389, 200
32, 683
1141, 28008
817, 6348
1101, 38833
6188, 5
19, 815072
5106, 21
1128, 31770
2237, 581
2367, 423
10, 165106
1119, 37655
2544, 92
187, 442
20, 124353
5107, 11
1129, 33358
2238, 594
3231, 60
874, 89805
2690, 154
333, 1497
2551, 127
76, 3686
5163, 91
1185, 18525
6272, 6
546, 1729
2362, 302
5, 47826
5092, 28
3471, 144
1114, 43475
3390, 322
1033, 37984
2142, 510
535, 698
5622, 5
47, 2812
1156, 21228
6243, 16
818, 6885
2365, 276
8, 4829106
5095, 21
1117, 47368
6204, 12
3163, 137
806, 7126
2622, 70
265, 6224
605, 667
1173, 17110
67, 4463
1176, 16519
98, 776
2996, 56
639, 2105
4, 3073076
5091, 6
1113, 39237
6200, 27
3223, 84
866, 65236
358, 1399
3568, 356
1211, 9060
2459, 356
102, 552
5189, 62
670, 6593
5757, 2
2486, 105
129, 42128
5216, 2
1238, 9913
6325, 6
1178, 17157
2426, 216
69, 22403
2994, 76
637, 2956
5724, 3
1084, 52843
543, 2336
5630, 53
2359, 580
2, 2256965
5089, 47
3216, 44
859, 29828
2675, 116
318, 613
1187, 19129
6274, 7
78, 569
646, 3072
1214, 11146
132, 2830
5219, 20
1241, 7676
6328, 2
2368, 528
11, 1736
5098, 18
1120, 39388
70, 3872
2288, 643
1179, 18948
1094, 43644
1040, 35073
6127, 1
3464, 166
1107, 39235
2382, 174
10298, 7
25, 125496
1134, 30833
2243, 847
1053, 63875
6140, 18
3153, 143
796, 5481
3206, 93
849, 8428
2982, 52
625, 4976
5712, 25
855, 13088
2364, 277
7, 148988
1116, 44274
2225, 456
2409, 195
52, 8487
1161, 19716
694, 3600
2510, 125
153, 967
5240, 17
2374, 370
17, 542053
5104, 95
1126, 35392
1072, 95435
2888, 112
531, 499
5618, 37
1082, 58211
6169, 3
0, 568234
1109, 39250
6196, 21
1105, 37103
6192, 2
1646, 687
3151, 88
794, 4202
1903, 218
3026, 84
669, 5516
2485, 231
128, 21692
5215, 12
1237, 7055
636, 2439
542, 1633
5629, 5
2358, 322
1, 693801
5088, 24
3467, 191
1110, 39793
832, 5555
1941, 254
7028, 12
291, 1286
5378, 6
2391, 182
34, 9558
5121, 17
1143, 28264
43, 1847
5130, 7
1152, 23966
3127, 65
770, 4966
1879, 341
229, 10796
5316, 15
1184, 19193
2432, 225
75, 140421
5162, 27
1106, 38070
24, 132920
1133, 33962
3171, 70
814, 7902
273, 579
1382, 1720
16, 83771
1125, 37469
1044, 34476
6131, 1
829, 4565
2645, 64
288, 4133
1059, 102864
6146, 13
2168, 567
222, 385
5309, 27
674, 4357
5761, 5
133, 13071
1242, 8213
641, 2147
11198, 2
925, 125935
6012, 30
2741, 171
384, 544
5471, 17
6, 83868
5093, 18
1115, 42967
2913, 167
556, 1298
2372, 314
15, 23341
5102, 57
1124, 36879
592, 259
51, 1798
3517, 611
1160, 23179
1677, 355
3493, 350
1136, 28731
6223, 10
2384, 353
27, 289426
5114, 1
2952, 84
595, 219
1196, 15352
858, 33256
5945, 20
2701, 68
344, 13091
1055, 85727
695, 3437
5782, 23
2511, 182
154, 910
1263, 5863
2386, 443
29, 148714
1138, 31134
1571, 803
3184, 95
827, 6062
1936, 382
7023, 3
286, 1025
5373, 5
11261, 1
988, 16829
158, 2115
1267, 8125
3313, 234
956, 37927
6043, 10
415, 420
3183, 93
826, 5113
285, 1025
1394, 1716
638, 2800
3, 151823
1112, 42847
6199, 7
1031, 35021
2681, 128
10597, 1
324, 2698
185, 478
2542, 149
3222, 95
865, 61183
3255, 254
898, 41071
2714, 255
357, 453
1669, 632
46, 3742
5133, 15
1155, 21395
650, 2010
5737, 4
109, 12564
1218, 10212
339, 7653
880, 69979
10979, 1
706, 2477
3320, 153
963, 33344
6050, 19
921, 110140
2531, 229
174, 47357
1283, 5494
715, 2203
1824, 225
3452, 345
1095, 44519
3058, 198
701, 3287
5788, 9
2450, 246
93, 16368
5180, 13
3559, 513
1202, 13262
323, 2985
3221, 272
864, 78931
5951, 9
1103, 35199
6190, 9
1151, 25777
1343, 2531
677, 4180
5764, 12
1502, 748
6589, 2
2750, 257
393, 1402
961, 35796
6048, 1
1013, 95243
6100, 1
2572, 178
215, 491
5302, 9
3113, 114
756, 3484
2789, 120
432, 1736
2521, 113
164, 8109
1273, 7576
2669, 103
312, 3312
1104, 34419
6191, 1
2213, 314
1645, 806
2893, 49
536, 526
3235, 66
878, 73647
709, 2373
1818, 155
6905, 1
176, 44846
5263, 74
1285, 5013
6372, 38
717, 2090
5804, 1
3200, 75
843, 6468
302, 931
1411, 1253
6498, 2
3173, 100
816, 7559
5903, 15
713, 2271
1822, 359
3071, 118
714, 2390
2530, 280
173, 18273
5260, 12
1282, 5979
2538, 86
181, 3009
1290, 4746
3243, 54
886, 42407
2987, 159
630, 2201
5717, 11
89, 10470
994, 17797
6081, 4
995, 17987
6082, 3
992, 15920
1008, 73021
3415, 169
1058, 107068
6145, 3
801, 5812
976, 32857
2792, 88
435, 27434
3418, 224
1061, 111696
2170, 239
700, 3155
26, 22507
1135, 31306
6222, 8
1649, 542
540, 1383
1108, 36523
2978, 100
621, 5063
5708, 15
1730, 358
3422, 664
1065, 119280
6152, 3
2174, 574
217, 740
5304, 15
758, 5062
1015, 94794
1066, 129592
6153, 4
268, 1570
3166, 232
809, 8826
1918, 237
2661, 80
304, 999
3770, 248
1413, 1081
3202, 163
845, 6998
3271, 58
914, 108519
2023, 488
3264, 79
907, 68096
2016, 297
812, 10074
1921, 279
477, 956
1018, 80914
3118, 35
761, 3872
5848, 62
2577, 247
220, 12354
1020, 85154
1019, 88630
3293, 112
936, 56923
6023, 31
2045, 333
7132, 149
1016, 88919
1856, 144
3104, 63
747, 2397
5834, 39
1010, 98115
2569, 137
212, 584
5299, 62
3110, 517
753, 3354
2429, 172
72, 5256
5159, 14
1181, 19225
2970, 173
613, 3724
79, 20728
1188, 19310
620, 4325
5707, 56
1729, 248
867, 94681
321, 24512
862, 73512
1190, 19628
81, 415
649, 1852
1758, 153
2477, 125
120, 6341
5207, 44
3586, 198
1229, 8972
661, 4749
5748, 24
214, 482
755, 2993
5842, 9
744, 1859
5831, 9
1853, 337
6940, 16
749, 2570
5836, 8
206, 200
1045, 39298
839, 5222
996, 17113
6083, 6
924, 125481
927, 102425
3306, 374
949, 38076
6036, 5
1036, 35934
3361, 263
1004, 70198
6091, 5
982, 26307
2091, 270
3045, 41
688, 3614
3581, 262
1224, 8553
2472, 225
115, 607
984, 24837
1215, 9660
6302, 1
345, 16941
1454, 889
1204, 13439
6291, 3
2452, 196
95, 1489
1233, 8922
226, 1019
5313, 30
87, 268
2444, 253
1200, 14251
3232, 60
875, 93542
1244, 6596
6331, 1
2492, 459
135, 1335
5222, 5
611, 2728
1720, 594
2975, 51
618, 3768
2976, 46
619, 4769
5706, 7
1728, 369
3149, 96
792, 4003
1901, 426
647, 2701
853, 11841
754, 3120
3108, 92
751, 3490
5838, 1
3124, 80
767, 3335
3179, 108
822, 6286
1074, 89301
6161, 1
533, 1180
5620, 9
3218, 66
861, 58871
1076, 83886
2185, 359
1195, 17093
6282, 4
1298, 5182
6385, 1
1085, 49726
6172, 11
916, 118062
3056, 238
699, 3458
743, 1704
805, 7663
722, 1674
1831, 457
3193, 100
836, 4889
1223, 10657
3256, 241
899, 35799
2960, 98
603, 1304
5690, 5
44, 5160
3510, 592
1153, 23842
1485, 545
2733, 130
376, 1416
3107, 130
750, 2874
5837, 2
1157, 23439
371, 1736
1142, 31061
6229, 27
2390, 224
33, 14875
1149, 24481
6236, 3
2258, 517
1148, 29755
2612, 139
255, 985
5342, 3
1345, 2381
1139, 28789
2387, 327
30, 20649
3447, 478
1090, 48405
1088, 48068
3386, 259
1029, 38877
6116, 7
1021, 77385
6108, 39
1030, 39174
3384, 130
1027, 41144
3450, 251
1093, 42428
6180, 20
1098, 41968
6185, 10
1396, 1449
287, 3322
3128, 26
771, 4213
1087, 44338
6174, 2
2196, 472
1391, 1029
282, 474
1089, 51889
872, 107375
1342, 2370
2590, 260
233, 10431
5320, 35
978, 29754
6065, 2
1473, 477
1091, 43293
6178, 6
1365, 1872
3750, 64
1393, 1356
1102, 37658
6189, 10
1359, 1799
2607, 192
250, 406
1099, 38629
1077, 74434
1232, 7673
1216, 10499
6303, 2
2464, 217
107, 1221
5194, 28
1379, 1200
2627, 61
270, 1402
180, 8887
1014, 98387
947, 41351
2056, 729
969, 38475
2078, 334
2695, 119
338, 4038
5425, 8
2556, 115
1024, 54262
431, 3509
1540, 592
1246, 8502
6333, 3
1406, 1320
1075, 85587
6162, 4
3116, 117
759, 4571
348, 3526
3246, 76
889, 41264
5976, 32
891, 40939
2000, 334
632, 2894
5719, 25
1741, 466
2990, 40
633, 3044
5720, 5
1742, 509
673, 4790
3122, 63
765, 5365
3138, 40
781, 2421
831, 4859
3230, 132
873, 81870
1097, 43003
74, 38554
1183, 21245
3060, 53
703, 2724
2747, 243
390, 1095
1145, 29116
3254, 131
897, 43316
913, 94515
6000, 4
666, 5611
3024, 214
667, 5911
842, 6158
664, 4473
3315, 128
958, 30559
1260, 6249
6347, 2
1261, 7321
6348, 2
692, 3736
3347, 205
990, 21534
793, 4205
3194, 85
837, 5755
3263, 414
906, 51246
3242, 386
885, 42208
5972, 42
884, 42220
5971, 17
627, 3321
1736, 397
802, 6201
800, 6666
5887, 28
3172, 41
815, 7126
5902, 9
3119, 68
762, 4005
3132, 300
775, 3249
1884, 298
825, 5263
1934, 148
7021, 3
2904, 89
547, 1582
4013, 145
1656, 468
2915, 60
558, 1637
101, 1531
5188, 22
1271, 6502
6358, 10
2519, 145
162, 2857
5249, 8
3059, 181
702, 2981
5789, 2
392, 1383
3453, 475
1096, 38012
1492, 887
6579, 5
2740, 174
383, 375
3032, 51
675, 4821
1070, 106023
1146, 26372
37, 7253
3405, 324
1048, 47079
549, 1800
1658, 437
1162, 18767
6249, 10
401, 687
1137, 28366
6224, 6
3041, 181
684, 3048
5771, 26
3042, 224
685, 3029
3039, 75
682, 3565
5769, 19
300, 871
1073, 101183
1071, 98211
1022, 75682
6109, 4
2131, 601
962, 34490
2071, 328
959, 30672
6046, 7
3332, 133
975, 34878
882, 52664
5969, 60
3238, 185
881, 57015
5968, 3
2974, 102
617, 4568
1726, 327
2981, 42
624, 6349
5711, 37
1733, 172
3155, 61
798, 5649
5885, 23
665, 4915
5752, 3
813, 8035
1922, 108
760, 3783
5847, 134
3130, 180
773, 3122
1719, 406
2967, 113
610, 3158
2933, 102
576, 246
2944, 48
587, 1202
1690, 118
6777, 4
1686, 412
1662, 236
1664, 157
6751, 3
1671, 301
1837, 153
6924, 10
56, 223
5143, 7
2413, 389
68, 7107
2425, 278
2517, 150
160, 6036
5247, 19
2502, 244
145, 752
5232, 7
1254, 5732
6341, 5
2503, 173
146, 638
5233, 7
66, 6025
2423, 251
2501, 139
144, 4928
5231, 12
1806, 252
3054, 147
697, 2965
64, 12800
2421, 196
1676, 321
200, 84
86, 2855
2443, 207
1334, 2615
225, 459
5312, 35
134, 1525
5221, 2
1873, 340
6960, 12
3121, 53
764, 5403
2611, 114
254, 486
1688, 382
6775, 2
2877, 101
520, 739
5607, 3
1494, 877
6581, 92
1585, 667
476, 466
1488, 722
6575, 3
1339, 2573
2745, 209
388, 686
1318, 2796
2908, 234
551, 2443
3697, 131
1340, 1764
1264, 6344
2512, 101
155, 1221
5242, 12
1681, 183
1322, 3629
193, 213
5280, 44
2550, 121
191, 658
2548, 113
330, 782
190, 1042
5277, 33
2547, 134
3043, 42
686, 3611
2553, 92
2035, 398
926, 115496
6013, 3
1565, 897
2499, 127
142, 1494
5229, 20
147, 809
5234, 13
247, 421
2604, 138
2505, 160
148, 751
5235, 7
1257, 6311
6344, 11
117, 486
5204, 101
1226, 8110
210, 131
5297, 4
159, 1346
1268, 6985
1587, 913
1588, 958
1341, 2337
1517, 747
571, 264
1680, 179
6767, 3
1740, 475
1732, 488
623, 4469
5710, 7
2800, 204
443, 3388
5530, 12
1693, 405
1813, 188
3061, 166
704, 3142
5791, 7
1731, 451
622, 6083
5709, 23
1483, 830
2731, 205
374, 2185
1511, 614
1523, 699
1678, 369
1619, 927
1608, 744
6695, 16
1613, 662
1611, 789
1620, 663
1617, 808
1633, 368
1683, 537
1344, 2430
1347, 2211
2595, 170
238, 1778
1346, 2626
237, 1676
1291, 4075
3064, 40
707, 2811
1293, 5197
6380, 10
184, 1029
349, 3344
1847, 253
6934, 2
738, 1178
5825, 20
1814, 243
3062, 119
705, 2568
5792, 2
1805, 197
696, 3386
1414, 1126
6501, 1
1412, 1279
2660, 162
303, 820
5390, 47
643, 1609
729, 1602
5816, 4
791, 3494
1900, 302
1407, 1371
1594, 875
2487, 210
130, 1465
1239, 9325
6326, 19
166, 2443
5253, 6
2671, 280
314, 2209
1460, 973
951, 39814
309, 796
2666, 181
1446, 1206
1445, 715
3065, 47
708, 2411
5795, 34
1175, 16721
1164, 17335
1100, 38680
6187, 9
980, 31710
2700, 116
343, 6579
5430, 32
438, 56792
5525, 9
1547, 435
3142, 96
785, 2670
3262, 86
905, 45278
1881, 309
6968, 31
2964, 31
607, 1069
614, 5047
2972, 38
615, 5231
5702, 7
3147, 150
790, 3382
1899, 248
6986, 9
3120, 116
763, 4438
850, 12833
5937, 8
737, 1141
5824, 10
3197, 209
840, 5060
5927, 7
1192, 16713
835, 5252
1913, 135
3161, 193
804, 9854
795, 4603
5882, 11
1197, 15613
2726, 106
369, 2694
5456, 2
11312, 7
1039, 35567
1180, 19832
2428, 179
71, 3836
3208, 55
851, 11069
5938, 9
3075, 31
718, 2160
1512, 756
3201, 61
844, 7077
5931, 62
2703, 201
346, 5616
5433, 5
797, 5777
541, 1433
5628, 35
548, 1625
1533, 1223
6620, 21
424, 304
243, 1056
1166, 17668
1150, 25354
3449, 237
1092, 42728
1083, 55571
6170, 1
1079, 70048
2188, 827
1078, 64046
1258, 6416
3011, 54
654, 2752
5741, 12
3131, 149
774, 3385
5861, 3
544, 2288
3321, 158
964, 34847
6051, 1
1169, 17735
399, 766
1508, 483
315, 2252
1274, 6470
6361, 1
165, 9000
1245, 6175
6332, 6
668, 5770
1250, 7413
960, 34900
1174, 15677
2528, 161
171, 2324
5258, 20
3437, 163
1080, 59305
1222, 9164
3253, 339
896, 39746
5983, 14
3198, 119
841, 4858
5928, 2
973, 36806
3133, 514
776, 3023
3141, 70
784, 2448
5871, 36
1240, 7835
2488, 162
131, 2226
5218, 9
447, 792
2670, 142
313, 4600
5400, 4
2782, 361
425, 474
3324, 252
967, 36344
965, 37297
3077, 102
720, 1972
5807, 2
3078, 64
721, 2355
5808, 3
740, 1602
3029, 64
672, 5807
271, 563
373, 2146
966, 39762
6053, 1
1026, 44089
6113, 5
2914, 146
557, 1870
1247, 8157
3068, 53
711, 2435
5798, 4
726, 1715
377, 1215
1154, 22099
1041, 37435
6128, 3
2899, 111
2843, 136
2239, 652
2246, 265
2396, 409
2257, 460
2907, 94
2906, 224
2903, 92
2892, 81
2349, 286
2901, 83
2883, 79
2902, 76
2852, 292
2866, 182
2845, 183
2454, 132
2897, 102
499, 290
2715, 155
1760, 160
6847, 3
2885, 199
2891, 61
2832, 81
2836, 163
3413, 81
2787, 261
2805, 175
2790, 344
2853, 504
2884, 119
2905, 164
2879, 276
2204, 287
2192, 410
2004, 230
1964, 269
7051, 6
2178, 797
2012, 279
2015, 339
7102, 4
1979, 125
7066, 4
2177, 596
2019, 349
2356, 228
2008, 304
2007, 105
2020, 292
2101, 484
2028, 381
1819, 281
1863, 243
1931, 114
1924, 177
1938, 337
2381, 185
2255, 359
2083, 592
1772, 192
2198, 458
2579, 176
2564, 119
2810, 168
2829, 142
2332, 200
2562, 167
2155, 250
2149, 483
2260, 277
2406, 314
2399, 216
2085, 386
7172, 3
2171, 637
2416, 358
2164, 245
2397, 344
2152, 374
2637, 109
2774, 208
2752, 244
2235, 312
2543, 42
1906, 253
2605, 235
2458, 302
3595, 132
2575, 133
2807, 92
2587, 138
2402, 261
2408, 284
2516, 141
2407, 148
2403, 283
2916, 74
1660, 650
2573, 137
2508, 96
2871, 188
2495, 234
2598, 124
3596, 151
2811, 153
2455, 185
3378, 357
2842, 98
3335, 151
2823, 109
2549, 128
2599, 103
2565, 296
3601, 102
2813, 93
420, 447
2610, 175
2846, 170
2624, 117
2801, 90
2851, 220
2895, 145
483, 1446
2785, 211
2704, 103
2628, 134
3339, 106
411, 637
3304, 354
3303, 580
3101, 132
3287, 106
3298, 155
3294, 84
3296, 338
4060, 92
4069, 227
4083, 77
4111, 35
4086, 107
1384, 2089
4121, 71
4085, 84
4093, 147
3893, 216
3283, 160
4001, 72
3877, 76
3999, 107
3991, 70
3996, 241
3876, 66
256, 936
3854, 315
3994, 573
3843, 70
4000, 85
4653, 25
3850, 57
3956, 68
3859, 361
3858, 241
3997, 92
3962, 210
3861, 159
3860, 170
3978, 132
3995, 212
577, 212
5664, 25
4032, 260
1892, 169
1897, 147
3992, 35
3993, 131
4033, 29
189, 687
3291, 146
3981, 31
188, 299
5275, 50
204, 225
5291, 15
3987, 46
203, 234
201, 152
3023, 163
2369, 357
3490, 673
3027, 61
1595, 689
1636, 426
1536, 707
1637, 396
1580, 1169
6667, 2
1598, 698
1644, 595
1821, 330
1622, 815
1624, 816
1735, 409
1627, 646
1739, 392
3394, 189
1810, 200
1867, 246
6954, 8
1738, 375
3781, 163
3926, 130
3381, 380
3210, 54
1864, 310
1886, 325
1865, 222
6952, 20
1727, 416
1723, 526
1708, 333
6795, 4
1715, 238
6802, 10
1889, 245
6976, 6
1787, 197
1808, 290
6895, 3
1860, 165
6947, 231
1798, 348
3955, 118
3348, 126
365, 920
1817, 188
1932, 200
124, 960
360, 313
3219, 55
1857, 233
6944, 1
3801, 93
3480, 311
1861, 311
6948, 26
3391, 395
1946, 156
7033, 4
1930, 149
1891, 143
563, 696
5650, 4
3441, 176
406, 845
1940, 213
7027, 53
1951, 263
1896, 215
3392, 395
3389, 347
1920, 175
565, 498
3272, 60
4257, 39
1947, 142
7034, 1
194, 244
5281, 91
298, 491
1975, 162
3424, 547
3292, 123
1985, 268
7072, 10
3935, 78
1995, 327
566, 600
594, 354
5681, 7
3419, 175
3288, 178
3322, 132
4018, 115
3492, 378
3946, 47
2099, 455
3309, 515
3331, 179
2057, 512
227, 892
5314, 111
3970, 59
3433, 418
2103, 461
3316, 93
3967, 37
3940, 293
3461, 290
4021, 54
239, 438
3425, 668
2208, 696
2210, 878
2212, 478
2110, 692
3489, 293
2215, 511
3427, 168
3430, 199
3766, 128
3431, 211
1541, 932
45, 1083
5132, 20
2130, 384
3428, 223
3442, 332
1562, 930
493, 284
3466, 378
2305, 348
3529, 84
3758, 214
3759, 47
3864, 123
1583, 433
1581, 1193
284, 118
1602, 523
1418, 1433
3421, 740
4027, 80
1604, 712
3774, 105
3488, 182
1599, 829
2540, 137
1544, 516
4029, 75
1543, 1041
6630, 6
1663, 341
3856, 146
1657, 412
3511, 483
1467, 805
414, 513
5501, 51
1552, 912
3513, 431
3524, 219
353, 1768
412, 533
3845, 225
3974, 121
3842, 127
4051, 512
1426, 1265
6513, 40
3491, 548
3545, 577
3502, 120
4012, 130
1475, 835
3985, 58
1635, 229
2304, 340
452, 469
3833, 200
3544, 258
3542, 168
1616, 624
3564, 265
3569, 357
3818, 57
2274, 494
3572, 408
1655, 265
2360, 267
1625, 599
3548, 610
4294, 20
1607, 921
275, 262
453, 419
1589, 589
3549, 530
3547, 611
3543, 568
1661, 439
3540, 460
2303, 461
1926, 129
1907, 142
2289, 613
2093, 534
1914, 442
2108, 530
2118, 814
3769, 369
3744, 424
3762, 506
3767, 115
2338, 338
3731, 358
3726, 153
3716, 179
3729, 222
3728, 127
3677, 107
3719, 137
3226, 59
480, 2160
5567, 5
1564, 974
1948, 284
3566, 177
91, 158
1566, 796
6653, 26
1567, 953
3652, 230
2043, 301
7130, 97
4087, 101
1539, 727
1734, 272
6821, 1
1749, 454
1976, 182
1846, 216
1826, 275
1769, 372
6856, 1
1659, 526
6746, 3
1910, 175
3654, 196
529, 1126
3737, 57
1916, 220
83, 857
1954, 110
4322, 75
4324, 37
2393, 267
4275, 403
4283, 26
1578, 634
4329, 16
2414, 363
4423, 9
2285, 443
2405, 208
2410, 257
4855, 27
2411, 191
4248, 70
2269, 406
4075, 30
4074, 65
4917, 7
232, 427
5319, 294
4151, 81
3679, 95
3661, 225
2366, 225
1717, 251
195, 123
5282, 36
198, 69
196, 205
197, 279
5284, 10
3683, 310
1764, 291
3682, 294
2114, 634
3672, 104
3642, 166
3614, 194
3656, 228
3639, 470
3646, 89
3621, 437
3626, 309
3779, 223
3816, 92
3814, 108
3730, 261
3798, 717
3797, 118
3720, 260
3727, 632
3174, 68
455, 1344
3177, 112
525, 742
5612, 8
4185, 265
2211, 641
2209, 493
3538, 147
512, 139
4252, 88
3919, 130
1782, 282
4468, 65
2626, 163
4556, 37
4554, 30
4564, 26
2755, 90
3931, 127
4730, 26
1556, 779
1670, 376
2830, 195
3752, 196
3664, 168
3662, 341
3660, 533
3663, 1112
589, 290
2986, 184
1933, 165
3009, 65
2761, 89
3003, 112
2778, 276
2751, 78
2777, 338
2998, 95
2753, 448
2648, 120
2655, 267
2942, 55
2758, 112
3270, 168
2742, 159
2955, 18
2728, 160
2716, 208
2718, 168
2943, 116
3098, 68
3095, 27
2950, 77
3583, 115
2949, 93
3373, 266
4923, 7
3090, 298
3037, 20
1898, 295
1700, 356
6787, 4
2930, 51
2937, 62
2936, 61
2098, 318
1848, 260
6935, 5
3371, 940
3036, 76
1953, 273
7040, 14
3031, 222
2090, 255
2993, 39
3084, 101
3112, 265
3082, 72
2378, 571
3035, 73
3599, 68
427, 384
3050, 328
3536, 92
3047, 87
3052, 101
3117, 134
1984, 196
7071, 4
3376, 283
3554, 291
3396, 355
3401, 114
3600, 96
2038, 303
7125, 1
4914, 35
3374, 510
3079, 29
3091, 51
2582, 221
3106, 56
4984, 26
3093, 39
4956, 24
4920, 24
3160, 119
3158, 121
3439, 281
3619, 257
3393, 157
3622, 473
3624, 841
4996, 6
1987, 184
7074, 5
3606, 433
3637, 258
4997, 10
3625, 566
3168, 217
3165, 406
3659, 163
4995, 18
409, 759
3585, 489
3593, 286
2267, 290
3446, 353
3695, 201
5009, 6
3613, 155
3709, 483
3610, 390
3474, 686
3456, 593
3701, 81
456, 795
5543, 48
382, 286
2309, 406
1704, 324
3083, 40
3057, 118
3076, 47
1651, 738
6738, 2
3310, 118
426, 615
5513, 10
4877, 14
4751, 18
4768, 57
4889, 54
4719, 42
4888, 123
4791, 48
4792, 21
2921, 218
4794, 37
527, 380
5614, 8
506, 254
528, 301
280, 329
4862, 32
4919, 21
4893, 155
4867, 13
4897, 43
4884, 19
4894, 230
4827, 25
4830, 35
4341, 45
4348, 236
4497, 329
4358, 30
4892, 216
4880, 16
4450, 27
4871, 10
4890, 15
4840, 29
4854, 33
4833, 26
4858, 8
4555, 23
4885, 43
4891, 7
4887, 35
2995, 64
3053, 104
2749, 135
3236, 75
3067, 141
3069, 41
3066, 30
3085, 167
4846, 13
1875, 437
2306, 403
4769, 14
4787, 46
4772, 16
4869, 20
4836, 21
4879, 16
4861, 78
4912, 65
4898, 37
2126, 702
462, 230
5549, 6
2136, 720
2146, 479
2585, 88
2299, 369
7386, 2
2465, 133
2163, 625
2165, 849
2145, 558
2167, 665
1950, 192
1994, 206
4906, 65
2055, 313
2069, 537
2586, 89
4495, 29
4493, 23
4474, 19
4365, 25
4473, 69
4138, 79
4425, 24
4472, 34
4470, 8
2642, 151
4208, 44
2644, 154
4693, 28
4616, 57
4901, 12
2122, 835
2657, 163
2658, 143
2226, 335
7313, 4
1816, 349
4229, 48
601, 614
2325, 418
4225, 57
2732, 152
2439, 268
2377, 362
2373, 291
4222, 99
4217, 69
2678, 254
4237, 112
2435, 235
2483, 150
2711, 206
2685, 140
2600, 87
2473, 163
4654, 56
2649, 147
2662, 136
4591, 6
2693, 67
2767, 78
4631, 50
4233, 223
60, 371
4689, 13
2523, 111
2532, 260
569, 427
5656, 2
4610, 38
2592, 122
4494, 82
2694, 95
4655, 42
4507, 9
4656, 39
2734, 109
2784, 71
2617, 146
4652, 77
2589, 139
2401, 236
2706, 109
2684, 143
2977, 129
4268, 192
4261, 25
2672, 91
4239, 56
4262, 40
4162, 79
4238, 53
4168, 460
4255, 154
4240, 118
2779, 284
2775, 98
4948, 10
4245, 210
4250, 33
2797, 274
2788, 130
2798, 115
4251, 23
4643, 33
3364, 133
4681, 20
1836, 306
1755, 315
4883, 24
4881, 29
4072, 131
3512, 444
3501, 450
3500, 211
3498, 222
599, 428
3499, 262
3267, 134
2621, 150
2515, 115
1942, 171
488, 2833
497, 237
1945, 234
7032, 1
1894, 211
6981, 12
1944, 257
1880, 224
1684, 344
6771, 3
3478, 314
2154, 192
2102, 607
5083, 23
2106, 641
1952, 256
2095, 226
1937, 333
1825, 322
1745, 249
1721, 217
2031, 428
7118, 1
2100, 566
2010, 261
7097, 6
2133, 346
2081, 459
3445, 494
2113, 267
3406, 233
3410, 391
4841, 28
2195, 496
2184, 555
2162, 331
3444, 432
2194, 359
3470, 159
421, 607
3416, 122
3468, 224
3435, 130
3460, 305
3483, 294
3434, 207
3459, 591
3482, 146
3520, 303
2254, 624
2156, 325
2144, 632
4852, 45
5081, 21
5080, 5
5077, 20
2075, 449
5069, 5
2074, 355
2049, 420
2067, 262
5067, 11
5085, 37
5082, 13
3644, 89
3691, 386
5086, 37
505, 193
4985, 9
3282, 108
3486, 355
448, 267
1431, 1117
6518, 5
2385, 263
2363, 270
517, 512
4980, 27
1514, 472
1561, 772
2427, 107
3681, 85
2424, 217
1372, 2077
481, 1865
3671, 108
570, 260
1695, 211
6782, 2
3666, 161
2447, 167
3669, 386
1665, 469
1713, 249
2469, 105
583, 491
2480, 152
2616, 150
2619, 166
1780, 549
2639, 239
2109, 357
2111, 1033
494, 408
3790, 113
4408, 57
3777, 203
4407, 110
4409, 11
4399, 40
3281, 175
3794, 157
4397, 33
4137, 143
4148, 53
4744, 14
1902, 264
2005, 218
7092, 8
2006, 273
2250, 408
3969, 40
3971, 66
4095, 108
2727, 179
2249, 877
2047, 321
2050, 446
7137, 16
511, 153
1888, 239
1774, 386
521, 159
4050, 265
1966, 239
1796, 295
6883, 4
1786, 257
6873, 4
1794, 572
1859, 183
1763, 240
1765, 356
6852, 2
1773, 142
1776, 288
1754, 809
4005, 62
230, 483
5317, 246
4052, 345
1778, 242
5585, 21
498, 220
1792, 140
2534, 69
297, 455
5606, 15
519, 1337
1862, 226
1967, 282
1878, 260
1981, 166
1980, 138
7067, 4
2326, 287
1971, 92
1911, 131
1983, 165
1965, 153
7052, 7
2011, 186
1992, 263
516, 819
513, 230
2059, 660
7146, 4
2092, 502
2179, 905
2148, 356
2337, 270
2089, 456
2157, 504
5545, 18
458, 276
3046, 46
4155, 81
3051, 222
2183, 510
1841, 220
6928, 2
2117, 424
4059, 98
3934, 64
3937, 46
3889, 48
3961, 110
3966, 43
3963, 90
4034, 66
2395, 548
4042, 27
3379, 435
3397, 341
4049, 199
4058, 121
4045, 34
4048, 307
4043, 73
4025, 121
4044, 47
3507, 475
3594, 282
4039, 99
4041, 119
500, 298
1977, 408
3867, 139
4047, 219
4024, 76
4002, 86
4030, 44
3965, 68
3972, 60
3976, 95
4065, 82
4046, 40
3944, 132
3929, 22
4023, 180
4035, 69
4040, 113
2422, 228
2313, 237
2312, 398
2115, 678
2314, 345
2722, 157
1743, 276
4028, 72
3157, 34
2286, 437
2159, 391
2147, 383
2504, 124
2494, 398
524, 764
2404, 253
3182, 48
2631, 96
2434, 239
2563, 97
2290, 388
2546, 156
2481, 113
2522, 92
2545, 67
2496, 229
4213, 32
2764, 140
3154, 68
2766, 116
2457, 809
2688, 63
2687, 92
2698, 106
2615, 84
3195, 61
2874, 268
4202, 51
4205, 83
3196, 159
4207, 47
3190, 57
4191, 40
4196, 15
4198, 101
2361, 320
3199, 70
4201, 92
4189, 61
2635, 155
1507, 766
4199, 105
4192, 38
3377, 308
5617, 33
530, 419
3181, 96
3368, 200
3162, 95
3372, 408
5591, 11
504, 216
3698, 179
3736, 174
2806, 135
1586, 748
1844, 234
6931, 17
496, 414
4210, 19
580, 1155
3504, 122
1495, 740
6582, 7
4244, 101
1872, 279
2922, 184
4246, 242
4249, 260
1685, 303
4412, 11
3597, 81
4176, 55
4177, 71
4413, 89
4165, 47
3723, 102
3451, 376
3105, 83
2466, 178
2467, 172
251, 181
5338, 6
1829, 307
6916, 4
2963, 98
4396, 57
4378, 316
2980, 72
2929, 120
3004, 61
2474, 177
3008, 36
3005, 36
514, 347
3648, 217
3647, 489
3081, 54
4389, 13
3111, 188
2449, 306
4414, 25
485, 530
3087, 65
3070, 43
3049, 94
3074, 43
2570, 120
507, 263
5594, 13
2920, 77
2931, 169
3018, 289
3034, 99
3038, 106
4415, 55
2988, 63
3006, 61
2991, 66
3086, 96
3080, 26
2342, 136
2073, 378
2438, 147
2199, 459
1491, 1079
2873, 176
3370, 314
2890, 54
2876, 312
1775, 410
2817, 114
3022, 107
2629, 87
3469, 158
2973, 81
3742, 353
3140, 159
3150, 62
2034, 241
3722, 135
3152, 70
2400, 198
2398, 241
2394, 341
2583, 214
2437, 316
3044, 106
3033, 93
2463, 431
2689, 104
2625, 99
2659, 112
3807, 66
3448, 604
2633, 145
3733, 254
2491, 116
2999, 46
2667, 149
2280, 221
2558, 150
2594, 133
2580, 254
3802, 137
3189, 268
2772, 404
3440, 275
3764, 328
4587, 13
2656, 228
3097, 38
3477, 612
2736, 147
3809, 23
3515, 957
3820, 46
1442, 861
3186, 60
3170, 114
3800, 275
4519, 65
2833, 93
3273, 161
1672, 490
6759, 5
474, 750
5561, 5
240, 198
3805, 113
221, 196
5308, 7
3284, 121
4516, 35
3286, 149
3266, 59
1706, 503
4513, 25
3268, 110
3841, 43
3274, 62
4435, 57
4380, 182
3319, 60
3745, 259
2002, 299
7089, 4
598, 504
585, 5795
479, 3349
1800, 275
6887, 1
1973, 241
7060, 1
1972, 75
1993, 152
1851, 202
6938, 14
1991, 356
450, 282
2087, 270
1850, 187
6937, 8
1912, 207
1961, 102
3932, 21
1909, 290
1895, 284
1970, 120
3295, 212
2205, 438
1802, 331
6889, 1
1767, 334
6854, 1
1885, 312
6972, 2
3705, 93
1939, 213
7026, 4
1839, 128
6926, 1
2026, 160
3952, 70
2247, 263
2158, 374
2224, 604
3920, 128
3735, 176
2680, 78
3408, 233
3732, 190
3704, 108
3916, 103
3905, 49
3771, 278
3330, 290
3404, 175
3476, 164
3494, 222
3484, 123
2838, 127
3768, 87
2932, 200
3455, 530
1958, 125
3687, 79
3514, 615
3432, 185
3423, 316
3215, 54
3412, 236
3508, 157
3792, 220
2352, 318
2097, 194
1830, 158
2343, 237
2497, 279
2490, 220
2456, 436
3326, 457
2738, 84
3344, 334
2705, 220
3645, 80
3795, 230
3342, 431
3481, 316
2763, 118
2566, 169
3346, 94
3345, 125
3846, 98
3503, 218
3791, 135
3674, 85
2924, 272
2860, 188
2925, 211
3472, 432
2898, 77
3811, 92
1436, 1159
4006, 42
3007, 50
3479, 352
2958, 65
2881, 107
2989, 102
3473, 814
4036, 101
4698, 26
3495, 196
4675, 27
3567, 324
3699, 56
3883, 64
4691, 19
1499, 713
6586, 7
1569, 988
3849, 258
4690, 21
3523, 348
3603, 126
3577, 231
3556, 144
3917, 125
3527, 257
4066, 158
3526, 164
3337, 385
3505, 123
3465, 299
3159, 88
573, 605
578, 783
3592, 271
3462, 545
3485, 111
1799, 292
1471, 738
3570, 83
1832, 304
1834, 134
3627, 78
1737, 204
3454, 741
2068, 456
3115, 72
4067, 287
2819, 92
4063, 156
3925, 387
3712, 106
3678, 96
3713, 114
1883, 210
3363, 152
3689, 123
3438, 392
3385, 207
2771, 533
3715, 165
3387, 63
2968, 46
3407, 452
3366, 303
3398, 159
3365, 59
3417, 171
3717, 653
463, 223
3278, 46
2448, 155
2451, 176
3718, 491
3655, 191
3333, 99
4091, 261
2263, 353
2576, 162
2574, 169
4732, 21
3164, 501
3692, 337
3693, 488
2489, 213
3175, 116
3341, 300
3343, 265
3302, 357
3211, 60
3349, 302
3336, 228
3835, 133
3836, 84
2636, 152
3936, 40
2606, 231
2918, 130
482, 626
4800, 13
495, 654
492, 486
490, 1461
510, 395
523, 339
575, 274
584, 3362
487, 2881
518, 382
4804, 41
4031, 54
508, 226
491, 290
5578, 17
3898, 157
522, 579
2856, 198
3895, 373
3897, 150
2848, 73
2849, 230
2826, 172
1960, 108
1768, 310
2786, 450
2781, 97
2328, 328
4056, 115
4057, 79
3616, 224
1783, 235
1815, 267
6902, 2
1752, 331
1791, 354
1835, 364
2082, 207
1904, 150
2470, 283
2380, 328
2962, 146
2702, 100
2632, 91
2256, 418
2804, 156
2739, 156
2674, 86
2795, 192
3553, 427
3866, 90
2730, 122
2857, 199
2900, 135
2867, 90
3853, 72
3518, 117
4088, 113
3457, 355
2862, 104
4112, 109
2799, 229
3629, 626
3535, 221
3863, 388
3073, 69
3072, 46
3519, 168
2896, 73
3628, 180
3496, 366
3369, 268
3352, 167
3810, 120
1705, 335
3908, 52
3557, 626
3531, 221
1653, 436
3539, 272
1691, 204
3537, 253
1988, 255
3910, 89
3688, 159
1827, 329
1803, 228
3334, 320
2482, 212
1893, 180
4273, 133
3411, 188
2051, 572
2032, 337
3598, 162
3414, 93
3395, 231
3609, 178
3964, 37
4944, 6
3618, 458
3828, 86
3721, 80
3710, 157
4320, 72
3509, 342
4939, 60
3947, 93
3948, 67
3928, 49
4146, 29
4947, 29
4363, 19
4946, 4
4945, 30
4937, 19
4496, 46
2264, 428
4483, 24
4009, 149
4160, 141
4206, 58
3958, 189
4291, 14
4647, 26
4700, 25
4608, 20
4611, 23
1990, 322
4592, 12
4590, 30
4588, 13
4688, 12
4336, 14
4776, 28
4774, 17
209, 199
5296, 1
1870, 150
6957, 15
4442, 15
1935, 171
7022, 1
4289, 24
2756, 163
1962, 243
2769, 264
2431, 102
4139, 79
2643, 75
2541, 93
2665, 121
4133, 19
2537, 116
1809, 249
4311, 16
2894, 175
4382, 70
4799, 69
4366, 39
2794, 108
4360, 21
2834, 112
4368, 19
4352, 19
2839, 171
4362, 45
4477, 29
4364, 52
2850, 104
2872, 110
4428, 41
4457, 40
4232, 245
4598, 5
4780, 10
4755, 8
4786, 12
4784, 56
4766, 15
4767, 49
2571, 101
2383, 267
2371, 286
4668, 12
1724, 560
4453, 39
2070, 498
2880, 110
4432, 31
1761, 271
1849, 456
6936, 16
4850, 17
2042, 302
4632, 17
1968, 422
4826, 8
4520, 27
2061, 378
4277, 216
4444, 50
4276, 229
4299, 110
4845, 8
2063, 321
7150, 2
4443, 65
4441, 31
4844, 12
4439, 22
4298, 104
4297, 60
4296, 29
4599, 11
4601, 25
4300, 53
4302, 93
4445, 127
4115, 84
4118, 298
4230, 47
4142, 47
4143, 42
4454, 19
4231, 402
4147, 34
4144, 49
4215, 45
4602, 12
4234, 316
4211, 67
4603, 22
4224, 67
4167, 154
3573, 168
3584, 476
4227, 54
4226, 14
4170, 707
4195, 45
4228, 53
4054, 92
4186, 66
4214, 21
4149, 37
4140, 170
4156, 129
4577, 22
3580, 225
4463, 21
4128, 64
4114, 43
4235, 53
4200, 16
3146, 42
4179, 133
1871, 233
1982, 263
2315, 200
2476, 139
4219, 94
3602, 80
4216, 50
4461, 33
2357, 360
2376, 237
4070, 31
3248, 119
2287, 382
4539, 23
4096, 50
4981, 7
4585, 45
4557, 11
4089, 118
4092, 160
4094, 39
4135, 72
3400, 489
4100, 102
4090, 121
4864, 16
4558, 5
4101, 71
4097, 98
4102, 190
4103, 112
3436, 158
4559, 13
4905, 24
4561, 11
3323, 145
4567, 66
4896, 23
4266, 64
4163, 37
2868, 75
4274, 106
4159, 90
4175, 44
4280, 107
4188, 79
1601, 578
4279, 74
3429, 121
4157, 75
4278, 109
5011, 29
3169, 72
4806, 15
2985, 66
3001, 439
4638, 71
3297, 267
4221, 97
4609, 17
2104, 329
4514, 59
3521, 223
1999, 144
1986, 179
3546, 427
3458, 215
4271, 64
4853, 29
3576, 85
4253, 82
4530, 36
4851, 40
3587, 126
4849, 4
4706, 23
4543, 13
4764, 8
1699, 463
3525, 382
4743, 21
4717, 49
5020, 37
3582, 275
2245, 268
5016, 52
4913, 13
4350, 53
3552, 352
3534, 193
3562, 149
3901, 78
3888, 22
4367, 41
3565, 959
3563, 1006
4909, 37
4725, 22
3885, 268
2282, 540
1812, 225
1927, 288
2331, 237
4377, 43
4372, 313
1997, 413
2379, 224
3784, 86
3782, 64
3724, 218
2265, 412
2248, 349
2284, 363
2221, 290
3653, 196
4190, 51
4158, 42
4152, 229
3980, 69
4941, 11
4153, 559
4108, 99
3831, 183
4079, 47
4113, 84
4068, 191
4064, 121
2533, 176
5045, 34
2279, 266
1956, 120
5044, 9
4490, 25
5046, 8
4491, 9
4900, 16
5047, 6
4522, 19
2307, 263
2253, 304
3998, 60
5037, 9
2323, 326
2298, 274
2316, 331
4524, 11
3988, 64
4523, 41
4026, 41
4511, 31
4518, 8
2216, 319
4578, 25
2696, 75
4605, 8
3890, 99
2003, 328
2835, 116
2557, 83
2436, 297
2300, 336
2630, 94
2818, 94
4986, 35
2729, 97
2934, 122
2935, 62
2878, 96
2581, 117
3837, 38
4916, 24
4918, 42
4099, 109
4975, 17
4796, 24
4677, 11
4983, 9
4793, 54
4775, 19
4756, 12
4171, 103
7085, 9
1998, 465
4080, 101
4081, 43
4082, 111
4169, 227
4172, 49
4104, 68
4107, 324
4166, 159
3658, 179
4788, 23
3611, 93
4116, 233
4130, 62
4109, 207
4134, 27
4161, 27
3979, 87
4124, 63
4084, 41
2433, 95
4062, 113
4110, 60
4141, 52
4154, 160
4164, 155
4790, 33
4924, 9
4174, 71
4777, 7
4485, 45
2333, 295
3375, 197
3887, 32
3912, 600
4105, 323
2971, 58
2889, 75
3907, 137
3756, 190
3903, 38
3902, 66
4972, 41
3741, 168
3739, 72
3388, 382
3234, 68
3383, 211
3641, 79
4685, 15
3643, 122
3913, 174
3649, 1101
205, 190
1963, 227
3463, 487
3574, 204
3532, 231
4019, 27
4053, 79
2941, 28
1949, 100
3399, 209
4073, 91
4907, 41
4818, 11
4321, 23
4319, 12
4307, 85
4326, 32
3290, 112
4993, 25
5042, 6
4328, 36
4994, 28
3367, 184
3329, 321
3307, 356
3318, 228
3269, 71
4327, 20
3506, 166
2311, 228
1711, 272
4963, 21
4955, 12
3571, 268
3575, 175
3402, 264
3707, 153
4017, 92
3982, 174
4055, 149
3351, 125
2653, 235
3983, 98
4263, 43
2953, 39
4123, 52
2861, 87
2961, 62
3761, 201
2864, 85
3776, 154
2875, 285
4016, 242
4132, 49
4911, 23
3851, 56
4335, 36
3760, 100
3541, 133
3589, 386
3748, 127
3857, 597
3094, 79
5084, 20
3844, 364
3670, 111
4417, 24
3192, 70
4949, 3
3353, 137
4316, 40
3608, 308
3747, 177
4431, 18
3746, 404
5060, 12
2203, 339
4270, 279
3872, 62
2555, 229
3578, 358
3763, 117
4173, 18
2865, 128
3813, 42
3942, 42
3773, 90
4303, 14
4220, 64
3775, 93
4269, 42
3882, 396
3930, 66
3911, 187
3785, 349
3252, 344
4969, 3
4265, 67
3938, 59
3830, 167
3827, 210
3832, 162
3871, 165
5005, 27
3869, 189
4480, 62
3308, 175
3305, 203
3289, 202
5033, 46
3922, 352
3237, 64
3848, 625
3894, 630
2593, 47
3241, 197
4236, 65
4458, 41
5064, 10
3875, 217
4459, 73
4460, 31
3878, 48
3880, 264
3904, 162
4438, 55
4349, 80
4218, 76
5012, 38
3714, 86
4183, 176
3239, 124
3617, 119
4658, 63
3634, 214
3650, 413
3651, 245
3840, 91
3317, 279
3874, 113
3945, 34
3852, 196
4410, 22
4618, 9
3986, 70
3939, 601
3957, 53
4406, 28
5021, 20
3886, 92
4745, 11
4395, 50
4471, 21
3787, 53
3870, 161
4535, 12
5008, 11
4950, 19
4704, 13
4223, 67
4553, 57
4824, 22
4814, 33
4832, 40
4990, 65
4345, 97
4682, 20
4347, 281
4679, 32
4355, 39
3960, 162
4660, 89
4374, 40
4356, 40
5048, 25
4521, 14
3207, 33
3229, 56
4478, 35
4416, 38
4486, 17
4925, 31
4515, 16
4961, 28
4741, 18
4546, 19
4958, 20
4960, 19
4469, 18
4962, 26
4740, 42
199, 49
4702, 32
4354, 61
4338, 46
4353, 65
4337, 43
4259, 35
4710, 18
4771, 9
5061, 46
5059, 10
3579, 75
3749, 166
4331, 37
4361, 87
4550, 23
4782, 8
4932, 36
4903, 41
3191, 66
4071, 186
4242, 233
4648, 64
4651, 20
4606, 11
3025, 64
4015, 602
4127, 23
4634, 16
4720, 16
4527, 41
4526, 24
4552, 20
4492, 24
4334, 22
4738, 13
4359, 89
4373, 24
3000, 377
4462, 104
3002, 121
4434, 32
3030, 182
4448, 71
4504, 66
2979, 99
4506, 23
3014, 51
4466, 15
4508, 111
3021, 125
3019, 210
4528, 23
4479, 21
4503, 59
4501, 233
4500, 317
4502, 259
4529, 36
4531, 10
3100, 53
4547, 21
