9609, 2
9608, 2
8556, 2
9605, 2
4828, 1
9603, 2
9683, 14
9602, 1
3619, 2
9799, 1
8881, 1
9769, 5
8475, 8
8012, 1
4932, 1
8011, 1
4919, 1
6403, 2
7693, 2
7692, 2
7771, 1
3681, 2
4521, 3
8710, 3
4795, 7
9698, 42
9630, 2
4881, 1
9872, 1
8428, 1
9234, 1
8029, 1
8254, 2
8255, 2
8256, 2
8257, 1
8709, 19
3290, 1
4555, 4
4803, 1
8169, 1
8170, 2
8171, 1
4523, 3
8621, 33
9942, 1
8264, 1
9133, 1
5527, 6
5182, 1
4534, 1
9636, 32
7496, 4
9704, 6
9441, 1
9014, 1
6181, 1
5640, 2
8005, 1
8472, 2
8470, 1
8468, 1
8466, 1
8464, 1
8462, 1
4530, 6
9150, 1
4532, 2
8245, 1
8004, 1
8915, 1
7484, 1
7485, 6
7486, 1
5714, 2
5715, 1
9606, 65
4689, 6
3744, 4
8594, 2
9601, 2
5786, 1
8595, 2
9604, 8
5787, 1
7225, 8
10053, 1
10052, 1
4807, 1
7574, 4
7687, 1
7573, 5
8632, 1
4910, 2
8371, 5
5687, 1
5689, 1
8369, 25
4983, 1
7406, 3
7403, 10
5408, 2
8970, 1
8423, 2
9614, 1
4494, 2
8422, 16
5003, 1
8420, 21
9607, 3
7365, 1
7349, 1
8419, 25
7334, 1
7970, 3
4235, 1
4981, 1
4040, 1
7694, 3
5360, 1
7695, 2
6877, 2
7255, 5
7972, 1
9321, 1
7187, 1
8686, 1
9520, 1
9516, 1
4474, 1
3778, 1
4470, 1
6684, 1
6714, 1
7874, 1
7872, 1
7901, 1
6701, 1
4253, 1
9473, 1
3733, 1
7867, 1
6657, 1
7865, 1
7374, 1
6641, 1
4475, 1
4484, 6
7371, 2
4471, 2
6647, 1
9486, 1
9585, 3
9848, 1
5036, 5
9583, 1
4239, 1
8259, 1
7129, 1
9581, 1
7269, 1
7684, 1
9613, 1
7319, 1
7193, 40
7194, 15
4754, 1
7263, 16
5255, 1
5242, 1
3476, 1
5090, 1
9337, 1
5076, 1
9327, 1
5063, 1
9317, 1
5050, 1
9307, 1
9295, 1
6879, 1
9283, 1
6864, 1
9832, 3
3378, 1
9269, 1
9830, 1
4697, 2
6937, 1
9126, 1
9887, 1
9645, 1
7498, 4
4303, 1
4746, 2
7591, 1
4296, 3
7655, 7
4743, 4
7430, 1
7448, 1
7049, 1
7440, 1
4188, 1
9375, 1
9163, 2
7611, 1
7012, 2
3813, 2
3444, 1
4542, 1
7537, 1
9230, 1
6453, 1
7742, 2
3952, 1
4404, 2
6896, 2
8188, 1
6895, 1
4283, 1
3768, 1
6678, 1
6890, 1
8182, 1
6889, 2
6888, 2
6887, 2
8179, 1
8178, 2
8526, 1
8175, 2
9497, 2
9495, 2
4150, 1
7579, 1
7234, 1
7288, 1
9093, 1
7285, 1
9582, 1
9219, 1
4003, 38
7974, 1
8907, 1
4294, 19
7108, 1
4435, 3
10196, 1
8905, 1
8372, 1
8360, 1
5968, 15
5980, 1
8336, 1
5983, 2
8350, 1
7300, 1
6871, 1
4080, 3
6238, 1
6237, 1
6087, 1
4206, 5
6075, 1
6063, 1
6052, 1
6030, 1
4212, 1
7456, 1
4218, 1
7115, 1
6624, 1
5899, 2
8205, 1
8193, 1
5898, 4
8168, 1
8155, 1
5935, 6
8974, 1
5934, 7
4254, 17
6933, 1
6633, 1
8001, 1
4222, 1
7662, 3
3312, 10
3313, 1
7165, 34
7171, 5
4132, 1
4133, 1
7240, 1
3808, 1
8979, 5
6706, 3
8983, 5
8984, 18
8985, 32
7838, 1
7159, 1
3421, 3
4238, 1
6908, 2
4309, 1
4075, 1
7075, 1
4157, 7
6638, 5
7877, 1
5912, 1
6857, 1
6133, 1
5920, 2
8147, 1
9349, 1
6443, 1
9350, 1
6441, 1
8144, 1
9351, 1
6439, 1
8143, 1
10067, 1
6437, 1
9010, 1
10066, 1
7014, 6
6837, 1
3788, 2
6019, 4
3591, 3
5607, 1
6681, 23
6825, 1
5608, 2
3530, 1
6418, 1
6001, 1
3654, 2
6839, 1
8876, 1
6331, 2
6856, 2
9005, 1
10061, 1
9061, 1
10060, 1
9060, 1
8093, 1
10059, 1
5440, 1
5431, 1
10016, 1
6307, 20
5351, 1
8490, 1
6263, 1
4125, 5
6884, 4
8572, 1
8558, 2
6987, 2
5385, 1
9958, 2
3702, 2
7905, 11
6759, 1
5824, 1
6699, 3
6959, 1
6885, 1
6886, 19
4639, 18
2967, 5
5513, 1
6081, 2
9178, 3
9179, 2
9180, 2
9183, 1
9186, 1
5253, 2
9181, 2
5252, 1
6461, 1
6698, 1
6745, 1
6586, 1
8330, 1
9735, 1
6551, 3
3736, 15
3705, 5
8817, 1
3735, 1
3734, 7
6554, 6
5094, 2
5096, 2
5097, 2
5099, 17
5268, 1
7015, 1
5101, 16
5100, 15
4967, 1
6941, 2
6940, 2
6939, 2
6938, 2
10093, 68
10209, 1
5800, 1
5353, 2
6035, 1
7062, 5
7523, 1
6054, 1
7061, 2
7729, 1
5880, 1
7777, 1
8596, 1
7500, 2
7778, 1
8600, 1
7709, 1
7488, 1
7779, 1
8604, 1
7699, 1
6571, 6
7809, 1
6650, 2
5070, 1
3079, 5
6472, 1
5875, 2
9854, 2
5870, 1
6761, 2
8480, 4
4252, 3
4859, 1
4792, 1
4801, 3
8479, 1
4783, 1
5879, 2
4784, 2
4780, 2
10237, 1
4804, 1
4805, 1
4811, 1
5930, 1
6407, 3
9748, 1
6787, 2
5336, 1
10019, 1
6717, 1
5335, 1
7366, 2
8086, 2
8077, 1
3765, 1
5758, 1
7696, 2
7604, 1
7380, 2
7697, 2
8536, 1
7594, 1
7368, 1
5757, 2
8752, 1
7584, 1
7356, 1
7355, 1
8543, 1
8900, 1
8899, 1
8550, 1
7551, 1
8555, 1
7542, 1
8874, 1
6362, 2
5095, 2
8864, 1
8863, 1
8850, 1
5833, 1
6469, 9
7122, 3
5322, 7
8373, 1
5308, 3
5326, 5
6702, 1
6728, 1
6512, 10
6011, 1
6723, 2
6722, 1
5418, 1
6006, 1
8922, 1
4708, 1
5413, 4
7816, 1
7907, 2
7908, 1
6018, 1
7910, 2
6005, 5
7911, 1
7912, 1
7913, 1
7914, 1
7915, 1
2852, 34
7916, 1
5966, 1
5954, 1
7919, 13
7920, 18
5942, 1
7921, 1
7922, 1
5801, 1
7923, 1
5789, 1
5775, 1
6319, 1
4733, 1
8786, 11
9618, 1
5602, 1
4970, 1
5297, 1
10149, 1
5771, 1
5066, 1
5476, 1
4598, 1
8173, 1
8405, 2
4490, 4
6112, 1
4488, 4
6109, 2
4487, 2
4485, 8
5526, 1
4482, 4
5519, 4
6459, 5
8362, 2
6452, 7
5393, 1
6814, 1
7866, 1
5368, 2
5369, 2
5464, 3
5620, 1
5481, 1
5482, 2
4191, 1
5485, 2
5486, 1
5489, 3
6473, 17
5928, 2
5952, 1
7917, 2
4417, 2
10174, 1
4221, 2
6312, 2
4797, 3
5467, 1
6854, 2
4421, 1
6045, 1
8655, 1
4869, 1
8180, 2
4654, 4
4346, 1
5231, 1
4344, 1
8181, 4
4320, 3
8818, 1
4441, 2
6239, 3
4893, 5
7005, 1
7006, 1
7007, 1
7008, 1
7009, 1
7010, 1
7011, 1
7018, 1
7019, 1
7021, 5
5456, 11
3999, 1
4997, 2
3773, 2
3818, 15
4293, 5
6192, 1
5886, 1
3798, 2
3903, 1
9721, 3
9286, 1
3149, 2
4636, 10
7002, 1
7004, 14
6676, 3
6608, 1
4758, 32
6008, 4
8129, 2
4741, 8
6027, 17
7259, 13
7257, 1
4554, 1
5395, 1
8139, 6
10104, 3
10103, 6
10054, 6
5171, 1
5743, 3
6124, 1
4646, 57
7065, 8
4623, 2
5695, 14
7121, 1
4771, 5
4772, 9
3581, 4
10100, 1
8117, 18
5860, 2
8118, 13
5536, 1
8119, 29
4926, 1
5619, 3
5727, 4
7918, 2
9228, 1
8705, 1
9155, 1
8692, 1
8913, 1
5394, 1
8810, 5
8808, 2
5961, 1
10146, 4
8805, 3
8807, 1
5314, 2
8774, 2
5497, 4
8047, 1
4291, 4
6484, 1
8436, 4
8703, 1
6584, 1
5441, 1
4178, 10
2920, 1
6415, 2
6413, 11
8978, 3
8241, 1
8239, 5
8691, 1
8251, 1
8783, 3
8025, 3
6821, 1
3771, 3
7054, 13
7056, 2
7059, 13
7060, 18
9024, 7
3592, 1
7048, 4
4295, 1
8853, 1
7045, 2
9860, 1
7044, 1
5018, 1
8658, 2
3944, 1
7043, 2
8934, 1
7042, 8
7046, 8
4395, 1
6875, 1
3647, 1
6776, 1
3282, 1
4872, 1
8878, 1
8106, 1
4261, 1
4380, 2
4258, 20
7112, 8
6445, 3
6446, 1
6458, 17
5328, 1
4227, 1
6670, 2
3298, 2
7022, 16
9877, 1
8589, 1
9850, 1
9840, 2
6356, 1
6332, 1
9556, 1
6308, 1
9386, 1
9555, 1
7415, 1
4273, 4
6408, 1
4701, 5
6273, 1
9377, 1
9546, 1
9376, 1
6123, 2
6627, 1
6672, 1
6712, 1
2921, 8
5447, 1
3572, 6
9512, 2
6560, 1
7246, 1
5215, 1
5739, 2
2896, 3
5683, 1
9135, 2
9134, 1
9136, 1
4057, 1
8083, 1
4694, 1
9047, 1
3769, 1
4067, 14
4068, 2
4069, 1
5538, 2
4988, 6
3945, 29
4316, 1
4046, 4
4855, 6
4894, 2
8819, 1
4880, 2
4865, 1
7050, 2
7124, 1
9233, 1
7125, 8
8824, 4
4822, 4
7127, 1
8825, 1
4810, 1
4260, 3
3554, 2
3831, 24
7222, 14
7223, 2
9175, 10
3809, 1
8233, 1
5211, 1
4274, 2
7072, 1
4657, 1
7073, 1
3726, 1
8789, 1
4644, 1
8790, 1
8791, 2
8792, 1
4608, 1
8793, 1
8794, 1
8795, 1
8801, 1
3680, 5
3698, 4
6483, 1
4104, 1
4136, 2
5959, 17
4216, 2
3505, 4
4211, 16
4213, 9
4757, 2
2815, 7
4829, 1
7939, 1
7938, 1
5053, 1
5025, 1
7936, 4
4790, 1
3604, 2
4089, 1
6815, 1
7947, 1
6813, 1
7946, 2
7945, 3
5768, 3
5871, 1
9500, 1
6187, 1
5869, 2
6381, 1
6386, 1
9101, 1
8078, 2
6282, 2
7982, 1
6179, 1
3569, 1
5039, 2
3905, 1
5038, 1
3916, 2
4092, 1
5859, 37
3499, 3
6235, 1
3965, 7
3574, 2
6794, 1
7930, 1
7929, 4
7928, 4
7927, 4
6786, 2
7926, 2
7925, 2
8507, 1
6108, 2
3353, 1
7476, 4
7478, 8
2791, 18
4609, 1
2963, 17
3869, 2
3870, 2
3640, 2
3873, 8
3580, 1
5985, 1
8750, 4
5987, 2
7439, 2
3775, 2
7437, 7
2798, 6
7707, 1
8204, 1
4958, 3
8000, 1
5494, 4
5993, 5
4327, 3
4331, 1
3924, 6
5994, 6
8667, 7
3022, 1
8674, 13
6348, 1
5881, 5
8672, 12
8699, 1
8694, 2
8697, 21
4809, 1
8651, 1
4193, 1
9355, 1
9356, 1
9357, 1
9358, 1
5520, 3
9360, 1
5521, 1
9362, 1
5523, 1
3959, 3
5524, 1
7710, 1
4311, 13
6709, 1
6240, 8
6310, 6
4815, 1
6620, 1
8856, 2
5379, 1
4889, 2
5977, 1
5302, 1
5941, 2
9226, 1
4630, 1
6750, 1
3367, 4
3859, 4
5556, 3
3761, 1
5566, 1
5567, 3
6691, 3
5569, 1
3857, 8
3701, 4
3411, 19
6247, 1
3382, 7
8788, 2
6252, 1
5525, 1
2848, 2
7527, 1
4353, 1
3274, 4
5724, 1
9065, 1
4650, 1
4045, 2
3124, 8
3151, 3
7017, 1
8501, 1
8597, 7
8564, 1
7994, 1
5676, 1
6151, 1
7747, 2
7745, 1
7744, 1
4624, 2
4632, 2
4596, 3
6315, 3
6317, 4
6144, 1
6318, 4
4868, 1
6320, 3
6142, 1
6321, 2
6141, 1
6322, 2
6323, 4
8206, 9
4324, 6
6031, 4
6590, 4
5669, 5
7963, 1
4500, 4
4519, 2
6159, 1
6377, 1
5713, 3
4335, 2
8415, 2
4504, 3
4503, 4
7511, 36
2746, 18
7133, 1
5306, 1
3935, 4
8413, 1
8412, 1
8670, 1
4975, 2
8400, 1
8399, 1
8683, 2
4976, 2
8680, 1
8678, 2
7271, 1
4184, 4
7479, 1
9866, 2
5376, 1
8481, 1
6248, 1
2764, 3
4126, 5
8767, 2
4525, 2
10062, 1
5239, 2
4097, 3
4169, 3
5453, 10
4093, 12
10141, 2
4054, 6
4006, 1
7214, 1
5605, 3
5377, 2
5365, 1
5606, 2
7388, 1
7390, 1
8622, 1
8625, 1
5601, 1
5364, 1
3224, 5
3216, 2
8314, 2
3814, 3
4516, 2
8590, 1
4124, 3
5428, 1
3970, 1
5690, 2
9902, 1
5170, 2
5174, 1
10038, 5
7081, 2
8425, 1
8987, 12
7080, 2
7503, 1
7886, 1
9729, 12
3111, 14
7884, 2
9727, 10
3455, 6
4099, 1
7107, 28
7324, 1
5363, 3
7320, 8
7909, 3
5974, 1
6225, 2
4305, 1
7084, 22
8444, 6
4015, 4
5995, 1
6145, 2
6991, 1
3985, 31
4044, 1
7258, 3
3453, 4
7719, 2
6962, 1
6952, 7
5545, 1
4643, 1
7565, 1
4577, 2
5671, 3
4026, 3
4018, 1
3752, 1
3390, 5
3388, 12
7383, 1
5091, 2
7876, 2
9997, 1
6184, 1
5359, 1
6044, 2
6029, 1
7362, 2
3537, 9
5636, 3
8149, 1
6217, 2
8511, 2
8539, 9
8523, 6
8524, 10
8533, 1
8531, 1
4528, 3
8532, 2
8534, 3
7142, 3
6826, 1
3885, 7
6898, 1
8051, 1
7713, 2
2937, 21
3976, 2
6805, 2
4473, 23
8389, 2
8401, 1
5921, 1
6792, 2
4963, 1
6795, 39
7311, 1
2752, 7
2736, 6
2726, 6
7130, 1
6034, 1
7290, 1
2780, 46
4774, 20
4788, 3
6725, 1
3631, 6
3630, 11
8379, 8
6595, 1
4495, 1
4498, 1
4499, 2
4588, 2
4589, 1
2770, 5
5590, 1
8917, 4
4604, 2
9598, 2
7708, 3
3496, 30
4393, 9
4852, 11
4842, 3
9932, 1
9928, 1
6737, 2
5623, 1
3043, 3
3042, 25
3356, 1
3599, 3
8295, 21
4621, 1
8300, 14
4562, 3
4561, 1
4571, 2
4570, 1
6969, 1
6968, 3
5672, 1
4572, 3
4507, 2
4728, 27
8237, 1
6687, 1
6653, 1
7875, 2
8238, 5
3249, 6
6572, 8
4454, 1
4453, 2
4452, 1
4451, 3
4450, 1
4448, 1
8499, 1
6811, 2
6812, 2
6816, 2
6817, 3
6818, 2
3371, 2
4234, 1
9886, 1
4187, 1
4553, 1
8064, 1
4502, 3
7117, 3
4195, 11
6809, 1
3525, 3
4263, 1
5199, 9
9725, 5
9720, 8
5240, 14
5238, 3
9529, 1
6731, 1
8145, 1
5522, 55
4166, 6
5544, 19
5143, 11
9875, 1
4945, 2
4016, 1
4834, 9
5697, 2
7675, 1
4255, 4
8115, 1
3081, 10
9418, 1
8138, 49
7528, 1
2955, 4
3852, 18
4329, 1
5585, 10
3861, 13
8505, 1
4242, 6
5584, 1
4229, 2
4481, 7
4224, 1
7325, 12
4096, 6
4315, 6
3856, 7
6705, 1
3393, 6
3379, 1
3120, 9
6300, 1
3981, 2
9792, 1
9836, 1
4288, 2
8467, 1
4012, 3
8146, 27
9380, 2
3961, 33
9379, 1
5443, 3
9378, 1
3960, 7
4151, 9
6835, 1
3431, 14
7363, 5
6616, 2
5205, 2
6615, 2
6614, 1
3699, 6
5382, 3
4700, 1
7722, 1
6077, 1
4059, 9
3562, 3
6847, 3
4050, 5
4049, 38
8102, 2
8100, 11
5389, 1
5065, 1
4866, 3
6587, 1
5175, 2
5177, 1
5180, 2
8109, 1
4005, 4
4033, 1
6311, 1
5181, 1
4197, 5
5187, 1
5190, 2
8390, 26
6303, 1
5343, 1
7858, 1
7855, 1
8570, 2
7853, 1
8568, 1
9623, 18
9627, 9
7851, 1
7849, 1
8393, 12
8392, 2
2739, 32
3922, 1
3932, 14
3954, 2
6785, 1
7199, 30
4725, 4
4569, 3
2725, 11
6989, 1
6313, 2
6220, 1
6205, 1
5125, 2
3214, 14
9763, 1
4702, 3
8014, 1
7966, 1
3047, 11
4336, 4
3633, 2
5883, 7
7835, 1
7833, 1
7831, 1
7829, 1
7827, 1
8383, 33
3940, 19
8282, 1
3497, 1
7452, 1
2749, 2
6421, 4
6427, 8
4566, 10
3103, 4
4819, 4
4599, 3
6460, 1
4497, 2
4398, 1
6601, 2
4443, 2
7294, 44
4445, 3
4565, 3
7354, 9
7091, 1
7209, 11
7208, 5
7207, 2
9369, 1
4362, 1
7265, 2
9370, 1
4360, 4
3193, 10
4455, 5
4457, 1
4459, 1
4462, 1
4463, 6
4461, 4
7260, 61
6434, 1
4458, 1
7321, 1
4582, 3
7322, 13
3098, 8
9363, 1
9364, 3
9390, 1
9391, 1
7178, 24
9392, 1
7177, 8
9393, 1
7176, 2
8267, 2
7175, 2
8269, 2
7174, 2
8271, 2
3504, 5
7173, 3
3093, 4
7539, 5
4539, 1
9574, 1
4000, 4
3776, 2
5805, 1
4888, 1
3347, 4
3348, 11
3064, 1
4354, 1
5424, 7
2849, 3
4162, 12
5504, 3
6872, 1
5610, 3
6865, 1
5609, 1
5491, 1
6873, 9
7312, 4
3276, 2
4446, 3
4438, 7
4436, 1
4433, 2
4449, 3
4444, 9
7239, 70
4687, 3
7313, 29
5309, 3
3082, 5
4718, 2
7289, 1
5719, 1
7316, 1
6649, 1
8313, 1
3772, 2
3746, 17
3519, 6
5583, 1
7733, 1
3258, 5
5406, 1
4663, 1
7262, 51
4683, 12
4564, 16
4685, 2
4568, 3
4986, 1
7058, 29
7381, 1
4567, 3
6455, 2
6456, 2
4987, 7
3188, 19
6457, 2
7057, 16
2935, 14
7641, 1
3588, 4
5864, 2
8281, 1
7068, 2
3800, 3
3915, 3
5537, 1
5244, 8
5402, 4
5822, 1
3730, 9
3719, 15
8292, 1
7216, 1
5375, 1
2972, 8
3520, 9
2732, 105
3060, 7
4992, 1
2884, 3
5391, 96
5411, 4
4042, 13
6193, 1
8288, 1
4060, 2
5477, 5
7985, 1
5471, 17
5473, 6
5514, 2
4304, 2
9489, 2
9492, 1
6450, 28
6463, 2
7137, 1
9493, 9
9494, 5
7146, 4
7145, 1
5444, 9
9496, 22
6677, 1
4219, 4
4220, 3
9098, 1
5374, 8
5388, 21
9449, 3
7673, 1
5600, 2
2782, 12
7547, 3
9482, 4
5092, 3
9491, 1
2860, 21
2987, 21
5173, 1
2760, 47
7104, 6
6948, 1
4750, 5
9656, 1
4469, 3
3618, 5
3620, 2
3324, 2
5349, 4
3122, 20
3942, 16
5356, 2
5348, 2
9750, 1
6621, 1
9414, 1
3284, 7
6449, 1
7360, 4
4032, 13
2586, 8
6679, 2
5630, 2
3375, 6
7359, 11
5668, 9
7937, 2
2761, 21
9452, 1
5269, 8
5267, 6
3077, 1
2946, 27
7198, 1
3724, 4
3474, 19
3714, 3
4081, 3
3075, 1
3573, 10
5319, 1
3707, 3
3835, 18
5178, 1
4549, 2
3427, 3
4023, 2
3428, 6
9400, 1
5677, 9
8030, 1
5678, 8
3450, 5
3471, 3
7037, 1
5675, 14
3387, 3
6095, 1
6093, 1
6136, 9
9342, 2
6135, 22
7169, 1
6055, 1
6071, 3
6053, 1
6074, 2
6134, 2
9325, 1
7934, 1
6132, 1
5530, 1
5184, 3
5532, 6
6079, 10
5111, 1
5167, 3
6078, 1
6051, 1
4361, 1
9365, 2
6153, 2
8108, 3
2799, 5
5651, 2
5006, 4
3593, 4
3434, 30
5614, 1
2847, 4
3602, 7
3608, 8
4379, 1
2776, 6
4153, 2
8065, 1
8052, 2
8039, 1
7955, 1
7943, 2
5401, 2
7735, 1
7132, 1
3703, 5
5004, 12
5807, 3
5811, 3
5813, 1
2704, 10
7716, 1
5644, 2
6138, 4
5818, 2
4886, 3
4877, 4
3487, 26
6838, 14
5737, 4
7432, 7
7425, 1
5725, 2
5400, 1
5998, 1
9266, 1
6152, 2
5311, 2
7063, 3
6149, 1
5511, 1
5777, 1
7842, 1
6841, 2
2957, 48
4705, 4
6157, 3
4904, 4
5691, 4
3609, 1
3617, 12
5032, 1
1079, 273
6166, 1
2004, 226
293, 108
12191, 1
1918, 550
1944, 169
7031, 1
12101, 2
1828, 85
1655, 301
173, 666
878, 258
1997, 561
2043, 136
2217, 37
2087, 122
2002, 200
1626, 62
6713, 25
2086, 105
2010, 182
1962, 533
1891, 91
1538, 83
1561, 143
1603, 78
2186, 207
190, 351
180, 272
2336, 24
11847, 4
1574, 71
1571, 83
2060, 259
2158, 94
1868, 132
1908, 342
1949, 199
2052, 68
1902, 171
1875, 190
1463, 95
1370, 154
1320, 367
1946, 134
7033, 4
1257, 388
6344, 3
866, 477
1940, 110
1922, 215
2082, 207
2066, 243
7153, 1
1584, 91
1913, 174
2149, 100
1861, 103
1860, 109
1410, 80
6497, 4
1933, 380
7020, 3
4025, 8
2238, 23
2243, 29
2133, 131
2245, 125
1894, 107
6981, 1
2131, 88
7218, 1
1228, 539
1127, 246
2306, 39
972, 167
985, 275
2294, 64
1019, 133
6106, 9
1017, 210
6104, 16
1769, 45
2143, 156
11323, 1
1050, 240
11249, 2
976, 205
1765, 85
2151, 331
2154, 329
2324, 33
2172, 76
3543, 9
3676, 6
1842, 110
1833, 158
1832, 180
1834, 123
1837, 190
3892, 4
1535, 88
10559, 1
286, 5440
5373, 1
2033, 50
2032, 90
3988, 4
1630, 41
3987, 9
2161, 153
2173, 15
1534, 139
12100, 1
1827, 59
6914, 1
2204, 66
1976, 85
1978, 386
1945, 133
1953, 404
7040, 1
1803, 193
2179, 31
2118, 345
1785, 46
1929, 192
1925, 842
1776, 66
1487, 119
1418, 103
1467, 95
1267, 245
6354, 2
1715, 348
6802, 1
1968, 241
1916, 183
1658, 25
1405, 66
1681, 91
6768, 2
1347, 190
1687, 113
1314, 274
1669, 53
2078, 348
1958, 611
1647, 39
1613, 67
2088, 295
1223, 535
1229, 534
6316, 24
1688, 43
1699, 34
1689, 61
1721, 44
1147, 333
1724, 63
1705, 68
2039, 131
7126, 22
2042, 81
1679, 91
1667, 31
6754, 1
1931, 286
1935, 178
1934, 218
1954, 848
7041, 1
11325, 1
1052, 211
1726, 85
292, 138
3782, 23
3359, 6
1900, 115
1897, 230
1903, 176
1901, 118
1543, 72
1786, 79
2334, 64
7421, 1
1772, 51
1896, 194
6983, 2
11024, 6
751, 886
5838, 1
1558, 76
1417, 150
1710, 45
3862, 15
1505, 90
1712, 55
6799, 1
1254, 345
6341, 1
3611, 48
1711, 52
6798, 1
1502, 41
11635, 1
1362, 133
1368, 107
1882, 151
1420, 57
1333, 261
1334, 233
11602, 1
1329, 290
1294, 466
2308, 108
2309, 361
7396, 3
1105, 181
1171, 306
1094, 116
1160, 524
2314, 66
11562, 1
1289, 279
6376, 19
1315, 323
2305, 61
2264, 144
7351, 9
2262, 166
12550, 1
2277, 152
2287, 154
2265, 58
2312, 21
2297, 76
2307, 41
2208, 80
2315, 33
2300, 74
2281, 138
2296, 70
2286, 101
2316, 41
2313, 46
2318, 326
3934, 1
1961, 243
2280, 68
7367, 10
2310, 129
2299, 481
2311, 22
2256, 26
2259, 58
2205, 85
2247, 53
2246, 88
2319, 143
1189, 477
6276, 1
3546, 14
1113, 297
1118, 207
2345, 19
2349, 138
11411, 2
1138, 159
1731, 41
1271, 345
1734, 28
1099, 182
6186, 1
11354, 1
1081, 372
1714, 170
1110, 252
1115, 405
1114, 306
1109, 264
2317, 33
1014, 240
1107, 198
2320, 89
1041, 183
1049, 186
2323, 63
230, 174
946, 296
6033, 3
1718, 30
945, 243
6032, 4
915, 468
6002, 2
941, 436
2290, 64
2272, 73
942, 282
2266, 77
3350, 10
8437, 16
993, 248
2322, 21
7409, 1
270, 228
291, 165
994, 445
831, 497
1076, 166
2230, 84
2353, 28
2251, 149
7338, 1
3933, 21
2250, 145
1057, 245
1053, 181
6140, 3
2351, 35
229, 140
5316, 3
2150, 106
7237, 3
1713, 63
6800, 2
1091, 172
3448, 8
2134, 66
1394, 158
3751, 69
2599, 36
3447, 35
2160, 145
2014, 391
1089, 131
3446, 17
933, 190
6020, 2
1495, 110
2113, 88
1427, 204
2122, 53
3232, 43
875, 499
2121, 91
2100, 62
2119, 115
279, 458
5366, 1
10520, 1
247, 114
5334, 1
2571, 18
10487, 1
214, 171
5301, 2
223, 144
2089, 587
1181, 577
3270, 13
295, 241
12224, 23
1951, 100
1967, 212
1952, 72
1980, 125
1256, 426
6343, 1
3532, 5
1175, 383
179, 1104
11458, 2
1185, 502
6272, 3
3524, 5
1167, 263
1119, 266
1950, 126
986, 268
1025, 223
980, 266
6067, 4
1048, 118
1106, 284
1170, 300
1276, 280
6363, 2
1194, 557
6281, 1
1031, 132
224, 226
1078, 112
952, 438
6039, 23
1077, 88
1988, 312
1847, 231
1986, 112
1982, 160
3887, 9
1550, 621
6637, 17
3907, 15
8994, 1
3912, 534
8999, 1
3886, 10
1435, 204
6522, 1
3792, 18
3711, 10
1526, 85
1664, 49
1520, 118
1516, 95
1686, 88
6773, 3
1615, 35
3921, 17
1472, 161
6559, 2
1542, 132
6629, 1
1473, 159
3780, 5
1423, 122
6510, 5
1536, 86
1483, 167
1478, 135
6565, 9
1496, 136
1429, 100
6516, 2
1484, 62
11733, 1
1460, 82
6547, 1
3851, 10
8938, 1
1494, 120
1474, 126
6561, 2
3854, 16
8941, 3
1497, 107
241, 103
2598, 11
1393, 153
6480, 1
1307, 273
6394, 6
1323, 172
1339, 208
1338, 129
6425, 2
988, 334
1450, 133
11524, 1
1251, 628
3555, 15
1198, 339
2609, 18
2589, 9
2611, 27
276, 546
268, 187
208, 256
5295, 14
3553, 2
1196, 471
6283, 8
1192, 446
6279, 2
1670, 41
6757, 1
1880, 121
6967, 1
1839, 90
6926, 1
1866, 460
2236, 78
259, 557
5346, 1
262, 219
201, 1146
5288, 1
10493, 1
220, 2679
1406, 138
1421, 151
6508, 7
280, 365
5367, 3
260, 312
10555, 1
282, 1108
1867, 201
895, 674
236, 351
2209, 451
2024, 132
2027, 89
2129, 347
2013, 117
2146, 112
7233, 3
12102, 3
1829, 141
1831, 806
2123, 71
2341, 45
1991, 425
2171, 47
1818, 109
6905, 2
2115, 84
7202, 1
2005, 393
1781, 84
1798, 336
2153, 93
1956, 386
1955, 427
2095, 127
7182, 3
1753, 53
6840, 1
1937, 458
1274, 347
6361, 2
1775, 72
1723, 57
4106, 3
1749, 316
1745, 155
6832, 2
1120, 185
1694, 52
989, 210
1758, 71
1779, 79
1702, 64
1780, 97
1596, 111
1566, 75
1601, 57
6688, 2
1606, 61
1645, 110
1923, 107
1924, 154
1588, 110
1572, 184
3909, 8
8996, 1
1552, 46
1640, 169
1169, 449
6256, 2
1754, 102
1513, 146
1637, 80
6724, 7
1757, 50
1760, 70
2631, 10
274, 298
3557, 11
1200, 370
1636, 36
1646, 138
2166, 385
7253, 2
2167, 69
2168, 66
2169, 55
1024, 161
940, 446
1030, 247
2163, 63
7250, 1
837, 422
5924, 1
281, 1710
107, 265
5194, 2
11263, 1
990, 343
10561, 19
288, 383
2594, 31
237, 115
5324, 46
238, 90
5325, 15
2152, 169
2194, 35
2148, 87
2201, 33
2098, 85
997, 369
2109, 89
2105, 48
2111, 98
2093, 19
7180, 4
2106, 182
2125, 148
2025, 281
10441, 20
168, 278
10378, 5
105, 318
5192, 2
198, 2305
5285, 1
2556, 25
199, 210
2101, 58
7188, 1
2117, 316
1383, 128
1375, 150
1378, 103
1377, 130
1280, 346
6367, 2
1382, 113
893, 346
1074, 125
6161, 1
11162, 1
889, 473
1444, 91
3262, 62
8349, 4
905, 356
5992, 153
1044, 203
6131, 10
950, 298
6037, 2
2099, 39
7186, 2
1015, 124
935, 235
6022, 10
870, 571
5957, 6
2041, 141
839, 523
290, 123
294, 151
287, 338
2588, 13
231, 210
234, 92
5321, 8
2181, 57
2144, 41
2189, 52
2190, 56
1632, 50
2187, 465
2191, 108
3678, 15
1321, 194
2220, 154
2218, 47
2215, 52
2206, 50
2219, 234
1172, 310
2225, 48
829, 730
862, 617
5949, 2
123, 1432
2295, 178
928, 324
6015, 8
2228, 280
2056, 551
1987, 120
1291, 336
6378, 2
1971, 296
844, 560
2045, 289
2050, 99
2046, 444
2012, 686
766, 724
858, 294
5945, 1
3612, 4
1255, 375
6342, 1
3204, 14
847, 682
1939, 152
117, 300
1920, 672
1244, 473
2017, 183
1932, 637
1898, 98
1224, 771
3141, 16
784, 693
810, 755
5897, 3
2170, 244
1911, 151
1910, 337
2178, 96
1909, 450
1965, 296
1948, 246
1921, 224
1928, 454
298, 189
2663, 301
306, 2339
1144, 339
1959, 1493
1143, 428
2325, 52
1843, 181
6930, 1
2738, 10
381, 921
5468, 68
10557, 6
284, 776
5371, 1
289, 181
285, 2752
5372, 9
1841, 114
1907, 501
1970, 417
1811, 71
1058, 138
1917, 274
1072, 237
2127, 100
3443, 3
1086, 118
6173, 1
1914, 114
11312, 1
1039, 291
1040, 188
1879, 181
1770, 40
1055, 237
1051, 200
1771, 137
1042, 130
1995, 127
4262, 2
1905, 206
1034, 141
1885, 93
11254, 1
981, 198
6068, 151
3364, 25
1007, 252
6094, 1
995, 420
2202, 69
964, 163
3349, 5
992, 369
1021, 213
1033, 176
1032, 180
3370, 12
1013, 367
6100, 12
983, 294
1038, 290
6125, 4
1060, 230
6147, 14
1884, 93
6971, 1
869, 407
5956, 1
1012, 362
6099, 81
3190, 5
833, 481
912, 322
5999, 3
922, 549
924, 485
890, 560
930, 367
6017, 3
932, 615
11301, 2
1028, 182
6115, 1
184, 146
5271, 8
1989, 522
2337, 33
7424, 1
41, 567
5128, 11
2398, 98
2335, 169
7422, 1
2330, 31
7417, 3
2326, 28
7413, 1
2333, 67
7420, 1
2348, 28
2346, 13
103, 1134
2459, 30
250, 58
1864, 112
1863, 115
1858, 101
1865, 309
1869, 449
1870, 268
2077, 144
217, 114
211, 509
1871, 106
1899, 106
6986, 1
1456, 105
11794, 1
1521, 153
1508, 73
1517, 78
1549, 79
2141, 56
1400, 100
6487, 1
3783, 2
1426, 257
1969, 289
1389, 156
3723, 10
1366, 230
1525, 139
6612, 27
1607, 69
1328, 161
2132, 49
1565, 184
1343, 209
1605, 68
1345, 173
1299, 223
1322, 268
3864, 7
1507, 61
1509, 63
1290, 303
1313, 272
6400, 5
2130, 165
1356, 226
1226, 242
1318, 366
1253, 614
1247, 557
1316, 302
3753, 68
1396, 181
3754, 10
1397, 87
1376, 257
1548, 128
3888, 3
1531, 134
1404, 90
3576, 4
1219, 354
6306, 14
974, 258
1246, 490
3598, 1
1241, 402
6328, 66
1301, 290
6388, 1
1234, 573
1130, 413
1063, 264
3558, 4
1201, 338
1097, 217
1282, 566
6369, 1
1217, 232
246, 157
5333, 2
1546, 76
1544, 121
1957, 604
1559, 381
1569, 89
1589, 51
1490, 127
1597, 51
1582, 117
3920, 100
1563, 56
1578, 74
6665, 1
1568, 48
3657, 15
1300, 235
6387, 1
1595, 77
1252, 374
6339, 1
3919, 15
1562, 59
1590, 138
1579, 102
1581, 102
6668, 1
1592, 131
1540, 182
3842, 13
1485, 123
1528, 155
1080, 169
1459, 77
1594, 83
1599, 154
1140, 204
6227, 3
303, 3156
1443, 199
1600, 619
11871, 1
1598, 54
6685, 1
1602, 98
3183, 22
826, 671
894, 356
5981, 1
2019, 325
867, 777
162, 6698
5249, 103
1836, 143
1859, 154
2048, 189
1888, 443
6975, 1
1844, 160
6931, 3
871, 371
5958, 2
1994, 154
882, 465
5969, 12
2742, 20
10658, 2
385, 2111
5472, 32
1877, 471
299, 376
305, 3207
5392, 3
2658, 23
301, 604
899, 323
1587, 85
172, 697
5259, 1
151, 3891
832, 527
778, 505
865, 387
1985, 227
11814, 1
1541, 134
2047, 130
1973, 264
1981, 296
3146, 19
789, 1078
5876, 1
12099, 2
1826, 71
6913, 1
825, 685
2018, 230
7105, 26
1840, 152
859, 396
5946, 1
2080, 90
3896, 3
1539, 93
1821, 277
2084, 71
3191, 13
834, 374
11052, 1
779, 743
5866, 2
836, 890
143, 1023
5230, 2
1802, 79
125, 493
5212, 1
188, 433
5275, 3
762, 1105
3187, 20
830, 707
1984, 172
7071, 3
192, 192
1862, 218
1845, 106
1768, 54
3181, 24
824, 825
3848, 1
8935, 2
1491, 169
1506, 89
750, 1129
838, 292
140, 360
1764, 42
6851, 4
3148, 15
791, 750
5878, 2
1788, 380
1454, 115
6541, 16
729, 1299
1746, 240
6833, 1
1972, 285
1974, 217
1750, 152
696, 2493
5783, 1
1979, 255
1751, 109
1782, 63
6869, 1
1403, 98
1638, 65
695, 2845
3737, 10
1380, 113
6467, 3
1386, 169
1661, 232
6748, 1
1819, 60
1635, 73
1373, 161
1614, 94
1947, 235
1816, 106
1790, 88
1357, 278
1327, 232
1692, 40
1625, 120
3689, 7
1332, 303
6419, 12
1273, 263
6360, 2
1303, 244
6390, 10
3996, 3
1639, 505
6726, 2
1259, 325
6346, 3
1260, 250
6347, 3
1262, 198
6349, 1
1238, 417
6325, 2
1633, 182
1197, 665
1283, 282
6370, 41
1202, 383
6289, 1
1604, 269
1195, 670
3556, 14
1199, 548
1326, 341
1642, 100
1643, 62
1644, 579
1650, 89
961, 263
1166, 356
1258, 443
1111, 314
1104, 122
1108, 173
1068, 111
6155, 6
11429, 1
1156, 445
6243, 4
1154, 351
6241, 29
1220, 493
1150, 282
1153, 311
1146, 375
1205, 590
1134, 174
1133, 269
3564, 15
1207, 769
1101, 165
6188, 1
1206, 606
11482, 1
1209, 591
1275, 339
1761, 44
1762, 49
1809, 141
1117, 220
1812, 87
1797, 112
1778, 89
1793, 130
1783, 94
1813, 103
11791, 1
1518, 66
1810, 67
6897, 1
1814, 82
1461, 163
1777, 90
1794, 131
6881, 1
2610, 26
253, 108
202, 134
5289, 2
283, 804
1752, 36
150, 479
5237, 3
149, 2613
5236, 9
1755, 49
297, 385
1742, 343
6829, 4
1815, 524
1990, 160
7077, 8
1674, 121
1854, 158
382, 933
5469, 1
1855, 271
11632, 8
1359, 229
307, 2509
1856, 267
1983, 255
911, 443
1846, 155
938, 357
6025, 2
1027, 203
6114, 2
919, 260
929, 201
6016, 10
903, 200
5990, 3
959, 164
927, 491
6014, 2
11180, 1
907, 239
909, 499
11316, 1
1043, 339
3278, 2
8365, 1
921, 319
1128, 123
901, 485
1892, 172
1848, 112
910, 342
1093, 183
918, 261
11302, 1
1029, 148
6116, 1
908, 379
917, 297
6004, 5
949, 272
3377, 5
1020, 120
3383, 13
1026, 253
818, 562
5905, 2
820, 737
861, 296
3205, 14
848, 778
849, 690
5936, 4
11075, 1
802, 633
794, 1086
735, 1120
3157, 6
800, 789
803, 758
5890, 2
854, 331
1095, 239
852, 354
3494, 12
8581, 1
1137, 214
855, 444
853, 364
864, 550
240, 115
10462, 1
189, 393
761, 779
1890, 248
54, 223
5141, 2
169, 222
5256, 3
1912, 91
1693, 49
2145, 85
7232, 1
1804, 113
1795, 399
1808, 490
1806, 366
1799, 174
1807, 145
1805, 179
160, 1568
5247, 1
886, 494
5973, 2
851, 410
841, 714
1610, 81
1895, 97
6982, 1
1930, 358
857, 389
1849, 250
868, 361
872, 464
1618, 60
764, 905
846, 472
1634, 107
3134, 15
777, 601
1593, 108
6680, 12
2197, 54
1591, 91
2483, 25
7570, 1
10399, 3
126, 335
5213, 31
2394, 31
7481, 1
37, 1319
5124, 9
1624, 57
884, 260
5971, 11
2184, 555
1622, 55
1621, 62
6708, 1
767, 879
1876, 235
402, 2079
1511, 95
6598, 1
342, 3281
1451, 103
6538, 4
2668, 25
311, 4008
667, 6017
718, 1456
670, 5610
3011, 2
654, 8174
5741, 3
1763, 28
716, 1661
1825, 84
414, 2840
1523, 103
955, 228
6042, 7
939, 292
925, 477
6012, 4
3283, 6
926, 531
815, 449
5902, 2
783, 748
239, 127
1348, 238
722, 1403
5809, 13
720, 1352
1163, 322
2447, 34
7534, 1
90, 304
1136, 313
27, 678
206, 311
5293, 1
378, 1367
5465, 2
1407, 89
6494, 1
476, 8506
369, 2614
828, 506
5915, 2
164, 1769
5251, 2
705, 2562
709, 2037
5796, 1
3199, 17
842, 604
689, 3567
5776, 21
669, 5728
205, 293
5292, 1
2572, 238
215, 323
1324, 305
756, 1182
5843, 1
3184, 8
11100, 1
827, 565
1936, 296
738, 1220
2434, 34
7521, 1
77, 837
5164, 10
1365, 278
256, 235
1352, 234
2600, 14
243, 58
5330, 12
1353, 214
6440, 2
1355, 178
6442, 1
3165, 15
11081, 1
808, 550
5895, 3
1349, 152
11252, 13
979, 248
1240, 374
6327, 1
131, 5164
5218, 2
881, 355
383, 1113
5470, 9
3849, 6
8936, 1
1492, 114
10650, 1
377, 1558
3843, 7
1486, 114
6573, 2
3802, 9
1445, 45
6532, 10
336, 4141
3261, 22
8348, 2
904, 479
5991, 3
1270, 362
6357, 2
161, 21439
5248, 2
1412, 80
6499, 1
330, 5555
5417, 3
1439, 173
514, 148865
1623, 69
617, 28620
360, 5844
1469, 104
539, 51540
428, 6858
1537, 105
396, 1659
5483, 3
970, 516
6057, 1
429, 6035
408, 4830
316, 2800
5403, 6
2678, 32
321, 1561
1430, 80
6517, 5
607, 33149
5694, 2
1716, 128
536, 50536
610, 24000
1719, 61
431, 4988
350, 2100
5437, 1
318, 1708
10596, 6
323, 1890
1432, 127
502, 39607
5589, 5
98, 716
5185, 4
639, 12426
4105, 6
1748, 164
967, 406
2783, 7
426, 7097
703, 2869
5790, 11
575, 139118
1684, 30
713, 1721
1822, 307
2882, 5
525, 68604
712, 2331
3071, 3
714, 1607
439, 5174
973, 319
432, 4674
688, 3531
345, 3255
5432, 1
343, 3899
1452, 143
892, 185
351, 1742
888, 493
5975, 2
347, 8206
1000, 356
459, 4965
896, 345
355, 3661
5442, 1
1464, 109
454, 6499
5541, 12
996, 278
455, 5321
5542, 13
885, 316
344, 3964
1453, 191
312, 5122
5399, 2
317, 2604
313, 3865
3779, 5
1422, 108
6509, 4
3002, 3
645, 9044
2897, 12
540, 45177
483, 13401
5570, 1
960, 291
10692, 5
419, 4734
567, 45556
1676, 85
10660, 1
387, 4744
5474, 13
664, 5650
5751, 10
1773, 92
6860, 4
10599, 16
326, 3509
2681, 53
324, 2809
1433, 119
1414, 137
6501, 3
332, 4630
1441, 103
6528, 1
328, 4831
3794, 10
1437, 162
6524, 1
660, 7850
724, 1172
649, 8536
10950, 1
677, 5779
389, 3241
3855, 9
8942, 2
1498, 104
3005, 29
648, 9145
5735, 1
2832, 11
475, 7863
5562, 11
2835, 7
478, 7007
5565, 2
471, 9787
1580, 297
2834, 3
477, 9690
517, 132348
5604, 2
399, 1509
374, 1800
5461, 5
3277, 3
920, 508
6007, 4
379, 1413
3845, 7
1488, 127
127, 375
1236, 667
375, 1733
916, 399
6003, 9
11495, 1
1222, 504
2470, 20
10386, 1
113, 1285
5200, 1
681, 4061
3040, 36
683, 4472
5770, 3
1792, 95
2499, 39
7586, 2
142, 1467
5229, 7
614, 26107
5701, 1
2430, 44
73, 2037
5160, 32
1182, 474
3008, 15
651, 8460
3010, 20
653, 7709
5740, 28
507, 63980
2966, 10
609, 24775
5696, 9
3365, 8
1008, 170
467, 12089
5554, 2
264, 3350
3094, 10
737, 1326
196, 8260
5283, 3
1305, 266
6392, 5
2846, 19
489, 21216
484, 11362
5571, 2
2890, 4
533, 36622
528, 55397
10696, 1
423, 6973
3889, 152
1532, 82
957, 185
2773, 36
416, 4826
391, 3211
5478, 1
1500, 202
580, 110584
327, 4731
1436, 122
6523, 2
876, 450
5963, 1
335, 3906
5422, 1
11508, 1
1235, 676
694, 2723
153, 3046
441, 5076
5528, 8
962, 247
2778, 19
421, 6776
10931, 1
658, 7764
5745, 2
601, 49779
5688, 5
2837, 20
10753, 1
480, 7580
481, 8721
5568, 2
413, 3388
1522, 98
412, 3565
5499, 2
446, 7181
341, 3453
334, 4577
310, 2846
644, 10760
605, 37957
5692, 16
134, 21364
1243, 362
501, 46479
1046, 315
2862, 17
505, 50936
5592, 6
447, 8147
3913, 34
1556, 96
6643, 1
420, 5416
5507, 53
93, 422
634, 20448
1743, 79
6830, 1
10736, 2
463, 9739
2875, 6
518, 115746
470, 9637
5557, 6
430, 5631
951, 215
6038, 4
410, 3774
11792, 1
1519, 130
10374, 1
101, 1294
5188, 2
1210, 592
2999, 5
642, 13774
5729, 2
1164, 302
6251, 11
55, 1025
5142, 2
2439, 66
82, 368
5169, 3
623, 18183
5710, 1
1732, 40
2723, 13
366, 6405
1475, 197
6562, 1
2887, 13
10803, 1
530, 36138
449, 9325
417, 4455
10358, 12
85, 40734
5172, 13
2666, 7
309, 4342
3207, 3
850, 842
897, 576
5984, 1
2006, 536
356, 3499
1465, 89
362, 4293
5449, 2
1471, 130
6558, 2
2435, 20
78, 4285
5165, 2
1187, 523
619, 25370
5706, 1
1728, 70
358, 3281
5445, 1
2895, 16
538, 53906
1135, 211
26, 190
5113, 2
53, 443
5140, 5
1162, 315
594, 42421
5681, 6
1703, 21
6790, 3
337, 3504
1446, 136
6533, 1
2437, 61
80, 41077
3332, 5
975, 201
3102, 12
745, 1117
204, 304
5291, 41
461, 6399
5548, 2
615, 26626
5702, 17
2431, 73
7518, 1
74, 2009
5161, 21
1183, 512
6270, 2
3770, 31
1413, 138
6500, 3
304, 7333
331, 5099
1440, 169
6527, 3
731, 1389
10800, 1
527, 62408
3009, 18
652, 8119
111, 7647
5198, 12
365, 6805
1082, 247
6169, 1
2357, 40
0, 74082
5087, 16
923, 669
6010, 4
10682, 2
409, 4240
2775, 21
418, 4762
5505, 1
1527, 163
977, 358
596, 49941
880, 556
5967, 2
339, 3441
3805, 6
1448, 152
629, 17148
1738, 621
2445, 51
88, 72813
10901, 1
628, 15810
1737, 111
2444, 55
87, 61263
50, 1502
1159, 579
591, 51143
1700, 39
10737, 2
464, 12547
748, 1230
5835, 1
207, 161
5294, 3
10897, 1
624, 19102
5711, 3
1733, 35
2440, 76
83, 21265
597, 53413
5684, 4
1706, 61
10908, 2
635, 20342
1744, 114
2451, 100
94, 20638
3560, 58
1203, 570
6290, 1
2452, 84
95, 61674
1204, 896
6291, 1
442, 6040
5529, 2
185, 160
5272, 12
602, 51718
2418, 28
61, 23739
13, 23117
3479, 13
1122, 214
2911, 9
554, 150697
5641, 3
581, 101123
1690, 45
40, 8012
5127, 4
1149, 441
587, 67333
5674, 4
1696, 23
46, 21688
1155, 275
598, 52225
5685, 3
1707, 41
2414, 130
7501, 3
57, 102890
5144, 4
314, 4217
571, 99700
5658, 2
1680, 80
606, 33143
5693, 17
65, 54194
5152, 7
11447, 1
1174, 450
96, 1313
637, 16808
380, 1025
3846, 32
1489, 134
2900, 236
543, 32082
2, 1367792
516, 124842
551, 40165
5638, 1
1660, 42
6747, 1
10, 129551
403, 3047
5490, 5
1512, 174
376, 1601
948, 262
407, 5030
405, 6065
1514, 354
613, 25640
5700, 4
2429, 53
7516, 1
72, 1579
1411, 94
6498, 4
302, 1444
10602, 1
329, 4374
5416, 12
1438, 87
6525, 1
656, 7223
115, 15898
437, 5017
630, 19991
5717, 1
1739, 65
2446, 51
89, 218
5176, 3
887, 613
346, 4107
5433, 3
1455, 80
603, 43471
647, 7335
1756, 93
674, 6637
133, 8399
5220, 2
1242, 532
10666, 1
393, 3115
526, 68592
2969, 21
612, 25093
2428, 54
71, 2569
1180, 393
2605, 20
248, 135
404, 4486
936, 357
6023, 79
395, 1939
1504, 64
6591, 2
2912, 9
555, 128719
14, 21533
1123, 198
141, 1084
1250, 531
401, 1768
5488, 14
1510, 69
6597, 9
685, 3860
144, 1777
1075, 99
534, 42421
5621, 1
568, 49643
5655, 1
425, 7737
11239, 1
966, 533
195, 9633
5282, 23
1304, 244
452, 6469
557, 122993
1666, 442
6753, 1
16, 82922
5103, 1
1125, 335
2550, 31
193, 202
5280, 2
1302, 321
6389, 8
450, 7907
616, 27113
5703, 1
2432, 23
75, 1598
5162, 5
1184, 649
6271, 1
92, 101557
5179, 2
2706, 9
7793, 1
349, 2449
5436, 1
3815, 4
1458, 68
6545, 2
604, 41998
2420, 33
7507, 3
63, 3606
5150, 11
577, 127225
5664, 7
132, 6899
5219, 1
2903, 15
546, 16336
5, 106694
519, 98920
1628, 97
563, 41846
723, 1274
182, 239
599, 56842
5686, 1
1708, 48
58, 4018
2672, 61
315, 3378
572, 144943
5659, 1
717, 1619
176, 805
1285, 307
576, 139090
1685, 45
6772, 14
35, 12677
11026, 2
753, 961
5840, 1
2569, 19
212, 227
469, 9044
2481, 20
7568, 1
124, 740
560, 80857
5647, 2
10292, 1
19, 127635
529, 43171
5616, 2
547, 12922
5634, 2
10279, 2
6, 84197
5093, 1
2620, 46
263, 6259
5350, 10
1372, 200
2877, 4
520, 89746
1, 682664
5088, 3
2872, 8
515, 141150
18, 26006
559, 94091
586, 70446
5673, 1
1695, 25
45, 25063
5132, 8
2889, 13
532, 31253
1641, 148
1073, 110
178, 500
3644, 9
1287, 240
6374, 2
2907, 27
550, 18506
5637, 6
1659, 59
6746, 1
9, 64649
549, 19015
8, 34213
2879, 11
522, 80252
265, 55922
1374, 245
10408, 1
135, 3297
392, 3445
5479, 3
3858, 7
1501, 152
6588, 7
209, 657
5296, 1
2823, 13
466, 11756
5553, 12
1575, 65
6662, 2
1085, 159
6172, 4
2901, 51
544, 27661
3, 133255
1112, 320
2905, 13
10821, 1
548, 15736
5635, 3
10280, 2
7, 23736
1116, 308
3419, 9
1062, 232
2878, 19
521, 83083
266, 28952
807, 380
5894, 2
523, 71465
1064, 120
12, 1020491
1121, 146
553, 105181
879, 304
2695, 48
338, 3318
5425, 1
1447, 144
2945, 8
8032, 5
588, 64830
1697, 192
2404, 167
47, 1238
1102, 202
20, 1435
1129, 288
6216, 1
561, 59609
174, 506
583, 91146
5670, 7
42, 7406
5129, 2
1151, 266
15, 167529
5102, 10
556, 117728
1665, 33
593, 40741
52, 226
5139, 11
1161, 408
10298, 1
25, 3727
5112, 28
566, 43696
1675, 366
1126, 154
17, 109028
2942, 23
585, 74210
44, 358
1023, 197
6110, 11
2839, 13
482, 11332
225, 124
2585, 9
228, 878
1337, 176
485, 11435
5572, 2
354, 2555
227, 260
1336, 211
6423, 3
2856, 25
499, 71060
10932, 1
659, 6907
2475, 131
118, 80976
1227, 597
2448, 23
91, 410
632, 23834
1741, 92
6828, 1
558, 101638
5645, 3
2888, 35
531, 32961
5618, 3
584, 77625
611, 23887
1720, 23
70, 1046
1179, 562
203, 442
5290, 15
1312, 340
1001, 229
6088, 3
460, 5544
5547, 1
728, 1568
5815, 3
187, 597
1296, 330
6383, 38
510, 115490
1619, 37
513, 128567
590, 53451
874, 528
1415, 202
6502, 5
333, 4823
5420, 1
29, 59756
5116, 3
570, 80082
2389, 75
32, 44092
5119, 3
1141, 218
573, 159024
1682, 405
59, 2708
5146, 1
1168, 410
600, 58422
1709, 34
427, 7212
578, 121743
582, 93900
1691, 69
453, 6968
5540, 8
473, 9365
493, 179559
5580, 1
509, 94415
579, 122327
38, 13463
11, 96256
552, 60313
5639, 1
592, 44334
5679, 11
1701, 52
6788, 2
2408, 31
7495, 2
10324, 4
51, 13389
5138, 2
24, 22556
565, 37999
589, 62588
1698, 49
2405, 80
48, 14116
3514, 31
8601, 10
1157, 237
562, 45882
3035, 20
678, 5095
2494, 120
7581, 2
137, 3484
2863, 4
506, 58524
524, 71442
5611, 2
1065, 403
497, 95070
498, 104902
12949, 1
2676, 27
319, 1635
3785, 23
1428, 116
445, 6752
1554, 88
495, 137392
492, 127291
5579, 2
490, 50516
451, 7820
3917, 2
1560, 77
457, 4762
456, 5165
5543, 11
2844, 12
487, 17521
5574, 7
406, 6046
411, 3917
5498, 1
956, 231
6043, 4
415, 4264
1524, 484
486, 11922
5573, 2
627, 14732
1736, 94
494, 116641
359, 4227
5446, 2
1468, 207
6555, 42
10785, 1
512, 178669
963, 388
6050, 2
422, 7875
3360, 23
1003, 404
462, 6915
458, 4532
1567, 179
465, 11829
2466, 45
10382, 1
109, 41652
5196, 11
1218, 730
130, 1374
5217, 2
1239, 436
6326, 1
508, 76683
5595, 2
33, 6075
5120, 3
1142, 325
10847, 1
574, 141554
1683, 39
6770, 2
28, 2282
569, 61296
5656, 4
1678, 54
965, 335
424, 7510
1533, 87
535, 43531
496, 122250
488, 20130
5575, 7
4, 532207
2902, 11
545, 19893
5632, 9
23, 293126
5110, 2
1132, 236
564, 40170
2825, 38
468, 9732
2861, 15
504, 46215
5591, 21
2868, 5
511, 175517
1620, 53
641, 12429
608, 27835
1717, 72
2424, 66
67, 575
5154, 11
3533, 4
1176, 372
120, 3469
5207, 3
166, 756
2436, 103
79, 40553
5166, 5
1188, 421
6275, 6
620, 22891
1729, 193
2456, 72
10372, 1
99, 4504
5186, 4
1208, 569
10913, 1
640, 13738
353, 2072
479, 6650
348, 5005
5435, 1
1457, 115
914, 435
10646, 1
373, 2583
5460, 2
491, 65982
440, 5490
984, 317
10716, 1
443, 7329
500, 53495
10776, 1
503, 41301
768, 1333
1158, 679
2406, 75
49, 1229
5136, 2
1088, 144
6175, 3
1152, 406
10316, 6
43, 4043
5130, 3
1087, 155
6174, 1
2419, 69
62, 3440
5149, 2
112, 1260
1221, 520
3150, 13
793, 969
154, 3282
1481, 51
2729, 7
372, 3133
5459, 1
3143, 24
786, 927
1035, 232
3142, 13
785, 776
5872, 2
1084, 216
6171, 1
10625, 5
352, 1872
625, 16125
5712, 31
1145, 373
2393, 36
36, 362
5123, 8
2983, 31
626, 14700
1735, 52
6822, 1
11334, 1
1061, 131
6148, 2
444, 6890
1036, 227
633, 20792
448, 9872
3914, 41
1557, 154
631, 21595
5718, 30
1740, 103
6827, 1
361, 5911
5448, 2
3827, 3
1470, 111
6557, 11
1045, 148
806, 663
5893, 2
638, 14426
1747, 288
1054, 161
157, 3506
3623, 6
1266, 722
6353, 8
1047, 135
340, 2961
5427, 2
1449, 166
364, 5215
5451, 2
371, 3414
1480, 132
436, 3975
1545, 106
10707, 1
434, 4567
363, 4886
5450, 1
1056, 275
6143, 5
10909, 6
636, 18552
1173, 282
6260, 2
64, 2886
5151, 2
2751, 11
394, 2272
3860, 62
1503, 82
2894, 13
537, 53301
5624, 1
474, 8380
5561, 5
1071, 147
10593, 4
320, 1702
5407, 96
1067, 144
6154, 6
2975, 17
618, 26639
5705, 2
1727, 74
472, 10525
2898, 73
541, 42451
3192, 6
835, 617
5922, 1
3033, 5
676, 5816
3007, 15
650, 9102
1759, 95
3000, 17
643, 13375
5730, 2
675, 5713
1784, 45
30, 24965
1139, 332
6226, 2
3440, 10
1083, 105
6170, 1
10598, 7
325, 2998
1434, 106
10661, 1
388, 3779
5475, 1
668, 6604
177, 651
3643, 29
1286, 375
595, 47012
5682, 5
3449, 9
1092, 144
657, 8060
646, 7075
3012, 11
655, 7763
5742, 2
197, 3942
5284, 3
1306, 267
267, 3413
5354, 22
682, 4212
1791, 77
158, 2713
5245, 1
1190, 391
2438, 21
81, 5520
5168, 5
435, 4546
2417, 98
60, 2609
5147, 14
680, 5027
10657, 1
384, 1379
1493, 263
1131, 157
22, 1816
5109, 6
3180, 9
823, 816
787, 852
357, 2767
1466, 86
438, 6013
1547, 71
691, 3105
1800, 83
692, 3144
1801, 68
684, 3525
706, 2499
687, 3668
1796, 250
3099, 13
742, 1202
5829, 1
1851, 479
698, 3477
2899, 69
7986, 1
542, 34981
5629, 2
400, 1908
5487, 1
3059, 8
702, 2098
740, 1314
622, 18548
5709, 1
308, 3000
300, 407
621, 22888
1730, 371
397, 1945
5484, 2
367, 3900
1476, 163
6563, 8
661, 6156
11022, 24
749, 1238
673, 5810
5760, 2
747, 1131
721, 1522
5808, 1
3084, 5
727, 1267
155, 1470
1264, 349
6351, 1
11019, 15
746, 1003
663, 5731
3089, 9
732, 935
671, 7469
679, 5669
686, 4311
774, 918
5861, 8
1883, 161
782, 611
693, 3364
398, 1701
11534, 1
1261, 355
152, 376
799, 445
2433, 61
7520, 1
76, 1326
5163, 29
2457, 86
10373, 1
100, 1166
2426, 38
69, 625
1178, 289
3362, 12
1005, 342
6092, 2
86, 362
390, 3484
1499, 89
707, 2075
5794, 1
226, 448
3692, 16
1335, 148
6422, 2
181, 1059
165, 675
2463, 491
106, 620
5193, 2
1215, 463
21, 1418
5108, 1
191, 227
222, 149
3688, 42
1331, 289
10491, 1
218, 845
183, 194
5270, 1
3649, 18
1292, 265
3072, 19
715, 1441
5802, 9
2626, 35
269, 191
235, 289
1344, 297
221, 181
1330, 257
2570, 19
213, 149
5300, 6
56, 554
11438, 1
1165, 231
200, 200
5287, 2
1309, 218
6396, 1
278, 373
1387, 247
275, 135
5362, 35
1384, 113
273, 504
2388, 33
31, 26610
5118, 1
108, 590
5195, 32
2573, 91
216, 729
3682, 5
1325, 152
138, 1675
5225, 4
139, 1192
5226, 1
1248, 566
2614, 14
257, 318
255, 190
1364, 134
34, 343
245, 130
2396, 52
39, 185
5126, 2
1216, 716
171, 1186
708, 2708
1817, 221
11485, 1
1212, 544
1213, 520
104, 2716
5191, 2
672, 6612
5759, 3
1214, 556
704, 2392
5791, 1
271, 205
5358, 2
11636, 2
1363, 161
3534, 10
1177, 334
2425, 53
7512, 2
68, 1006
1308, 328
11498, 1
1225, 314
116, 5475
5203, 4
1059, 206
860, 483
1230, 405
121, 3992
5208, 20
863, 396
5950, 5
1096, 210
11244, 1
971, 202
1881, 124
772, 1533
1874, 211
765, 982
5852, 3
1852, 520
743, 829
1873, 202
1872, 214
763, 1130
1342, 278
1408, 87
6495, 1
1211, 633
1341, 432
1297, 293
368, 4007
5455, 1
1249, 534
6336, 1
1268, 288
6355, 5
159, 2868
5246, 3
1265, 397
156, 1873
1350, 229
1279, 287
1288, 278
6375, 5
1351, 286
6438, 1
1317, 470
6404, 1
1399, 86
6486, 2
1395, 125
719, 1720
5806, 5
146, 3444
3717, 17
11633, 1
1360, 222
662, 6257
433, 4563
3023, 8
8110, 1
666, 5104
370, 3406
1479, 75
136, 1370
1245, 414
752, 1149
11027, 2
754, 1243
726, 1490
725, 1203
2479, 48
7566, 1
122, 3239
1231, 481
147, 1375
10974, 2
701, 2220
2476, 112
119, 1728
5206, 21
690, 2965
3096, 30
739, 1029
5826, 8
730, 1100
2679, 20
322, 1804
1431, 105
6518, 2
2467, 30
110, 692
5197, 10
10970, 24
697, 2715
5784, 1
700, 2326
167, 416
3147, 11
790, 565
5877, 1
734, 1408
3090, 40
733, 1026
5820, 2
145, 2148
5232, 3
665, 5548
1774, 112
1943, 214
1904, 127
795, 771
5882, 13
1938, 252
1942, 230
7029, 1
1941, 300
1926, 456
817, 868
1927, 419
1887, 354
6974, 1
1838, 118
6925, 1
744, 989
902, 647
5989, 6
741, 1177
1850, 183
3213, 3
856, 532
699, 2782
797, 746
758, 1391
5845, 1
736, 1118
805, 718
5892, 2
796, 697
760, 783
804, 645
5891, 4
873, 286
5960, 2
773, 1013
798, 456
5885, 1
3145, 3
788, 746
814, 951
5901, 2
809, 705
5896, 3
792, 792
811, 457
822, 618
5909, 2
3363, 7
1006, 366
2009, 184
900, 467
11171, 1
898, 345
2007, 517
883, 450
819, 755
5906, 2
2423, 43
7510, 3
66, 689
5153, 26
163, 925
5250, 98
1272, 345
6359, 1
1009, 254
6096, 3
1010, 299
186, 324
5273, 12
1295, 332
10659, 2
386, 2749
991, 203
958, 120
891, 360
5978, 3
943, 373
937, 275
757, 1088
906, 453
759, 1177
5846, 2
931, 251
771, 767
953, 201
6040, 3
780, 975
5867, 6
755, 1071
769, 1072
3132, 30
775, 658
5862, 1
11054, 1
781, 595
5868, 2
1016, 180
1022, 419
3291, 5
934, 266
6021, 17
968, 181
11074, 1
801, 949
5888, 2
947, 455
944, 254
3067, 6
710, 2029
816, 451
5903, 2
11510, 1
1237, 624
6324, 4
128, 852
97, 766
2441, 423
84, 306
129, 972
5216, 2
175, 764
1284, 497
6371, 1
249, 77
1358, 176
296, 456
219, 2636
261, 322
258, 569
1381, 129
1390, 121
6477, 1
845, 614
840, 612
843, 514
11634, 2
1361, 227
1232, 671
1310, 235
1281, 482
3668, 22
1311, 288
6398, 2
1293, 284
1379, 124
6466, 1
1298, 440
1391, 139
6478, 6
1385, 141
1388, 87
1371, 119
3758, 34
1401, 121
1392, 67
6479, 4
1398, 106
2164, 56
711, 2214
813, 535
5900, 2
812, 515
776, 888
5863, 4
3127, 67
770, 1394
148, 1260
5235, 2
114, 691
821, 501
5908, 2
877, 323
5964, 2
2183, 437
1977, 571
978, 306
6065, 1
982, 246
1011, 268
2392, 101
2391, 60
2390, 48
1906, 255
1835, 131
1529, 82
2114, 190
7201, 1
1886, 160
1570, 100
277, 376
1277, 276
2116, 145
2035, 300
1367, 179
3926, 8
1263, 323
1889, 354
6976, 1
1369, 128
1704, 39
2412, 611
7499, 8
1662, 77
1668, 44
6755, 1
2876, 5
4037, 3
1419, 92
4047, 15
1857, 141
1725, 43
1767, 259
2298, 31
2292, 44
2383, 32
232, 101
242, 215
5329, 1
210, 212
272, 75
233, 50
5320, 1
3329, 6
8416, 6
2140, 192
4072, 1
1583, 52
194, 236
5281, 1
10375, 4
102, 717
1477, 147
6564, 52
4369, 5
2081, 81
4156, 14
9243, 1
4282, 3
2075, 192
2998, 8
1551, 98
1402, 99
1037, 178
2212, 56
1482, 120
6569, 1
1553, 89
1416, 216
6503, 2
1442, 176
1611, 67
1555, 91
1319, 274
6406, 1
4077, 9
4076, 4
2347, 118
1564, 91
3908, 9
8995, 1
4085, 4
2059, 175
3911, 44
8998, 1
2232, 38
1648, 73
1649, 66
1629, 52
1652, 61
11882, 1
1609, 68
6696, 3
3910, 13
8997, 1
2083, 48
1616, 155
2003, 154
3923, 2
1999, 162
2057, 639
1975, 187
1893, 113
6980, 2
1878, 113
1963, 114
1612, 96
4225, 5
2450, 42
2355, 112
254, 170
2008, 175
913, 315
6000, 16
1124, 185
998, 332
1066, 92
4381, 1
2031, 49
2053, 65
2020, 229
2652, 12
1148, 282
2301, 56
2155, 178
7242, 2
4480, 7
1103, 130
6190, 1
1069, 107
6156, 3
4479, 25
2061, 255
7148, 1
2036, 101
4478, 16
2073, 496
2097, 60
7184, 1
4524, 1
2258, 34
3174, 22
2037, 227
2120, 108
2040, 217
2023, 385
2030, 75
2034, 221
2370, 414
4667, 4
2371, 115
2361, 136
2575, 20
2576, 16
3168, 9
3993, 10
4196, 6
3172, 15
3171, 20
4656, 1
3167, 14
2421, 88
4674, 24
2869, 10
4671, 2
4672, 26
4670, 1
2484, 30
4267, 17
4681, 5
4268, 13
2505, 159
7592, 3
2615, 13
3239, 5
3236, 31
8323, 2
4269, 4
3235, 58
8322, 2
4270, 4
2944, 34
2874, 7
7961, 1
2873, 34
4669, 1
4280, 62
4244, 12
1462, 160
4168, 4
13298, 1
3025, 6
8112, 1
3024, 5
8111, 2
2928, 19
3398, 6
8485, 1
11459, 2
1186, 545
11363, 1
1090, 127
2513, 82
1586, 61
1577, 93
4264, 15
2624, 61
2363, 92
1425, 78
1530, 142
3480, 10
4319, 10
3847, 8
3486, 4
2804, 12
3485, 7
4317, 3
3065, 10
2924, 8
1573, 137
4330, 31
3066, 7
4341, 5
2683, 16
7770, 4
4352, 1
2671, 10
4338, 6
4363, 2
4375, 7
1608, 62
4390, 2
2824, 44
1515, 53
4345, 4
3021, 12
2997, 4
3019, 11
2758, 338
7845, 1
3006, 24
1098, 160
6185, 1
11373, 1
1100, 139
1004, 504
6091, 6
987, 253
954, 210
6041, 2
3069, 3
2755, 38
11343, 1
1070, 86
2510, 139
2662, 29
2511, 22
2661, 25
3899, 33
2022, 369
2512, 29
2833, 15
2514, 21
2515, 24
2665, 77
7752, 23
3095, 26
2402, 293
2403, 165
2415, 35
2831, 8
2455, 137
2474, 298
7561, 1
2469, 37
2177, 91
2472, 22
2442, 31
2471, 39
2367, 40
2453, 72
2468, 49
2443, 59
3549, 3
2812, 9
7899, 1
2473, 27
2817, 8
2028, 66
2677, 13
2741, 45
1789, 84
1409, 74
6496, 3
3031, 4
2328, 140
2329, 99
2409, 53
4732, 4
2331, 35
7418, 1
2368, 104
1853, 188
4735, 1
3234, 34
4734, 1
2546, 42
2401, 56
4736, 5
2544, 89
4716, 3
2529, 43
7616, 1
3308, 13
3092, 12
999, 255
6086, 4
1919, 316
4533, 11
1002, 279
969, 196
4548, 2
2044, 198
4563, 3
2984, 2
4578, 1
1191, 378
6278, 1
4593, 11
1992, 270
2516, 24
3173, 5
4891, 2
170, 315
3170, 4
1915, 197
3169, 12
3055, 14
3041, 18
3244, 4
3368, 12
2085, 115
3357, 8
4851, 2
2641, 5
1193, 594
6280, 3
3322, 12
2049, 79
2489, 20
3233, 23
2644, 10
2304, 59
2645, 20
2051, 90
3053, 7
3230, 2
2071, 86
4796, 4
1233, 478
2091, 64
1340, 250
4760, 5
4679, 2
2207, 48
1278, 235
6365, 1
4768, 2
4767, 11
4873, 15
4860, 7
252, 106
2597, 40
3838, 23
2680, 46
2580, 55
2579, 41
3352, 6
8439, 1
2578, 14
2553, 31
2289, 368
2533, 23
2625, 39
3493, 5
2528, 9
7615, 1
2526, 14
3901, 2
3540, 18
8627, 3
3541, 48
3305, 6
3200, 23
3295, 3
3201, 14
1672, 64
3506, 13
3523, 19
2930, 19
4982, 1
4742, 1
2958, 12
2488, 32
2978, 6
2490, 31
4900, 2
2914, 11
1722, 69
3509, 1
3632, 5
3049, 8
1346, 196
3050, 11
4980, 2
3051, 3
2632, 59
2482, 23
3396, 8
3397, 21
2633, 113
2182, 217
3253, 55
2634, 21
3254, 4
8341, 1
3252, 23
3538, 6
3229, 5
2601, 51
2673, 170
2557, 42
7644, 1
2613, 23
3725, 25
2650, 17
2674, 304
3250, 10
2635, 57
2327, 74
7414, 1
2669, 17
2377, 25
2642, 12
2637, 84
2656, 23
2385, 17
2567, 14
2653, 26
2621, 9
2643, 17
3251, 22
2618, 28
3399, 27
2543, 43
7630, 1
3400, 4
2675, 25
7762, 3
2480, 25
2981, 5
1823, 355
6910, 1
5002, 6
2558, 17
5028, 9
2559, 12
7646, 1
5015, 1
2303, 47
3801, 7
5035, 3
1576, 40
6663, 16
5048, 2
5049, 3
2180, 55
2719, 43
2214, 533
2659, 18
3478, 31
2525, 40
2162, 59
2524, 15
2520, 14
3119, 15
2521, 29
7608, 1
2339, 79
2103, 257
7190, 2
2364, 93
1018, 138
2566, 29
2261, 40
3526, 11
3391, 19
2829, 9
2828, 36
3658, 6
1269, 331
2000, 411
3547, 13
3548, 4
2026, 826
2210, 66
2139, 77
1966, 436
2222, 153
7309, 10
2538, 40
3750, 22
3410, 22
4310, 39
2135, 188
2136, 119
2790, 9
2932, 11
2931, 13
2933, 19
3477, 12
12097, 1
1824, 128
3740, 23
2750, 24
3840, 26
2157, 447
2949, 17
3498, 6
2016, 104
2608, 12
2581, 46
2595, 13
2590, 15
3749, 57
2765, 11
3747, 13
3745, 26
1964, 197
3989, 26
3531, 1
2518, 66
2356, 58
3739, 20
3614, 9
2092, 47
7179, 3
3781, 1
3738, 17
1830, 324
3653, 2
3646, 3
2248, 40
2714, 10
4407, 84
4409, 43
2648, 20
1673, 49
6760, 1
2811, 10
2651, 46
2655, 37
3528, 8
1766, 80
3979, 4
2627, 36
7714, 2
3457, 7
4180, 14
4199, 13
4376, 157
4279, 4
4266, 2
4272, 2
4281, 14
4289, 2
4292, 2
4351, 3
4333, 2
4373, 7
4347, 2
4400, 3
4399, 6
4394, 3
4396, 3
4402, 3
4408, 10
3718, 34
2941, 60
2940, 6
2938, 10
2070, 89
2072, 95
4135, 37
2076, 187
2069, 97
2074, 336
2257, 56
2278, 102
2500, 31
2213, 21
2411, 83
2260, 85
7347, 1
2270, 49
2234, 73
4391, 57
3824, 11
2223, 43
2216, 95
4427, 4
4467, 2
4277, 3
4275, 1
4511, 4
4513, 5
2604, 19
7691, 3
4515, 5
4509, 6
4527, 28
4510, 6
4825, 2
4800, 4
4585, 6
4587, 43
2692, 39
4583, 7
4574, 4
4586, 2
4581, 3
4580, 1
4508, 10
3110, 10
3904, 9
3894, 22
4103, 12
2462, 35
2893, 8
2422, 67
7509, 10
4007, 44
4009, 2
4010, 30
4008, 53
2721, 14
5338, 4
251, 29
4456, 4
2700, 23
7787, 1
4134, 49
9221, 1
2545, 30
1787, 146
2552, 10
3372, 13
3080, 8
2916, 2
2583, 30
3299, 6
3140, 14
3223, 16
2523, 14
2808, 51
2819, 11
1820, 48
6907, 21
3138, 6
3459, 10
2587, 15
3469, 2
3346, 2
8433, 2
3326, 4
3336, 12
3330, 2
4717, 2
4724, 2
4740, 11
4723, 3
4731, 3
4730, 11
4729, 15
4739, 2
4764, 19
4766, 39
4779, 7
5034, 2
4848, 4
4824, 1
4812, 1
4838, 3
4920, 6
4857, 2
4861, 5
4921, 8
4863, 3
4922, 18
4864, 14
4917, 1
4854, 1
4882, 2
4879, 2
4914, 10
4912, 2
4862, 6
4924, 7
4923, 7
4918, 1
4933, 1
4939, 9
4947, 7
4942, 7
4953, 1
3454, 4
2501, 61
7588, 1
2519, 60
2532, 34
7619, 6
2530, 18
7617, 1
2477, 69
5069, 1
2781, 9
2976, 32
3566, 6
8653, 1
2974, 15
2165, 120
3973, 10
3980, 8
2067, 164
2517, 12
1671, 71
6758, 1
1654, 140
6741, 1
2507, 30
1617, 33
1585, 70
1653, 53
2176, 105
3635, 8
4256, 14
3160, 29
3154, 5
3156, 28
3039, 8
3163, 297
3162, 110
3161, 8
2709, 36
3144, 2
3153, 9
3125, 12
2870, 10
3495, 20
3158, 15
2927, 9
3131, 27
3126, 22
2936, 8
4340, 38
3121, 9
3708, 6
4867, 1
2362, 84
3107, 3
3109, 3
3139, 1
3164, 67
3152, 32
2508, 287
2697, 75
3242, 43
2699, 81
7786, 2
2698, 18
2369, 198
2690, 18
3240, 8
2701, 13
3439, 22
4594, 5
4172, 24
4171, 29
3651, 17
3215, 5
4143, 2
2638, 29
2487, 27
2509, 128
2497, 19
3195, 13
1656, 74
2763, 7
2522, 19
2506, 284
4903, 2
3458, 4
2547, 21
2636, 50
2565, 18
2560, 43
3194, 12
2582, 15
3874, 26
4148, 18
2607, 29
3221, 8
2654, 12
7741, 3
2616, 11
2845, 5
2603, 7
4323, 16
3198, 10
2622, 25
2694, 12
2871, 9
4149, 31
2670, 11
2686, 253
2657, 31
2691, 14
3503, 8
3328, 9
3667, 28
2011, 318
3666, 42
4955, 5
3490, 11
3376, 14
4841, 3
3536, 11
3515, 10
4287, 2
1424, 64
4285, 21
3784, 2
4160, 8
1631, 48
4013, 3
3425, 7
4297, 2
4014, 3
1663, 72
3462, 15
2952, 8
2953, 8
3464, 3
2951, 8
3803, 29
2950, 9
4299, 1
4791, 7
3355, 9
2774, 72
4761, 12
3354, 4
2065, 125
2769, 12
4053, 19
2766, 10
3351, 19
4306, 2
2970, 21
4787, 8
4786, 1
3823, 20
2929, 13
3026, 7
8113, 31
2794, 24
3483, 36
2785, 38
3482, 62
2793, 18
4063, 21
2792, 6
4755, 12
2864, 12
4692, 14
4665, 10
4664, 3
4659, 5
4676, 1
4690, 16
4820, 2
2986, 7
1998, 310
4831, 19
1996, 75
4265, 5
4601, 24
2112, 130
2244, 420
2062, 410
7149, 1
3991, 8
2211, 141
3716, 5
3675, 43
3561, 18
3679, 13
3713, 12
3568, 3
3563, 1
1677, 67
5062, 2
5051, 8
3014, 10
3962, 6
3963, 18
3083, 3
4603, 6
3964, 5
3013, 13
2174, 38
4996, 3
4605, 3
4993, 14
4929, 2
4928, 2
4927, 1
4950, 1
4613, 4
4937, 1
3974, 3
4984, 3
4998, 9
4952, 2
2107, 213
4943, 1
4627, 2
4954, 1
4629, 9
5008, 3
2021, 277
4633, 8
3938, 6
2147, 476
2055, 493
2254, 99
7341, 5
12526, 2
2253, 277
7340, 1
3832, 4
4634, 84
2188, 37
3822, 40
3819, 4
2199, 39
2229, 121
3834, 14
2399, 50
12525, 5
2252, 97
7339, 1
3306, 5
3325, 6
2108, 516
2374, 148
2096, 102
2094, 53
7181, 3
2373, 116
12302, 1
2029, 43
3743, 6
3742, 1
2001, 187
1993, 137
3086, 4
2381, 37
2185, 584
2350, 21
2365, 103
4027, 2
2407, 33
4194, 1
2015, 143
2387, 46
4696, 3
2358, 34
2359, 68
3927, 23
2156, 79
2159, 74
4913, 1
4703, 2
4704, 15
4706, 3
5045, 1
4709, 2
3789, 19
4600, 5
3797, 3
3271, 8
2302, 68
4635, 1
3422, 4
3374, 1
4302, 6
4043, 20
2548, 22
4606, 10
3829, 1
1354, 214
4607, 1
5081, 2
4610, 2
4611, 2
5079, 1
4615, 1
2536, 19
5084, 3
4617, 2
5077, 4
4620, 35
2542, 27
2541, 26
2539, 30
2540, 12
4420, 2
4619, 18
2492, 272
3947, 4
2561, 31
2273, 93
2274, 43
7361, 5
2562, 16
4205, 2
2563, 25
2226, 36
2227, 130
4087, 6
2239, 51
2291, 67
4086, 2
2267, 47
2192, 68
2288, 145
2293, 92
2268, 219
4204, 6
4064, 3
2549, 40
2283, 31
4300, 7
2711, 10
2617, 15
4325, 26
4326, 1
2079, 103
4781, 3
4356, 1
4357, 1
3943, 3
4371, 1
4372, 1
4386, 2
4387, 1
1960, 628
244, 82
2400, 26
4312, 6
2427, 53
7514, 1
2203, 25
4061, 4
3677, 5
2200, 25
3466, 7
2568, 23
3460, 8
2689, 12
2255, 16
7342, 1
4850, 2
2454, 312
7541, 3
1627, 66
2682, 20
4122, 3
4120, 2
4518, 4
4476, 3
2416, 39
2241, 135
4405, 2
3567, 4
4782, 1
4675, 2
3559, 41
2495, 16
2142, 74
2124, 321
2195, 57
5037, 2
4752, 1
4645, 39
4647, 1
4649, 2
4651, 2
2554, 71
4276, 2
4535, 2
12960, 1
2687, 98
12552, 1
2279, 338
2584, 9
2138, 50
2137, 152
7224, 13
2058, 243
2128, 230
2068, 114
7155, 1
3087, 18
2054, 61
3088, 2
2988, 8
4465, 2
3091, 12
3106, 28
3105, 19
5067, 2
2995, 13
4388, 1
2038, 116
4332, 4
2994, 35
2996, 44
4017, 5
3030, 35
2744, 7
2745, 16
2740, 28
3037, 4
3057, 22
3056, 11
2772, 19
2867, 10
2531, 17
7618, 1
4849, 1
2198, 35
4844, 1
2110, 55
4678, 28
4164, 3
2090, 99
2193, 48
3302, 21
2249, 389
4905, 3
3179, 17
5010, 2
4257, 35
4776, 2
2973, 24
2906, 18
2913, 17
3762, 23
2696, 37
4062, 14
1657, 107
6744, 1
2926, 9
4314, 11
4308, 2
4836, 6
2537, 507
7624, 3
2458, 79
3930, 24
2767, 47
3403, 3
4415, 4
3341, 3
4413, 2
4412, 5
2702, 32
4411, 14
4410, 7
2646, 23
2826, 9
2639, 44
3155, 7
3003, 25
3004, 39
2606, 11
3642, 11
2196, 85
2629, 21
2688, 78
2667, 20
3501, 34
2340, 135
2684, 58
2664, 164
2649, 27
2397, 32
2685, 71
2734, 28
7821, 1
4432, 1
3502, 26
2535, 16
2747, 5
4431, 4
3539, 6
1651, 40
3197, 7
2344, 28
3656, 4
3655, 38
3659, 16
3660, 10
2660, 45
3661, 15
4540, 1
4552, 13
3650, 13
3674, 5
4501, 6
2233, 43
2231, 49
3669, 3
2102, 95
7189, 1
2705, 9
7792, 1
3685, 4
3684, 17
2285, 53
2338, 41
5040, 9
2380, 51
3622, 7
3731, 15
2465, 38
2332, 22
7419, 2
2527, 10
3017, 2
3016, 6
2242, 63
3841, 6
3310, 7
8397, 2
5072, 5
2965, 15
2980, 10
3529, 2
2992, 8
2865, 21
3652, 5
8739, 1
3420, 4
2630, 92
4052, 2
3208, 15
3202, 3
2820, 7
3670, 3
2712, 15
3634, 7
3600, 6
3575, 1
3641, 7
3238, 7
4847, 1
3512, 15
4830, 3
3510, 7
3248, 8
2534, 38
7621, 2
2551, 265
4835, 5
2816, 9
3259, 14
3266, 21
3891, 12
3850, 13
8937, 1
4173, 4
3837, 14
3279, 6
2064, 181
7151, 1
3663, 12
2410, 53
7497, 8
3662, 8
3392, 13
4078, 1
3076, 6
4065, 4
2282, 123
2858, 41
3210, 9
3237, 47
8324, 3
2386, 30
3228, 5
3227, 8
3286, 3
3222, 19
3461, 17
2449, 42
2885, 8
3871, 17
4214, 4
3872, 6
2886, 19
3704, 4
3627, 7
2593, 43
4246, 2
4131, 10
3373, 1
3491, 35
2382, 70
2574, 14
4290, 1
3972, 2
3884, 7
3971, 11
3044, 6
8131, 2
3045, 12
8132, 10
3844, 12
3883, 27
3812, 1
4141, 1
3695, 13
3795, 35
3796, 5
3709, 9
4301, 26
3833, 6
8920, 1
3817, 6
3715, 5
4021, 6
4165, 20
2395, 26
2460, 72
3159, 15
3755, 19
2796, 13
3741, 5
3212, 15
3946, 58
3957, 3
3958, 13
3967, 3
3245, 5
3968, 1
3748, 3
3977, 1
3978, 3
3589, 3
3990, 7
2717, 11
7804, 2
4001, 2
4002, 21
2126, 59
7213, 1
2795, 24
2464, 87
3582, 22
3584, 31
2918, 21
2718, 7
7805, 15
2917, 5
2821, 9
3430, 10
3693, 5
3463, 6
2733, 282
3521, 3
3673, 7
3544, 11
3722, 8
3645, 3
3570, 1
3683, 2
4112, 7
9199, 49
3587, 4
3601, 15
8688, 1
3615, 3
3629, 15
4095, 2
2237, 45
3405, 6
2789, 8
2240, 52
3114, 32
3694, 16
2269, 177
2235, 100
4177, 4
9264, 1
3830, 25
2461, 44
12966, 1
2693, 33
2503, 427
7590, 1
3484, 19
4209, 2
3473, 6
3760, 11
2592, 34
4591, 1
2486, 25
2502, 53
2713, 14
4208, 5
3036, 6
3983, 67
2788, 15
3995, 9
2379, 35
2352, 48
2376, 465
4286, 36
3219, 4
4284, 2
2496, 30
2221, 268
3333, 18
3343, 5
3344, 3
4573, 3
2284, 118
4727, 35
3868, 24
2977, 15
3432, 2
2806, 8
2555, 26
3256, 9
8343, 1
2577, 13
7664, 1
3112, 8
3117, 7
4198, 16
3763, 33
2378, 76
3764, 5
3767, 20
3269, 38
2619, 37
3766, 5
2354, 35
3898, 19
3664, 17
8751, 14
3115, 5
3209, 10
2263, 321
4962, 1
2063, 157
2743, 13
2375, 326
2989, 6
3034, 7
3029, 19
8116, 1
2947, 6
8034, 2
2596, 10
3247, 9
3068, 24
4159, 3
2853, 48
3073, 29
2784, 33
2321, 144
2384, 77
2716, 5
2855, 25
2703, 11
3116, 6
2366, 33
2640, 2
4034, 3
4278, 3
5083, 8
4887, 1
3565, 11
2175, 199
2822, 31
3337, 28
3085, 6
3063, 60
2803, 5
2807, 31
2491, 66
2840, 7
2841, 6
2925, 18
2923, 22
2827, 14
13109, 1
2836, 18
3433, 2
4019, 5
2915, 4
2830, 5
2859, 34
3732, 3
2854, 42
2908, 12
2762, 9
4759, 2
2771, 7
3672, 7
2786, 15
4813, 25
5031, 1
2943, 7
3621, 5
8708, 1
3166, 22
4113, 6
3807, 4
4028, 1
3804, 3
3395, 2
3585, 2
3586, 1
4207, 5
3315, 12
3304, 8
3100, 5
3307, 7
3316, 2
2271, 42
4190, 1
3318, 11
3577, 49
5009, 7
3729, 7
2485, 11
3820, 10
4472, 2
3442, 3
3441, 3
3273, 30
3272, 28
3268, 22
4318, 4
3243, 18
2708, 17
12549, 1
2276, 36
7807, 1
2720, 19
2979, 15
3300, 2
3438, 2
2275, 33
3424, 15
3018, 4
2934, 9
4584, 62
4176, 8
3470, 7
3867, 29
3865, 30
4226, 7
4321, 10
3941, 11
4039, 3
4377, 71
4084, 1
4088, 34
4119, 3
3918, 5
4185, 5
2959, 3
4186, 4
2493, 50
2498, 23
4990, 3
4236, 7
3638, 2
4551, 4
4560, 17
3028, 16
3303, 7
4102, 1
3790, 30
4440, 11
4036, 2
4035, 3
4038, 15
4367, 1
3412, 2
4154, 2
4366, 1
4130, 3
3875, 3
3756, 9
5044, 9
4111, 1
3759, 11
3878, 15
5042, 10
4358, 1
3301, 3
3880, 51
4073, 8
3492, 10
5026, 14
5001, 6
5000, 5
4995, 10
5012, 7
4348, 1
4426, 6
2814, 6
2722, 18
4233, 2
2104, 53
3542, 1
2478, 33
3551, 4
3998, 3
3054, 6
3078, 4
5014, 1
2883, 3
2737, 16
3074, 25
4773, 13
5043, 1
4699, 3
3637, 8
2504, 62
2777, 21
2985, 25
3260, 6
3545, 5
3264, 8
4505, 4
4514, 3
3285, 6
4526, 3
3288, 5
3294, 6
3296, 21
2728, 33
3468, 9
3320, 13
3686, 8
8773, 1
3386, 2
4682, 1
3687, 6
3571, 11
4447, 36
3451, 2
8538, 2
4693, 1
3777, 1
8042, 1
3338, 5
3185, 31
3535, 19
2801, 48
3786, 4
3186, 40
2612, 22
3176, 11
2813, 12
4653, 2
4936, 1
3507, 16
3401, 24
3508, 66
3413, 3
3936, 12
5075, 1
2748, 11
2756, 118
3937, 5
4590, 3
3948, 8
3949, 1
4977, 1
3595, 37
3596, 4
2922, 16
4775, 2
3246, 42
2881, 5
3128, 12
3129, 43
3130, 43
3415, 2
3597, 7
3257, 3
4843, 1
3418, 4
3309, 5
3720, 17
3335, 11
3939, 3
3404, 5
2360, 15
2800, 8
4785, 1
2343, 35
5056, 2
4616, 2
4738, 11
3225, 5
3339, 26
4259, 4
2768, 10
3178, 15
4821, 3
4833, 7
4147, 4
4139, 2
4152, 1
4155, 4
2802, 9
2904, 8
2866, 56
4985, 1
3108, 24
3881, 6
3456, 5
3465, 4
2623, 27
2564, 28
7651, 2
4181, 3
2838, 8
3177, 2
2779, 19
3925, 3
3175, 12
3616, 39
8435, 2
2715, 12
3046, 4
8133, 22
3488, 12
5055, 22
3481, 22
5057, 36
5022, 3
5047, 1
4161, 5
4349, 2
8559, 2
3472, 2
4070, 1
4925, 1
3394, 4
4342, 10
3001, 14
3389, 3
3321, 12
2413, 150
5074, 3
3292, 6
2372, 27
2602, 2
3104, 5
3101, 5
3327, 2
3385, 7
3331, 4
4192, 1
8164, 1
3297, 53
3893, 5
3793, 1
3020, 4
4115, 7
4110, 4
3123, 25
3806, 24
4107, 3
9194, 3
4109, 2
3811, 27
3757, 1
3799, 1
8886, 2
3787, 8
3931, 4
3032, 11
3402, 4
2647, 14
3636, 3
8130, 28
3579, 6
3133, 21
2805, 11
3135, 2
3097, 12
2964, 19
2810, 6
2948, 2
2939, 24
3445, 5
3118, 48
4271, 8
3113, 14
4247, 4
4486, 1
2954, 6
3182, 3
8134, 1
4808, 5
8114, 21
3027, 2
3058, 7
2727, 12
3211, 8
3206, 4
4489, 6
3038, 13
4961, 1
2892, 6
2891, 22
3628, 28
3895, 4
3997, 4
3700, 6
3358, 1
4230, 6
3710, 11
4228, 2
3366, 2
2851, 9
3015, 3
2842, 19
3721, 9
4946, 12
3226, 1
2797, 6
2850, 3
3435, 34
3220, 6
2956, 2
3625, 17
2960, 2
3626, 47
3624, 4
4298, 3
4243, 5
2731, 34
4201, 9
3986, 2
3255, 2
3879, 17
2919, 4
3839, 15
3048, 1
3423, 11
3217, 5
3314, 13
4083, 2
3513, 3
2591, 8
7878, 1
2753, 22
7840, 1
3265, 7
3791, 18
2961, 30
4483, 5
4492, 11
4307, 19
3381, 23
3691, 15
3690, 8
3231, 6
3136, 6
3189, 4
2818, 8
2754, 8
8700, 1
3613, 14
3697, 14
3665, 19
2982, 4
3639, 4
3263, 15
2968, 6
3727, 1
2342, 20
2730, 5
3281, 41
4751, 5
2707, 17
3475, 37
8562, 1
4714, 1
4726, 1
4765, 40
4756, 5
8504, 2
4845, 2
3583, 4
3578, 5
2787, 24
2757, 63
3429, 4
3070, 5
3062, 13
4496, 4
3061, 10
3906, 6
4031, 3
5058, 2
5059, 4
3607, 3
2880, 4
3902, 3
3196, 2
3866, 16
4020, 8
9107, 24
8211, 1
4022, 1
3241, 26
3550, 2
4416, 1
3900, 3
3436, 15
3437, 1
2710, 24
3956, 14
2735, 19
2843, 4
4215, 12
4217, 5
3825, 2
9212, 1
8209, 2
4537, 1
4896, 1
4029, 5
2909, 1
3280, 6
3897, 6
9237, 2
3323, 22
4951, 9
4403, 1
3408, 3
3406, 7
3203, 4
3929, 1
3522, 8
4175, 2
2759, 164
4174, 1
4170, 4
9257, 3
4418, 2
2809, 15
4127, 2
4128, 5
4129, 5
3384, 1
3340, 3
3876, 2
3345, 2
3342, 2
3863, 32
3500, 6
3955, 4
3380, 4
3414, 5
4722, 1
3594, 4
3552, 4
2724, 8
3511, 6
3826, 3
3267, 15
3527, 15
3517, 11
3648, 6
3928, 15
4223, 3
2971, 8
4688, 4
4082, 17
3951, 2
3361, 2
3728, 1
3416, 6
3369, 7
3982, 3
4856, 1
3052, 4
3218, 4
4339, 4
3836, 13
9210, 1
9232, 2
3975, 7
9253, 1
3853, 17
8940, 1
3882, 4
2224, 38
4832, 6
4202, 26
4200, 3
4442, 6
9203, 4
3994, 21
4024, 3
4041, 1
4056, 2
4058, 2
3452, 2
8885, 5
3319, 6
3467, 7
3317, 4
4628, 12
4250, 1
4964, 1
4334, 1
4969, 1
4979, 2
4948, 3
4941, 7
4322, 11
4210, 4
3966, 3
2628, 26
3969, 1
8939, 3
4118, 6
9254, 5
4167, 5
3821, 1
3828, 7
9102, 23
8943, 1
8944, 1
8901, 1
4547, 1
4545, 1
4546, 2
5024, 1
5011, 7
3890, 6
4614, 13
3275, 17
4737, 1
4011, 4
4641, 14
4778, 1
4798, 6
3293, 4
2990, 8
9188, 2
4428, 3
2857, 11
4424, 2
4544, 1
5086, 1
4602, 1
4719, 1
2991, 9
4853, 8
4957, 1
3287, 7
4721, 1
4799, 6
3489, 4
4793, 1
4823, 1
4966, 1
4916, 1
4915, 1
